0.87 0.24 -0.09 -5.45 3.04 -2.16 2.00 0.55 -0.21 1.99 2.19 2.22 2.08
0.85 0.28 -0.14 -8.65 8.86 5.18 1.95 0.65 -0.33 1.97 2.14 2.24 2.05
0.88 0.37 -0.24 -7.21 9.13 8.90 2.05 0.84 -0.55 1.97 2.21 2.18 2.12
0.89 0.39 -0.25 3.23 1.63 7.60 2.05 0.90 -0.57 2.02 2.19 2.21 2.06
0.85 0.33 -0.24 9.90 -6.66 3.23 1.94 0.76 -0.56 2.01 2.15 2.24 2.04
0.88 0.31 -0.30 10.02 -8.86 3.05 2.02 0.71 -0.69 1.99 2.11 2.23 2.08
0.90 0.35 -0.40 5.19 -16.20 3.45 2.05 0.81 -0.92 1.95 2.23 2.15 2.09
0.84 0.47 -0.53 1.23 -29.65 4.27 1.95 1.07 -1.24 1.99 2.20 2.23 2.11
0.84 0.58 -0.64 -8.79 -34.26 0.60 1.92 1.33 -1.48 2.00 2.10 2.21 2.06
0.75 0.60 -0.78 -16.82 -37.87 2.07 1.72 1.39 -1.83 1.98 2.13 2.18 2.05
0.83 0.63 -0.99 -19.74 -32.22 9.23 2.09 1.52 -2.21 1.93 2.12 2.19 2.08
1.03 0.67 -1.09 -20.31 -51.97 14.29 2.36 1.53 -2.51 1.98 2.12 2.19 2.03
1.04 0.75 -1.12 -27.59 -83.70 7.39 2.23 1.55 -2.67 1.95 2.13 2.15 2.10
1.09 0.70 -1.07 -31.73 -107.31 -2.69 2.50 1.60 -2.45 1.95 2.11 2.21 2.08
0.96 0.72 -1.02 -33.95 -133.86 -16.14 2.21 1.86 -2.22 1.88 2.09 2.14 2.00
1.00 0.70 -0.88 -34.33 -140.18 -37.18 2.16 1.57 -2.04 1.86 2.08 2.21 2.04
0.95 0.73 -0.94 -27.91 -149.05 -43.68 2.18 1.66 -2.17 1.89 2.11 2.18 2.02
0.91 0.61 -0.83 -14.38 -133.46 -47.83 1.87 1.44 -1.88 1.80 2.05 2.17 1.93
0.79 0.55 -0.75 -21.57 -124.83 -53.11 1.81 1.25 -1.71 1.81 1.97 2.10 1.90
0.87 0.52 -0.72 10.65 -87.10 -44.80 2.13 1.16 -1.63 1.76 2.01 2.03 1.89
1.05 0.41 -0.69 31.46 -50.51 -32.67 2.41 0.94 -1.57 1.80 1.98 1.98 1.83
1.00 0.37 -0.57 46.44 -40.36 -16.58 2.29 0.84 -1.24 1.78 1.92 1.99 1.84
0.94 0.38 -0.51 86.31 -26.47 -5.17 2.08 0.85 -1.20 1.73 1.82 1.87 1.76
0.91 0.29 -0.19 74.75 -68.49 1.01 2.09 0.66 -0.43 1.77 1.80 1.90 1.69
0.75 0.48 -0.02 -14.95 -136.65 -16.63 1.54 1.24 -0.00 1.67 1.87 1.79 1.68
0.46 0.50 0.08 7.23 -95.01 -32.48 1.05 1.15 0.18 1.69 1.75 1.75 1.62
0.23 0.49 0.72 -35.28 -95.96 -30.90 0.54 1.13 1.66 1.66 1.68 1.73 1.58
0.28 0.54 0.89 -103.48 -87.30 -29.58 0.52 1.19 2.13 1.68 1.63 1.70 1.58
-0.05 0.33 1.00 -147.74 -136.72 -34.57 -0.11 0.77 2.29 1.65 1.60 1.66 1.56
0.04 0.19 0.97 -179.16 -181.81 -24.75 0.04 0.44 2.40 1.61 1.59 1.62 1.53
-0.12 0.06 1.28 -241.54 -262.22 -15.28 -0.28 0.14 2.94 1.65 1.56 1.60 1.55
-0.41 0.26 1.81 -286.72 -286.72 -7.47 -0.95 0.60 4.09 1.65 1.58 1.60 1.56
-0.45 0.22 2.00 -286.72 -286.72 -38.33 -0.93 0.49 4.59 1.61 1.55 1.54 1.53
-0.07 0.48 2.00 -286.72 -281.89 -32.14 -0.15 1.10 4.59 1.65 1.57 1.52 1.49
0.66 0.85 2.00 -286.72 -210.04 -15.57 1.60 2.04 4.59 1.65 1.53 1.55 1.55
1.18 0.95 2.00 -286.72 -159.00 -12.51 2.72 2.18 4.59 1.62 1.56 1.54 1.49
1.34 1.23 2.00 -286.72 -137.45 -7.04 3.01 2.98 4.59 1.61 1.53 1.51 1.50
0.31 0.54 1.92 -52.16 -258.05 -114.90 0.72 1.25 4.41 1.64 1.56 1.53 1.50
0.18 0.56 1.31 -28.25 -122.73 -51.20 0.35 1.37 2.90 1.62 1.52 1.56 1.51
0.24 0.56 0.63 17.78 -8.27 1.19 0.56 1.29 1.44 1.63 1.57 1.55 1.54
0.16 0.88 -0.06 56.57 -32.15 200.20 0.37 2.01 -0.15 1.61 1.53 1.58 1.49
0.27 0.47 -0.07 240.16 143.19 286.68 0.94 1.15 -0.05 1.59 1.58 1.51 1.50