start recording
-0.83 0.50 1.33 -185.84 -173.28 -30.91 -1.87 1.30 3.12 1.66 1.58 1.67 1.57
-0.85 0.78 1.08 -173.15 -112.56 -82.58 -1.95 1.79 2.48 1.64 1.54 1.63 1.54
-0.61 0.21 1.24 -142.31 -104.41 -119.55 -1.45 0.46 3.07 1.62 1.53 1.61 1.52
-0.45 -0.01 1.48 -82.61 -102.45 -112.52 -1.04 -0.03 3.40 1.61 1.52 1.54 1.52
-0.60 0.11 1.58 -92.24 -161.59 -124.62 -1.46 0.28 3.68 1.61 1.49 1.54 1.54
-0.86 -0.14 2.00 -151.78 -244.54 -128.97 -1.97 -0.32 4.59 1.59 1.54 1.50 1.55
-0.49 -0.06 2.00 -227.11 -115.40 -99.54 -1.12 -0.14 4.59 1.59 1.56 1.50 1.49
0.25 -0.30 2.00 -252.46 -14.22 -57.54 0.76 -0.70 4.59 1.61 1.48 1.49 1.50
0.47 -0.08 2.00 -265.31 46.80 -27.92 1.07 -0.19 4.59 1.58 1.56 1.47 1.54
0.54 0.00 1.78 -234.38 121.85 -30.77 1.23 0.01 3.98 1.60 1.48 1.55 1.47
0.84 -0.02 1.13 -187.19 62.87 -2.30 1.94 -0.04 2.59 1.65 1.48 1.55 1.46
0.69 0.42 0.73 -131.45 -65.00 57.61 1.46 0.94 1.55 1.57 1.54 1.49 1.50
0.46 0.73 0.25 -39.05 -126.46 118.94 1.08 1.64 0.60 1.56 1.56 1.50 1.51
0.44 0.78 -0.08 56.24 -100.40 138.13 1.02 1.78 -0.19 1.59 1.57 1.49 1.54
0.67 0.86 0.00 127.55 -24.71 135.90 1.65 1.89 0.04 1.56 1.52 1.56 1.49
0.73 0.81 0.42 209.67 56.09 105.37 1.67 1.86 0.97 1.60 1.52 1.53 1.48
0.51 0.70 0.67 246.49 88.24 43.38 1.12 1.48 1.52 1.63 1.54 1.54 1.53
0.63 0.37 0.93 104.26 84.30 17.98 1.44 0.85 2.14 1.57 1.56 1.49 1.49
0.57 0.36 0.94 110.94 86.54 -18.81 1.30 0.83 2.11 1.57 1.49 1.52 1.52
0.71 0.28 0.80 152.48 52.50 -45.66 1.62 0.54 1.95 1.56 1.51 1.54 1.55
0.75 0.15 0.71 157.16 32.55 -45.95 1.72 0.35 1.64 1.65 1.48 1.58 1.47
0.82 0.13 0.69 172.51 25.55 -31.30 1.83 0.45 1.62 1.67 1.50 1.50 1.56
0.68 0.26 0.54 160.63 -21.04 -3.04 1.57 0.60 1.24 1.60 1.55 1.48 1.56
0.69 0.28 0.71 125.64 -44.05 25.51 1.61 0.62 1.60 1.63 1.49 1.57 1.48
0.70 0.30 0.76 77.57 -9.69 35.62 1.61 0.61 1.72 1.60 1.50 1.50 1.49
0.70 0.31 0.72 28.10 11.43 32.82 1.61 0.72 1.64 1.67 1.50 1.48 1.54
0.68 0.32 0.63 -13.65 44.78 32.45 1.60 0.62 1.47 1.57 1.53 1.54 1.47
0.75 0.28 0.61 -74.61 57.49 29.84 1.72 0.64 1.40 1.63 1.56 1.49 1.52
0.75 0.29 0.65 -95.41 48.29 20.83 1.70 0.66 1.49 1.60 1.58 1.51 1.47
0.73 0.28 0.58 -98.08 35.18 11.54 1.68 0.65 1.32 1.58 1.52 1.49 1.51
0.78 0.30 0.61 -111.60 13.63 11.73 1.80 0.69 1.40 1.59 1.58 1.48 1.56
0.76 0.33 0.66 -113.66 -0.25 11.10 1.72 0.77 1.52 1.60 1.55 1.56 1.53
0.69 0.38 0.74 -113.96 -11.04 12.37 1.58 0.88 1.70 1.66 1.49 1.52 1.54
0.61 0.42 0.76 -88.20 0.80 9.27 1.41 0.99 1.74 1.66 1.48 1.57 1.48
0.69 0.39 0.75 -54.16 15.98 8.78 1.58 0.90 1.72 1.68 1.55 1.54 1.50
0.68 0.39 0.79 -43.44 12.09 6.65 1.57 0.90 1.81 1.58 1.53 1.58 1.48
0.64 0.41 0.74 -43.52 16.83 1.21 1.47 0.92 1.71 1.68 1.50 1.58 1.50
0.70 0.40 0.79 -39.18 23.65 -2.16 1.61 0.93 1.81 1.63 1.54 1.52 1.51
0.62 0.37 0.83 -30.20 36.37 -2.48 1.42 0.83 1.88 1.67 1.54 1.54 1.57
0.59 0.39 0.71 -16.49 52.07 3.54 1.35 0.90 1.64 1.69 1.55 1.51 1.49
0.67 0.41 0.65 -0.68 55.02 12.29 1.54 0.94 1.49 1.61 1.50 1.53 1.51
0.65 0.43 0.59 15.60 39.04 15.35 1.50 0.99 1.37 1.59 1.58 1.52 1.51
0.70 0.45 0.62 25.33 31.05 12.67 1.61 1.02 1.43 1.58 1.58 1.49 1.57
0.72 0.44 0.72 26.20 26.10 6.07 1.64 1.01 1.68 1.62 1.56 1.56 1.50
0.71 0.38 0.84 28.41 28.62 1.99 1.62 0.88 1.92 1.63 1.53 1.54 1.53
0.66 0.37 1.01 22.50 36.21 -0.33 1.52 0.86 2.35 1.66 1.50 1.57 1.47
0.47 0.39 1.09 25.02 58.89 -5.42 1.08 0.90 2.50 1.68 1.52 1.52 1.55
0.51 0.37 1.05 24.97 89.27 -6.65 1.16 0.86 2.41 1.65 1.57 1.59 1.55
0.61 0.32 0.88 20.34 116.61 -4.90 1.46 0.74 1.96 1.63 1.54 1.54 1.54
0.78 0.29 0.64 5.59 112.78 2.11 1.80 0.67 1.47 1.61 1.59 1.53 1.58
0.93 0.26 0.60 -15.02 84.18 7.66 2.14 0.60 1.39 1.63 1.52 1.59 1.50
1.07 0.31 0.60 -37.44 45.84 14.62 2.49 0.71 1.40 1.65 1.54 1.58 1.55
0.92 0.39 1.01 -80.51 -6.79 19.08 2.11 0.89 2.32 1.65 1.58 1.54 1.58
-0.23 0.64 1.38 -116.49 -53.22 -3.99 -0.91 1.52 3.29 1.62 1.59 1.57 1.53
-0.31 0.50 1.27 -39.80 64.96 -60.85 -0.72 1.14 2.91 1.65 1.54 1.61 1.55
0.40 0.36 1.24 -74.09 158.77 -64.50 1.02 0.75 2.67 1.68 1.57 1.56 1.51
0.75 0.41 0.65 -125.52 171.04 -48.43 1.81 0.96 1.43 1.59 1.62 1.60 1.62
0.92 0.34 0.59 -120.53 159.90 -19.80 2.11 0.78 1.34 1.66 1.55 1.71 1.59
0.98 0.46 0.43 -108.16 123.58 -3.04 2.28 1.08 0.99 1.63 1.65 1.78 1.60
0.87 0.54 0.42 -63.58 73.60 -4.99 2.00 1.23 0.96 1.68 1.64 1.84 1.63
0.69 0.49 0.64 -23.17 22.47 -19.93 1.48 1.08 1.38 1.66 1.76 1.84 1.74
0.28 0.42 0.42 -6.82 -22.53 -47.84 0.50 0.98 0.95 1.69 1.74 1.86 1.67
0.37 0.25 0.43 33.49 20.23 -67.52 0.85 0.57 0.98 1.71 1.74 1.91 1.74
0.73 0.09 0.43 38.07 80.63 -42.53 1.72 0.19 0.94 1.61 1.89 1.85 1.79
0.76 0.27 0.29 20.08 104.47 -6.42 1.74 0.61 0.66 1.64 1.93 2.00 1.81
0.75 0.39 0.28 24.59 132.53 14.22 1.73 0.93 0.63 1.65 1.91 2.05 1.78
0.83 0.50 0.10 61.52 123.14 -5.36 1.93 1.17 0.14 1.60 2.04 1.98 1.84
0.78 0.48 -0.25 117.01 77.98 -23.83 1.80 1.09 -0.57 1.70 2.05 2.00 1.83
0.83 0.21 -0.17 152.60 34.62 -33.87 1.92 0.41 -0.38 1.68 2.00 2.07 1.89
0.85 0.03 -0.10 133.40 21.71 -30.28 1.96 0.06 -0.22 1.70 1.97 2.08 1.91
0.87 0.06 -0.00 105.38 20.12 -22.50 2.00 0.18 0.00 1.68 2.08 2.11 1.90
0.78 0.39 0.15 62.90 39.80 -23.42 1.81 0.90 0.34 1.74 2.01 2.19 1.92
0.63 0.59 -0.07 39.96 58.49 -34.25 1.45 1.35 -0.16 1.67 2.09 2.11 1.97
0.96 0.36 -0.22 61.48 105.00 -27.54 2.25 0.88 -0.50 1.68 2.12 2.18 2.05
1.03 0.16 -0.26 71.54 84.67 -7.95 2.35 0.37 -0.59 1.70 2.14 2.18 2.04
1.03 0.10 -0.30 50.51 54.48 -3.74 2.29 0.19 -0.71 1.69 2.16 2.11 2.04
0.95 0.23 -0.07 20.74 30.26 3.33 2.17 0.52 -0.16 1.71 2.16 2.18 2.00
0.70 0.31 -0.01 1.92 28.06 -0.65 1.60 0.71 -0.10 1.72 2.16 2.15 2.00
0.72 0.47 -0.07 11.87 50.77 0.49 1.71 1.07 -0.03 1.73 2.09 2.20 2.10
0.82 0.49 0.08 24.76 60.66 -10.26 1.88 1.13 0.18 1.68 2.17 2.26 2.10
0.93 0.37 -0.06 57.16 60.08 -12.81 2.29 0.88 -0.05 1.76 2.10 2.29 2.00
1.04 0.28 -0.18 75.22 29.01 0.88 2.39 0.65 -0.42 1.78 2.23 2.25 2.04
1.08 0.27 -0.18 94.83 7.51 14.16 2.51 0.55 -0.52 1.79 2.19 2.18 2.06
0.97 0.35 -0.20 104.06 -21.54 18.47 2.24 0.74 -0.49 1.81 2.21 2.18 2.07
0.91 0.31 -0.08 97.31 -6.22 22.14 2.10 0.70 -0.17 1.75 2.15 2.27 2.03
0.87 0.32 0.06 85.58 -11.65 16.06 1.93 0.65 0.13 1.81 2.17 2.23 2.04
0.88 0.30 0.09 78.65 5.25 13.67 2.01 0.70 0.20 1.84 2.22 2.19 2.16
1.04 0.22 0.05 76.87 12.06 17.71 2.30 0.49 0.10 1.88 2.22 2.17 2.14
1.06 0.25 0.00 62.88 2.92 15.21 2.47 0.51 -0.00 1.85 2.20 2.24 2.04
1.12 0.29 0.02 44.83 -2.14 15.78 2.57 0.67 0.05 1.84 2.24 2.18 2.05
0.96 0.40 0.06 41.94 -13.40 12.27 2.26 0.84 0.21 1.88 2.27 2.17 2.08
0.96 0.39 0.13 40.41 -3.34 9.18 2.21 0.90 0.29 1.89 2.17 2.29 2.08
0.94 0.35 0.09 37.71 0.40 8.92 2.15 0.80 0.26 1.94 2.19 2.19 2.10
1.00 0.31 0.12 29.78 8.89 5.54 2.29 0.69 0.22 1.96 2.14 2.21 2.12
1.08 0.36 0.10 20.73 15.56 3.96 2.49 0.82 0.23 1.98 2.14 2.26 2.07
1.00 0.37 0.12 14.83 13.89 1.61 2.37 0.92 0.25 2.02 2.21 2.23 2.06
1.05 0.41 0.15 14.45 13.77 -0.76 2.41 0.94 0.35 1.95 2.24 2.14 2.11
1.02 0.38 0.14 11.46 16.96 0.74 2.35 0.88 0.32 1.95 2.21 2.25 2.02
1.06 0.39 0.13 6.31 18.52 -3.70 2.43 0.91 0.28 2.00 2.20 2.23 2.11
1.02 0.38 0.11 3.54 16.24 -6.27 2.35 0.87 0.26 2.03 2.21 2.24 2.04
1.00 0.35 0.13 -0.30 17.35 -10.13 2.28 0.79 0.28 2.01 2.14 2.24 2.04
0.92 0.28 0.14 -4.03 22.06 -10.01 2.11 0.65 0.32 2.03 2.21 2.17 2.06
0.97 0.26 0.10 -8.42 28.67 -6.89 2.22 0.59 0.24 2.06 2.12 2.17 2.14
1.05 0.33 0.05 -8.62 26.59 -3.18 2.41 0.76 0.11 2.00 2.22 2.23 2.12
0.98 0.39 0.09 -3.29 16.51 -4.03 2.26 0.90 0.20 2.05 2.21 2.16 2.03
0.95 0.30 0.13 0.04 14.63 -8.51 2.13 0.65 0.31 1.99 2.12 2.20 2.12
0.88 0.23 0.18 -5.01 15.43 -9.93 2.01 0.52 0.40 2.07 2.11 2.25 2.00
0.84 0.24 0.19 -7.24 21.87 -7.73 1.93 0.55 0.44 1.97 2.18 2.23 2.01
0.93 0.28 0.13 -5.07 27.51 -3.54 2.17 0.62 0.25 2.05 2.23 2.22 2.11
0.95 0.26 0.07 -0.61 19.75 -2.47 2.19 0.60 0.16 2.07 2.11 2.24 2.00
0.98 0.24 0.06 -1.01 13.92 -2.76 2.25 0.55 0.13 1.97 2.23 2.10 2.13
0.95 0.26 0.08 -3.05 8.14 -2.15 2.17 0.60 0.18 2.03 2.13 2.14 2.08
0.97 0.26 0.09 -4.66 6.61 -1.81 2.22 0.61 0.20 2.06 2.19 2.16 2.12
0.89 0.27 0.14 -4.93 3.47 -2.49 2.04 0.64 0.37 2.00 2.21 2.13 2.13
0.88 0.33 0.16 -5.04 10.08 -4.17 2.02 0.76 0.36 2.03 2.18 2.22 2.09
0.97 0.31 0.12 -1.01 11.92 -4.29 2.23 0.71 0.28 2.02 2.18 2.22 2.09
0.95 0.26 0.11 0.21 9.44 -3.79 2.20 0.55 0.23 1.99 2.23 2.14 2.13
0.99 0.28 0.08 -1.93 4.59 -4.07 2.28 0.64 0.19 1.95 2.20 2.19 2.01
0.92 0.28 0.11 -2.67 0.76 -5.07 2.17 0.60 0.26 2.00 2.14 2.19 2.03
0.97 0.23 0.08 -3.14 -1.54 -4.74 2.21 0.53 0.18 1.93 2.23 2.16 2.04
0.91 0.25 0.12 -9.30 -4.49 -5.33 2.09 0.57 0.27 1.96 2.18 2.16 2.04
0.86 0.28 0.15 -10.40 -2.22 -4.71 1.98 0.64 0.34 2.01 2.17 2.18 2.03
0.93 0.29 0.12 -6.06 1.33 -1.92 2.13 0.67 0.27 2.03 2.22 2.22 2.07
0.96 0.27 0.11 -3.25 -1.91 -3.04 2.20 0.63 0.25 1.97 2.21 2.23 2.11
0.93 0.26 0.13 -1.92 -4.33 -3.72 2.13 0.60 0.32 2.02 2.10 2.26 1.99
0.96 0.22 0.14 -3.13 -3.75 -2.66 2.20 0.50 0.33 1.96 2.16 2.20 2.01
0.96 0.26 0.14 -6.60 -5.61 -1.53 2.23 0.61 0.33 1.94 2.22 2.14 2.06
0.98 0.30 0.15 -7.51 -9.43 -2.76 2.25 0.69 0.36 2.03 2.14 2.13 2.09
0.93 0.32 0.19 -4.45 -12.00 -4.43 2.14 0.72 0.43 1.94 2.17 2.18 2.07
0.92 0.27 0.19 0.47 -9.05 -3.09 2.11 0.60 0.45 1.97 2.21 2.12 2.11
0.91 0.23 0.21 -3.04 -5.28 -2.50 2.10 0.54 0.48 1.94 2.19 2.21 2.00
0.90 0.26 0.23 -6.13 0.46 -2.00 2.06 0.59 0.53 1.97 2.12 2.15 2.05
0.91 0.26 0.26 -8.02 6.12 -0.34 2.08 0.61 0.58 2.01 2.18 2.21 2.08
1.00 0.28 0.20 -7.54 9.87 0.23 2.29 0.65 0.46 2.05 2.09 2.22 2.10
1.02 0.29 0.16 -4.43 4.20 -0.82 2.35 0.66 0.37 1.95 2.20 2.16 2.12
0.97 0.28 0.15 -1.20 -0.58 -3.23 2.22 0.64 0.34 1.99 2.18 2.13 2.01
0.95 0.24 0.13 1.97 -2.03 -3.45 2.18 0.56 0.29 1.97 2.18 2.23 2.07
0.90 0.20 0.14 -2.29 -1.60 -2.87 2.07 0.47 0.33 2.01 2.13 2.11 2.06
0.87 0.23 0.15 -9.20 3.60 -0.23 2.00 0.53 0.34 2.00 2.19 2.13 2.08
0.91 0.28 0.13 -10.71 7.91 1.72 2.08 0.64 0.30 1.96 2.18 2.24 2.08
0.94 0.30 0.11 -7.18 6.06 0.79 2.15 0.71 0.24 1.94 2.13 2.19 2.08
0.95 0.28 0.10 -0.33 0.95 -0.26 2.17 0.65 0.23 2.06 2.14 2.13 2.05
0.91 0.25 0.12 1.78 -2.28 -0.16 2.08 0.57 0.27 2.03 2.09 2.25 1.99
0.92 0.25 0.09 -1.79 -1.24 1.33 2.13 0.59 0.21 1.94 2.10 2.12 2.01
0.93 0.32 0.04 -5.21 -1.46 1.14 2.13 0.74 0.09 2.04 2.15 2.12 2.09
0.83 0.39 -0.03 -4.63 0.28 -0.69 1.89 0.91 -0.08 1.96 2.16 2.18 2.03
0.82 0.42 -0.17 -3.64 10.99 -2.90 1.88 0.97 -0.42 2.02 2.13 2.13 2.12
0.90 0.40 -0.32 -8.70 16.54 -6.09 2.06 0.91 -0.75 1.96 2.08 2.18 2.07
0.94 0.37 -0.43 -14.84 11.52 -6.92 2.17 0.88 -1.00 1.94 2.18 2.17 2.08
1.01 0.50 -0.59 -22.53 6.40 -6.69 2.33 1.14 -1.35 1.95 2.11 2.14 2.06
1.15 0.56 -0.73 -15.80 -13.90 -4.66 2.67 1.24 -1.67 1.93 2.10 2.23 2.04
1.14 0.58 -0.80 -5.50 -38.27 -5.63 2.66 1.29 -1.85 1.92 2.08 2.13 2.04
1.21 0.53 -0.81 4.61 -58.53 -1.98 2.78 1.22 -1.86 1.99 2.13 2.14 2.09
1.15 0.57 -0.87 5.25 -75.00 -0.15 2.75 1.36 -1.97 1.89 2.19 2.10 2.04
1.22 0.54 -0.86 13.88 -75.92 2.77 2.81 1.23 -1.98 1.87 2.12 2.19 1.96
1.22 0.57 -0.90 3.28 -84.98 5.84 2.83 1.42 -2.11 1.86 2.13 2.22 2.00
1.30 0.62 -0.96 -0.67 -91.11 11.95 2.95 1.28 -2.19 1.90 2.05 2.21 1.92
1.38 0.64 -0.99 -11.77 -100.06 15.78 3.17 1.47 -2.27 1.85 2.05 2.13 2.00
1.50 0.61 -0.97 -27.58 -109.51 18.99 3.48 1.53 -2.20 1.78 2.05 2.13 1.95
1.47 0.66 -0.87 -34.02 -117.23 18.93 3.38 1.52 -2.00 1.82 1.97 2.13 1.86
1.25 0.57 -0.71 -23.59 -112.33 15.72 2.91 1.26 -1.62 1.76 2.06 2.00 1.94
1.11 0.53 -0.55 10.29 -102.62 17.16 2.57 1.22 -1.27 1.84 1.90 2.07 1.80
0.88 0.50 -0.36 49.68 -96.94 3.89 2.01 1.15 -0.83 1.73 1.97 1.92 1.86
0.70 0.45 -0.21 91.18 -88.71 5.82 1.57 1.01 -0.34 1.72 1.93 1.87 1.83
0.47 0.17 0.08 40.10 -164.74 -0.25 1.07 0.40 0.18 1.79 1.82 1.89 1.71
0.08 0.21 0.31 -11.10 -187.00 -10.40 0.23 0.38 0.86 1.74 1.84 1.82 1.63
-0.17 0.14 0.40 -64.57 -201.05 -13.82 -0.38 0.33 0.93 1.74 1.79 1.81 1.65
-0.45 0.69 1.20 -106.12 -184.28 -0.88 -1.03 1.59 2.75 1.71 1.65 1.69 1.61
-0.92 0.40 2.00 -229.01 -201.30 -22.24 -2.35 0.96 4.59 1.66 1.58 1.67 1.55
-1.20 0.70 2.00 -261.71 -168.04 -90.55 -2.76 1.61 4.59 1.65 1.56 1.59 1.49
-0.94 0.09 2.00 -210.95 -143.28 -156.26 -2.20 0.17 4.59 1.61 1.53 1.56 1.51
-0.10 -0.23 2.00 -250.72 -197.60 -174.10 -0.24 -0.53 4.59 1.60 1.58 1.52 1.50
-0.12 -0.28 2.00 -286.72 -286.72 -191.81 -0.31 -0.90 4.59 1.59 1.52 1.54 1.57
0.35 0.06 2.00 -286.72 -248.64 -157.57 0.80 0.15 4.59 1.64 1.49 1.56 1.51
0.81 0.05 2.00 -286.72 -105.74 -122.92 1.87 0.05 4.59 1.61 1.50 1.55 1.51
0.64 0.37 2.00 -286.72 28.01 -52.39 1.15 0.55 4.59 1.60 1.52 1.55 1.49
0.43 -0.05 1.22 -177.08 -144.02 -43.20 0.99 -0.12 2.79 1.61 1.56 1.49 1.51
0.04 0.33 0.18 -161.35 -53.28 101.61 0.07 0.37 0.21 1.56 1.56 1.48 1.53
0.50 0.71 -0.01 -20.72 -63.86 187.06 1.16 1.63 -0.03 1.59 1.54 1.57 1.55
0.61 0.80 -0.24 118.81 -201.27 245.71 1.56 1.77 -0.73 1.60 1.56 1.50 1.55
0.70 1.26 -0.30 173.24 -96.09 239.66 1.59 2.90 -0.68 1.59 1.56 1.48 1.56
0.38 1.04 0.23 286.68 175.27 124.11 0.87 2.38 0.54 1.61 1.54 1.52 1.49
0.35 0.92 0.80 286.68 286.68 30.88 1.01 2.06 1.98 1.67 1.51 1.57 1.53
0.91 0.12 0.84 146.31 197.35 -29.97 2.08 0.27 1.93 1.59 1.58 1.47 1.57
0.74 0.08 0.86 159.21 99.61 -107.54 1.74 0.08 1.99 1.64 1.56 1.53 1.56
0.76 0.04 0.79 185.44 98.52 -95.37 1.74 0.10 1.82 1.62 1.50 1.56 1.51
0.75 0.06 0.79 264.63 68.92 -69.68 1.72 0.14 1.77 1.61 1.55 1.52 1.56
0.70 0.10 0.60 284.33 45.81 0.60 1.54 0.28 1.61 1.56 1.56 1.48 1.59
0.70 0.19 0.52 202.22 -28.67 55.66 1.60 0.44 1.19 1.61 1.50 1.56 1.50
0.84 0.26 0.70 98.06 -40.10 65.82 1.96 0.70 1.60 1.58 1.53 1.58 1.52
0.72 0.37 0.58 16.14 0.86 49.94 1.65 0.84 1.33 1.66 1.51 1.57 1.48
0.81 0.38 0.60 -55.46 21.46 43.14 2.08 0.90 1.45 1.60 1.50 1.50 1.56
0.81 0.26 0.73 -118.16 37.00 21.82 1.83 0.55 1.64 1.62 1.52 1.54 1.51
0.75 0.26 0.75 -164.63 33.49 8.01 1.72 0.60 1.72 1.59 1.52 1.53 1.54
0.87 0.22 0.73 -169.65 36.74 -10.48 2.03 0.68 1.68 1.60 1.52 1.52 1.51
0.79 0.18 0.61 -204.79 15.46 -27.19 1.81 0.41 1.39 1.62 1.50 1.53 1.53
0.76 0.28 0.56 -221.38 -1.37 -23.14 1.70 0.72 1.33 1.63 1.51 1.56 1.48
0.84 0.36 0.59 -201.77 -13.85 -13.65 1.93 0.81 1.31 1.65 1.55 1.52 1.58
0.86 0.42 0.64 -186.33 -28.83 2.11 1.97 0.96 1.46 1.60 1.55 1.56 1.50
0.71 0.50 0.69 -153.08 -25.21 25.51 1.60 1.15 1.59 1.62 1.55 1.52 1.52
0.64 0.47 0.63 -118.72 4.88 33.99 1.46 1.08 1.45 1.59 1.59 1.53 1.54
0.68 0.48 0.60 -82.09 21.65 34.61 1.59 1.08 1.39 1.63 1.53 1.56 1.53
0.60 0.38 0.59 -29.85 31.27 21.47 1.34 0.84 1.34 1.59 1.59 1.52 1.59
0.58 0.44 0.44 -11.02 26.42 14.96 1.34 1.00 1.02 1.63 1.50 1.58 1.49
0.65 0.53 0.49 27.92 23.03 15.33 1.50 1.21 1.13 1.65 1.53 1.57 1.58
0.66 0.53 0.50 96.66 16.20 12.33 1.51 1.22 1.15 1.63 1.51 1.57 1.50
0.69 0.45 0.62 122.24 25.13 -3.12 1.59 1.04 1.45 1.64 1.50 1.53 1.60
0.72 0.41 0.84 110.29 28.71 -28.01 1.68 0.94 1.90 1.59 1.56 1.58 1.59
0.63 0.39 0.87 105.66 26.17 -44.04 1.45 0.91 1.99 1.69 1.50 1.61 1.50
0.55 0.35 0.89 109.51 40.56 -49.67 1.27 0.75 2.05 1.65 1.52 1.55 1.57
0.57 0.09 0.84 119.40 62.97 -52.31 1.31 0.21 1.93 1.64 1.52 1.53 1.56
0.68 0.02 0.64 111.18 57.63 -37.22 1.59 0.06 1.42 1.67 1.56 1.61 1.58
0.79 0.04 0.51 92.55 29.90 -8.39 1.82 0.09 1.18 1.68 1.54 1.62 1.54
0.94 0.04 0.62 37.20 -12.37 17.91 2.15 0.09 1.42 1.59 1.63 1.59 1.58
0.77 0.14 0.83 -16.21 -70.55 33.38 1.78 0.29 2.02 1.61 1.60 1.67 1.53
0.72 0.33 1.14 -94.63 -106.30 19.31 1.64 0.76 2.62 1.69 1.59 1.68 1.56
0.04 0.55 1.21 -137.17 -137.92 -28.19 -0.06 1.34 2.79 1.71 1.59 1.71 1.58
-0.18 0.51 1.13 -88.93 -61.63 -96.83 -0.41 1.18 2.58 1.67 1.64 1.76 1.61
0.43 0.39 1.06 -82.48 4.07 -110.33 0.99 0.90 2.35 1.64 1.66 1.79 1.65
0.51 0.33 1.00 -92.50 40.83 -82.22 1.16 0.72 2.36 1.71 1.72 1.82 1.68
0.65 0.28 1.03 -104.18 78.50 -36.78 1.50 0.63 2.37 1.67 1.80 1.94 1.69
0.52 0.35 0.80 -96.71 84.32 -4.82 1.21 0.91 1.85 1.68 1.89 1.99 1.71
0.67 0.64 0.52 -35.72 86.99 -1.30 1.55 1.47 1.19 1.72 1.91 2.01 1.79
0.91 0.61 0.33 18.08 70.24 -16.82 2.08 1.41 0.65 1.69 1.99 2.02 1.80
0.89 0.29 0.22 81.38 30.42 -15.56 2.03 0.68 0.51 1.73 1.95 2.12 1.79
0.82 -0.00 0.36 106.02 12.28 4.98 1.88 -0.00 0.82 1.71 2.04 2.03 1.89
0.69 -0.05 0.46 82.22 3.58 30.00 1.71 -0.11 0.94 1.65 2.07 2.14 1.83
0.85 0.36 0.54 35.38 19.04 37.49 1.95 0.82 1.23 1.67 2.07 2.14 1.93
0.55 0.72 0.56 18.53 29.31 12.69 1.26 1.65 1.28 1.66 2.08 2.12 1.91
0.63 0.79 0.50 54.04 51.76 -14.88 1.36 1.86 1.17 1.68 2.05 2.10 1.92
0.82 0.53 0.50 92.41 62.97 -30.93 1.87 1.23 1.15 1.68 2.15 2.17 2.00
0.73 0.13 0.44 119.96 49.68 -29.86 1.71 0.31 1.06 1.78 2.09 2.09 1.98
0.84 -0.01 0.37 99.47 53.59 -6.74 1.93 -0.02 0.86 1.80 2.10 2.12 2.05
0.75 0.05 0.50 65.48 47.55 8.02 1.72 0.12 1.13 1.79 2.16 2.20 2.05
0.69 0.31 0.41 31.52 42.62 11.93 1.56 0.78 0.93 1.79 2.14 2.15 1.97
0.75 0.55 0.44 37.74 49.73 5.92 1.72 1.25 1.00 1.74 2.21 2.13 2.05
0.61 0.47 0.47 72.26 55.58 -2.34 1.42 1.03 1.01 1.74 2.19 2.14 2.07
0.80 0.35 0.41 93.76 59.21 0.81 1.83 0.81 0.95 1.84 2.13 2.15 2.07
0.77 0.15 0.45 82.98 53.37 2.67 1.76 0.28 0.87 1.79 2.22 2.17 2.04
0.78 0.05 0.37 59.69 55.24 12.77 1.94 0.32 0.76 1.86 2.14 2.14 2.02
0.81 0.21 0.35 42.68 57.38 20.90 1.86 0.47 0.81 1.82 2.13 2.17 2.07
0.85 0.31 0.24 27.59 62.32 22.46 1.92 0.57 0.50 1.83 2.18 2.21 2.07
0.95 0.44 0.22 23.05 66.72 24.13 2.17 1.00 0.50 1.88 2.16 2.20 2.06
0.88 0.52 0.21 24.53 55.76 8.24 2.16 1.35 0.33 1.83 2.13 2.16 2.03
1.00 0.50 0.20 43.06 56.31 5.85 2.19 1.16 0.54 1.84 2.26 2.16 2.14
0.99 0.24 0.17 58.80 52.18 8.29 2.27 0.55 0.40 1.86 2.19 2.24 2.02
0.98 0.34 0.15 55.81 54.34 10.27 2.30 0.66 0.31 1.86 2.23 2.23 2.02
0.93 0.20 0.07 45.65 57.70 17.70 2.14 0.45 0.15 1.88 2.18 2.26 2.01
1.09 0.32 -0.03 36.17 50.65 22.49 2.70 0.79 0.06 1.88 2.26 2.17 2.14
1.12 0.38 0.09 30.46 35.83 24.94 2.59 0.86 0.20 1.91 2.17 2.19 2.09
0.97 0.43 0.13 26.93 31.28 17.57 2.23 0.98 0.30 1.98 2.21 2.18 2.08
0.96 0.37 0.19 27.86 35.92 8.62 2.18 0.88 0.46 2.00 2.21 2.15 2.04
0.94 0.32 0.20 30.25 36.43 4.93 2.16 0.73 0.46 2.03 2.21 2.14 2.09
0.96 0.30 0.19 22.97 39.61 5.45 2.25 0.64 0.48 1.99 2.20 2.21 2.02
1.02 0.31 0.18 10.05 40.69 0.74 2.34 0.71 0.40 1.95 2.20 2.21 2.01
1.10 0.31 0.18 9.19 37.84 3.22 2.52 0.70 0.41 1.92 2.26 2.14 2.10
1.05 0.25 0.17 7.53 27.23 1.83 2.39 0.61 0.49 1.95 2.21 2.21 2.08
0.90 0.30 0.25 -3.05 23.48 -1.23 2.08 0.68 0.56 1.98 2.21 2.24 2.11
0.82 0.32 0.30 -11.10 33.83 1.50 1.76 0.61 0.72 1.96 2.23 2.14 2.11
0.76 0.16 0.30 -17.32 52.97 5.13 1.78 0.46 0.65 2.07 2.12 2.28 2.00
0.91 0.21 0.27 -23.42 67.95 7.44 2.09 0.48 0.63 1.98 2.23 2.14 2.11
1.02 0.26 0.21 -20.41 66.57 11.52 2.41 0.58 0.46 2.05 2.12 2.24 2.01
1.07 0.29 0.11 -10.38 50.81 10.19 2.47 0.67 0.25 1.99 2.12 2.21 2.08
0.98 0.25 0.13 -3.76 36.53 10.15 2.36 0.75 0.19 2.08 2.24 2.24 2.10
0.91 0.28 0.13 6.33 27.37 4.51 2.14 0.61 0.29 2.06 2.17 2.15 2.10
0.93 0.25 0.18 2.00 28.81 2.80 2.13 0.57 0.42 2.02 2.13 2.24 1.98
0.87 0.23 0.18 -4.96 32.20 1.37 1.97 0.52 0.42 1.99 2.14 2.19 2.09
0.91 0.26 0.17 -6.58 39.26 0.79 2.09 0.60 0.39 2.00 2.18 2.17 2.10
0.96 0.31 0.13 5.83 30.44 3.37 2.20 0.69 0.26 1.97 2.24 2.12 2.11
1.00 0.30 0.05 5.00 31.79 4.16 2.28 0.67 0.18 2.06 2.21 2.19 2.08
0.97 0.26 0.08 0.09 25.03 5.31 2.23 0.60 0.18 2.03 2.18 2.16 2.03
0.93 0.33 0.04 0.94 16.84 2.40 2.17 0.71 0.09 2.00 2.24 2.14 2.07
0.92 0.32 0.07 1.56 13.93 0.26 2.12 0.75 0.17 2.10 2.12 2.24 1.98
0.93 0.31 0.08 5.46 15.19 -0.26 2.13 0.72 0.18 2.00 2.14 2.19 2.06
1.00 0.32 0.13 1.62 17.30 -0.97 2.28 0.66 0.24 2.00 2.17 2.25 2.03
0.99 0.33 0.12 1.26 16.51 -1.71 2.26 0.77 0.27 2.10 2.19 2.12 2.03
0.98 0.31 0.14 3.85 12.37 -2.91 2.26 0.76 0.33 2.06 2.19 2.20 2.06
0.97 0.30 0.10 6.49 11.87 -3.12 2.25 0.69 0.24 2.07 2.21 2.21 2.07
0.97 0.26 0.10 6.39 7.73 -2.34 2.22 0.59 0.23 1.99 2.24 2.12 2.11
0.92 0.24 0.12 4.28 7.78 -4.45 2.10 0.55 0.27 2.07 2.18 2.21 2.06
0.96 0.26 0.10 -0.85 11.94 -2.18 2.19 0.61 0.22 2.01 2.15 2.18 2.06
0.95 0.27 0.10 -1.17 9.52 -1.63 2.18 0.63 0.23 2.00 2.25 2.12 2.10
0.95 0.30 0.09 -0.68 9.78 -1.23 2.19 0.68 0.20 2.01 2.23 2.13 2.10
0.99 0.30 0.09 0.49 4.06 -2.68 2.27 0.69 0.21 2.07 2.22 2.20 2.07
0.93 0.29 0.16 2.45 0.15 -2.99 2.06 0.67 0.37 1.98 2.23 2.10 2.12
0.92 0.26 0.16 2.85 3.15 -3.44 2.12 0.58 0.36 2.04 2.17 2.19 2.04
0.90 0.26 0.16 0.63 3.13 -1.48 2.07 0.60 0.36 1.99 2.14 2.18 2.05
0.90 0.29 0.15 0.43 5.19 -1.03 2.09 0.67 0.33 2.06 2.09 2.23 1.98
0.95 0.27 0.15 3.33 4.84 -1.89 2.18 0.62 0.33 2.07 2.11 2.17 2.09
0.94 0.25 0.16 2.73 2.65 -1.63 2.15 0.56 0.36 2.06 2.18 2.16 2.08
0.92 0.26 0.14 0.67 5.03 -0.81 2.13 0.60 0.32 1.98 2.23 2.18 2.04
0.99 0.27 0.11 -1.25 4.46 -0.67 2.27 0.63 0.26 2.06 2.15 2.11 2.04
0.90 0.30 0.17 -1.76 0.08 -1.94 2.05 0.68 0.41 2.07 2.10 2.24 1.99
0.88 0.30 0.17 -0.73 7.24 -3.30 2.03 0.69 0.36 2.06 2.19 2.19 2.07
0.95 0.29 0.13 -1.55 12.50 -3.96 2.19 0.66 0.29 2.02 2.20 2.12 2.07
0.91 0.30 0.12 -2.87 11.15 -5.96 2.08 0.70 0.28 2.05 2.23 2.14 2.00
0.89 0.31 0.09 -3.30 17.39 -6.98 2.03 0.70 0.22 2.07 2.15 2.11 2.00
0.95 0.28 0.04 -4.29 21.88 -6.67 2.18 0.65 0.08 1.97 2.17 2.25 1.97
0.94 0.30 -0.00 -6.54 19.57 -7.11 2.15 0.69 -0.01 2.03 2.15 2.12 2.06
0.91 0.28 -0.04 -9.09 20.85 -9.04 2.09 0.64 -0.10 2.01 2.19 2.10 2.10
0.95 0.30 -0.12 -16.22 23.34 -8.12 2.21 0.71 -0.30 1.99 2.13 2.12 1.98
0.99 0.35 -0.22 -21.96 24.25 -4.61 2.27 0.81 -0.53 2.03 2.07 2.25 2.00
0.97 0.40 -0.36 -30.74 25.73 0.09 2.24 0.91 -0.82 1.94 2.10 2.17 2.04
1.06 0.38 -0.53 -38.47 21.97 10.28 2.46 0.85 -1.26 1.99 2.17 2.18 2.01
1.12 0.37 -0.72 -44.81 6.12 22.32 2.58 0.84 -1.65 1.88 2.20 2.11 2.07
1.26 0.39 -0.90 -42.91 -13.45 32.32 2.88 0.92 -2.11 1.97 2.15 2.10 2.00
1.43 0.58 -1.08 -52.94 -47.78 33.62 3.28 1.34 -2.47 1.91 2.09 2.14 2.01
1.20 0.49 -0.92 -53.89 -74.93 37.24 2.74 1.41 -2.03 1.85 2.11 2.15 1.97
1.30 0.65 -0.98 -39.49 -102.79 24.59 2.87 1.31 -2.29 1.79 2.16 2.07 2.04
1.18 0.58 -0.88 -37.49 -114.29 9.84 2.71 1.34 -2.03 1.82 2.02 2.19 1.92
1.09 0.56 -0.75 -5.94 -134.48 14.52 2.41 1.29 -1.69 1.87 1.98 2.18 1.86
1.12 0.40 -0.58 11.28 -115.97 13.78 2.57 0.92 -1.33 1.78 2.02 2.10 1.86
1.09 0.19 -0.44 8.76 -124.31 6.78 2.47 0.41 -1.01 1.75 2.02 2.06 1.82
0.97 0.26 -0.29 -18.51 -119.49 9.41 2.19 0.46 -0.66 1.78 2.01 1.97 1.84
1.02 0.26 -0.15 -14.91 -115.42 9.35 2.33 0.60 -0.35 1.72 2.00 1.93 1.87
1.03 0.15 -0.18 -26.22 -127.48 9.06 2.29 0.42 -0.41 1.71 1.95 1.88 1.83
0.78 0.12 0.05 14.90 -73.59 40.56 1.79 0.27 0.11 1.72 1.91 1.87 1.71
0.84 0.42 0.28 6.40 -33.09 40.87 1.91 1.09 0.74 1.76 1.84 1.82 1.69
1.03 0.61 0.18 -104.50 -34.73 29.20 2.38 1.39 0.42 1.68 1.76 1.86 1.71
0.64 0.75 0.26 -15.45 38.39 22.56 1.47 1.73 0.59 1.66 1.76 1.73 1.69
0.46 0.57 0.50 -51.13 42.21 12.38 0.96 1.21 1.12 1.65 1.63 1.79 1.59
0.58 0.40 0.68 2.92 85.36 30.22 1.33 0.91 1.55 1.71 1.60 1.73 1.55
0.62 0.46 0.42 -59.72 -10.13 24.75 1.17 1.07 1.04 1.63 1.60 1.70 1.53
0.64 0.49 0.10 -4.84 -91.41 23.14 1.48 1.13 0.23 1.60 1.62 1.61 1.58
0.33 0.53 0.23 -5.45 -132.18 50.15 0.76 1.22 0.53 1.61 1.53 1.62 1.57
-0.11 0.29 0.86 -37.26 -196.32 45.81 -0.29 0.69 2.08 1.60 1.60 1.53 1.59
-0.43 0.55 1.14 -83.73 -262.69 25.70 -0.98 1.26 2.61 1.61 1.52 1.55 1.54
-0.78 0.49 1.96 -72.77 -257.39 -42.23 -1.63 0.97 4.55 1.58 1.56 1.52 1.58
-0.47 0.27 2.00 -124.75 -275.21 -95.31 -1.09 0.62 4.59 1.58 1.54 1.55 1.49
0.09 0.28 2.00 -155.13 -228.55 -135.34 0.26 0.59 4.59 1.58 1.54 1.58 1.49
0.83 0.06 2.00 -218.29 -178.74 -129.34 1.90 0.14 4.59 1.63 1.55 1.56 1.56
1.14 0.07 2.00 -260.13 -110.03 -101.11 2.61 0.17 4.59 1.60 1.51 1.52 1.55
0.85 0.10 2.00 -280.80 -41.01 -63.10 1.92 0.22 4.59 1.62 1.49 1.52 1.55
0.42 0.05 1.54 -251.66 18.86 -25.31 0.97 0.12 3.54 1.63 1.50 1.52 1.54
0.67 0.19 0.91 -61.74 38.36 53.09 1.15 0.36 1.94 1.59 1.57 1.52 1.56
0.33 0.25 -0.10 -142.52 -34.82 124.43 0.76 0.57 -0.22 1.66 1.51 1.52 1.59
0.27 0.66 -0.44 -76.44 54.08 139.16 0.63 1.56 -1.04 1.62 1.51 1.56 1.55
0.60 0.93 -0.29 7.32 53.87 120.09 1.45 2.27 -0.64 1.57 1.57 1.57 1.52
0.74 1.07 0.24 116.22 56.40 83.06 1.70 2.45 0.54 1.60 1.55 1.50 1.52
0.63 0.96 0.53 208.83 14.60 4.53 1.59 2.23 1.46 1.58 1.54 1.55 1.50
0.59 0.63 0.68 284.24 84.08 -34.67 1.36 1.45 1.55 1.67 1.51 1.58 1.51
0.71 0.34 0.78 195.63 61.88 -59.99 1.60 0.59 1.59 1.62 1.57 1.51 1.58
0.72 0.19 0.63 172.95 33.28 -65.66 1.72 0.43 1.45 1.57 1.53 1.57 1.49
0.75 0.15 0.61 175.09 20.40 -56.80 1.71 0.35 1.40 1.63 1.54 1.54 1.54
0.75 0.12 0.48 188.02 -0.93 -44.07 1.65 0.25 1.11 1.68 1.52 1.59 1.54
0.65 0.18 0.52 187.51 -9.74 -11.86 1.49 0.40 1.20 1.56 1.58 1.52 1.59
0.84 0.39 0.64 180.42 -23.47 8.15 1.87 0.86 1.35 1.63 1.55 1.51 1.55
0.66 0.37 0.49 131.51 7.18 12.89 1.51 0.85 1.12 1.69 1.50 1.59 1.50
0.75 0.40 0.46 57.29 0.77 14.39 1.73 0.92 1.06 1.61 1.55 1.58 1.52
0.74 0.42 0.56 -12.27 5.07 8.78 1.69 0.93 1.27 1.65 1.55 1.55 1.58
0.74 0.37 0.53 -73.69 22.36 12.28 1.69 0.85 1.21 1.58 1.52 1.56 1.56
0.79 0.39 0.56 -108.56 28.30 15.41 1.77 0.88 1.28 1.62 1.58 1.58 1.50
0.78 0.36 0.49 -122.88 28.52 14.03 1.81 0.83 1.13 1.66 1.52 1.58 1.50
0.77 0.34 0.50 -149.28 14.03 13.06 1.76 0.78 1.16 1.65 1.55 1.57 1.58
0.75 0.35 0.51 -162.80 1.89 16.81 1.70 0.86 1.24 1.58 1.57 1.52 1.58
0.78 0.38 0.58 -148.29 -1.80 19.08 1.78 0.88 1.33 1.59 1.54 1.59 1.52
0.77 0.42 0.53 -150.74 -10.81 21.23 1.83 0.95 1.20 1.59 1.56 1.56 1.52
0.80 0.51 0.55 -155.42 -30.02 23.34 1.85 1.16 1.26 1.63 1.51 1.59 1.51
0.67 0.54 0.67 -126.81 -30.63 19.56 1.53 1.25 1.53 1.59 1.55 1.55 1.51
0.57 0.60 0.55 -72.00 -7.31 15.35 1.39 1.32 1.21 1.64 1.58 1.58 1.52
0.69 0.50 0.52 -46.51 3.38 8.96 1.59 1.16 1.18 1.64 1.59 1.54 1.50
0.65 0.50 0.52 -5.52 7.19 3.68 1.49 1.15 1.19 1.64 1.56 1.56 1.55
0.69 0.49 0.52 23.97 12.80 -2.63 1.58 1.12 1.19 1.67 1.53 1.54 1.61
0.76 0.53 0.62 32.79 13.19 -6.47 1.75 1.21 1.41 1.65 1.56 1.60 1.56
0.70 0.57 0.71 48.25 9.35 -17.19 1.60 1.33 1.68 1.62 1.56 1.54 1.58
0.66 0.53 0.83 69.02 9.94 -31.43 1.52 1.22 1.90 1.59 1.56 1.52 1.54
0.55 0.43 0.82 94.88 7.16 -44.82 1.23 0.96 1.90 1.65 1.59 1.54 1.51
0.49 0.23 0.71 122.82 17.60 -47.63 1.12 0.54 1.62 1.66 1.52 1.55 1.52
0.62 0.18 0.74 116.76 41.33 -30.37 1.42 0.42 1.70 1.62 1.59 1.60 1.51
0.63 0.16 0.67 65.73 42.03 1.23 1.46 0.40 1.53 1.65 1.56 1.59 1.52
0.65 0.36 0.77 7.60 36.10 21.67 1.49 0.83 1.76 1.71 1.56 1.62 1.58
0.59 0.57 1.04 -45.07 25.62 16.69 1.25 1.35 2.42 1.62 1.54 1.61 1.52
0.43 0.74 0.82 -24.28 23.29 -14.72 1.00 1.69 1.87 1.61 1.63 1.63 1.57
0.58 0.74 1.01 2.53 24.49 -33.95 1.46 1.68 2.26 1.61 1.58 1.78 1.53
0.49 0.61 0.83 -5.01 21.76 -55.90 1.02 1.33 1.90 1.62 1.65 1.71 1.56
0.42 0.42 0.86 -12.85 20.65 -52.52 0.97 0.96 1.98 1.66 1.63 1.75 1.61
0.43 0.30 0.91 -38.47 27.93 -40.47 1.03 0.63 2.12 1.62 1.66 1.84 1.65
0.39 0.33 0.86 -53.22 54.66 -32.79 0.89 0.76 1.98 1.67 1.70 1.86 1.67
0.63 0.33 0.78 -44.98 103.00 -25.32 1.52 0.77 1.75 1.65 1.77 1.93 1.67
0.77 0.39 0.52 -46.58 103.59 -27.70 1.75 0.91 1.18 1.62 1.86 1.96 1.72
0.91 0.34 0.40 -34.59 84.60 -20.88 2.09 0.77 0.91 1.67 1.95 2.05 1.73
0.97 0.37 0.40 -27.37 57.34 -10.28 2.27 0.89 0.98 1.73 1.95 2.00 1.84
0.64 0.41 0.48 -8.87 15.85 -10.13 1.46 0.93 1.11 1.63 1.99 2.06 1.84
0.53 0.58 0.46 7.91 19.92 -31.75 1.23 1.26 1.02 1.72 1.97 2.03 1.85
0.69 0.53 0.51 21.72 49.20 -53.39 1.58 1.20 1.17 1.68 2.06 2.03 1.96
0.82 0.33 0.40 39.19 61.01 -54.31 1.87 0.76 0.91 1.64 2.11 2.13 1.86
0.93 0.23 0.36 59.77 58.85 -39.75 2.08 0.55 0.79 1.65 2.16 2.10 1.99
0.81 0.10 0.18 94.59 46.56 -17.89 1.85 0.23 0.42 1.72 2.09 2.18 1.97
0.88 0.12 0.11 85.96 52.31 -0.50 1.96 0.29 0.27 1.76 2.06 2.24 1.93
0.79 0.26 0.19 64.34 61.64 10.14 1.82 0.60 0.44 1.75 2.09 2.14 1.99
0.87 0.41 0.05 47.80 65.62 2.13 1.99 0.95 0.12 1.67 2.18 2.15 1.98
0.91 0.53 0.19 38.06 67.65 -15.29 1.95 1.24 0.39 1.77 2.09 2.25 1.96
0.91 0.49 0.12 44.19 68.36 -37.96 2.08 1.12 0.28 1.77 2.20 2.17 2.08
1.02 0.25 0.05 59.77 63.99 -24.84 2.28 0.42 0.10 1.81 2.12 2.23 2.06
1.10 0.15 0.09 47.66 36.30 -16.11 2.52 0.35 0.22 1.82 2.14 2.27 1.99
1.01 0.22 -0.01 37.49 18.54 -7.44 2.32 0.52 0.09 1.75 2.11 2.25 2.10
0.93 0.32 0.06 35.65 10.08 -0.98 2.27 0.83 0.18 1.75 2.19 2.23 2.06
0.81 0.35 0.19 48.34 13.57 -8.58 1.85 0.80 0.43 1.72 2.26 2.19 2.12
0.96 0.34 0.08 72.98 19.67 -8.28 2.22 0.82 0.34 1.79 2.20 2.19 2.08
0.91 0.29 0.15 81.45 1.92 -4.82 2.09 0.66 0.34 1.81 2.14 2.24 2.11
1.00 0.29 0.07 73.55 -10.31 -0.79 2.29 0.67 0.16 1.81 2.14 2.30 2.04
0.87 0.22 0.01 64.17 -20.09 7.10 2.14 0.52 0.01 1.79 2.23 2.27 2.01
0.95 0.28 0.07 45.25 -6.59 8.75 2.19 0.64 0.15 1.82 2.18 2.23 2.09
0.90 0.30 0.18 33.10 -0.81 7.05 2.04 0.65 0.44 1.78 2.20 2.30 2.02
0.83 0.32 0.16 28.80 12.67 1.29 1.75 0.73 0.37 1.88 2.13 2.31 2.03
0.83 0.32 0.19 32.48 26.99 1.73 1.89 0.73 0.43 1.88 2.20 2.18 2.08
0.82 0.26 0.18 40.10 23.70 1.50 2.00 0.63 0.30 1.94 2.13 2.22 2.06
0.96 0.20 0.19 42.69 32.36 7.75 2.21 0.45 0.44 1.89 2.24 2.18 2.16
1.03 0.20 0.15 30.48 29.94 10.72 2.35 0.46 0.33 1.94 2.21 2.18 2.01
0.98 0.27 0.19 24.18 19.96 14.59 2.25 0.59 0.44 1.91 2.13 2.24 2.10
0.86 0.30 0.22 22.77 22.01 14.80 1.98 0.70 0.51 2.01 2.13 2.29 2.03
0.87 0.31 0.22 24.75 29.70 12.37 2.11 0.82 0.47 1.91 2.21 2.26 2.02
1.02 0.32 0.18 22.57 32.14 7.61 2.33 0.73 0.42 1.91 2.24 2.18 2.12
1.01 0.27 0.20 18.19 28.57 6.51 2.30 0.63 0.42 2.02 2.16 2.21 2.04
1.01 0.22 0.23 14.04 22.43 4.36 2.31 0.50 0.53 2.02 2.15 2.27 2.03
0.95 0.25 0.26 9.84 22.51 4.31 2.18 0.58 0.60 1.98 2.21 2.21 2.08
0.95 0.21 0.30 8.32 19.68 3.72 2.19 0.48 0.69 1.92 2.24 2.14 2.11
0.94 0.24 0.28 6.57 24.10 2.00 2.16 0.54 0.64 1.93 2.24 2.19 2.06
0.85 0.29 0.25 5.77 26.42 5.07 2.02 0.76 0.57 1.99 2.15 2.23 2.04
0.90 0.33 0.18 3.60 40.23 3.72 2.10 0.75 0.47 2.01 2.12 2.25 2.01
0.99 0.32 0.13 6.92 41.78 3.16 2.26 0.73 0.31 2.04 2.14 2.26 2.02
0.97 0.37 0.13 7.35 38.46 3.38 2.26 0.82 0.31 2.02 2.19 2.21 2.07
1.06 0.30 0.15 11.16 36.01 0.55 2.42 0.69 0.34 1.97 2.15 2.23 2.03
0.96 0.30 0.19 8.65 31.41 0.81 2.21 0.70 0.44 2.00 2.13 2.19 2.10
0.98 0.30 0.17 10.16 31.56 2.41 2.28 0.70 0.39 1.95 2.19 2.22 2.05
0.93 0.32 0.16 10.81 25.85 1.53 2.13 0.73 0.36 2.02 2.23 2.21 2.02
0.90 0.31 0.12 7.49 31.24 0.57 2.11 0.79 0.33 1.97 2.17 2.20 2.07
0.96 0.33 0.11 5.28 34.54 0.81 2.21 0.76 0.24 2.05 2.12 2.18 2.05
1.01 0.34 0.12 6.39 35.44 -0.07 2.31 0.77 0.28 1.99 2.10 2.25 2.04
1.05 0.29 0.13 3.82 27.30 -1.15 2.37 0.65 0.30 1.96 2.18 2.23 2.00
0.92 0.28 0.14 4.60 18.98 0.06 2.11 0.64 0.33 1.98 2.19 2.25 2.03
0.97 0.29 0.19 0.29 23.77 -0.65 2.22 0.62 0.41 2.01 2.19 2.20 2.06
0.94 0.31 0.16 -3.06 26.35 0.06 2.14 0.72 0.38 2.01 2.11 2.29 2.00
0.94 0.31 0.13 -2.11 27.21 -0.98 2.15 0.72 0.31 2.02 2.10 2.26 2.01
0.91 0.32 0.11 1.40 26.22 -0.15 2.08 0.74 0.26 2.02 2.12 2.19 2.06
0.97 0.31 0.09 2.22 30.20 -2.22 2.23 0.72 0.20 2.03 2.20 2.16 2.03
0.98 0.30 0.08 4.20 24.66 -1.54 2.25 0.65 0.17 1.93 2.25 2.12 2.12
0.98 0.25 0.07 1.64 21.74 -0.55 2.28 0.56 0.15 2.00 2.21 2.21 2.07
0.97 0.26 0.06 -2.96 15.58 -0.36 2.22 0.59 0.14 2.06 2.10 2.24 2.00
0.95 0.34 0.08 -2.44 11.73 -2.74 2.18 0.77 0.17 2.04 2.10 2.27 1.99
0.89 0.32 0.12 3.36 11.44 -3.73 2.04 0.73 0.29 1.96 2.19 2.20 2.09
0.87 0.28 0.12 7.63 14.24 -2.16 2.00 0.64 0.28 1.97 2.24 2.11 2.11
0.93 0.26 0.08 5.88 18.68 -1.35 2.15 0.59 0.17 1.95 2.22 2.16 2.03
0.92 0.29 0.05 2.83 19.03 -0.04 2.12 0.66 0.11 2.02 2.10 2.22 2.04
0.98 0.29 -0.00 0.02 18.16 -0.80 2.27 0.66 -0.01 2.02 2.19 2.20 2.07
1.00 0.28 -0.00 -1.39 8.37 -0.38 2.29 0.64 -0.00 1.93 2.21 2.13 2.05
0.92 0.29 0.02 -3.35 3.88 -0.72 2.12 0.66 0.06 1.97 2.20 2.11 2.11
0.91 0.33 0.04 -7.97 6.89 -3.20 2.06 0.76 0.09 2.01 2.19 2.14 2.07
0.87 0.32 0.04 -5.22 10.31 -3.84 1.98 0.74 0.10 2.01 2.19 2.21 2.08
0.94 0.28 -0.00 -6.97 16.54 -5.22 2.15 0.64 -0.01 2.04 2.09 2.24 2.03
1.03 0.29 -0.02 -10.41 7.83 -2.69 2.36 0.68 -0.06 1.94 2.12 2.18 2.06
0.97 0.36 -0.00 -8.30 -2.60 -3.28 2.22 0.83 -0.01 1.97 2.11 2.13 2.03
0.96 0.32 -0.01 -1.72 -5.86 -3.76 2.22 0.72 -0.02 1.91 2.25 2.13 2.10
0.94 0.28 -0.02 -2.83 -6.95 -4.72 2.14 0.64 -0.05 1.99 2.18 2.16 2.01
0.91 0.28 -0.06 -7.50 -3.29 -3.97 2.10 0.65 -0.13 1.97 2.18 2.16 2.11
0.89 0.32 -0.11 -15.19 3.97 -1.60 2.07 0.74 -0.25 1.91 2.23 2.13 2.12
0.92 0.37 -0.19 -24.68 18.41 -1.80 2.12 0.86 -0.43 1.95 2.14 2.18 2.04
1.01 0.39 -0.33 -26.77 28.29 -0.91 2.31 0.89 -0.75 1.97 2.17 2.14 2.07
1.15 0.38 -0.50 -27.60 24.07 6.85 2.68 0.86 -1.14 1.89 2.18 2.18 2.06
1.28 0.40 -0.61 -26.08 -4.52 12.93 2.93 0.93 -1.41 1.94 2.17 2.13 2.09
1.16 0.46 -0.68 -18.10 -36.00 13.39 2.69 1.11 -1.50 1.95 2.18 2.12 2.03
1.17 0.51 -0.65 -6.12 -57.15 15.72 2.68 1.18 -1.48 1.86 2.17 2.23 2.07
1.08 0.52 -0.58 7.52 -69.73 13.92 2.48 1.19 -1.31 1.83 2.15 2.23 2.07
1.08 0.58 -0.64 9.14 -60.82 4.49 2.51 1.15 -1.32 1.85 2.13 2.15 2.06
1.08 0.49 -0.61 12.03 -62.03 9.57 2.47 1.12 -1.39 1.86 2.11 2.16 2.01
1.22 0.34 -0.62 4.30 -69.21 18.51 2.72 0.76 -1.54 1.79 2.13 2.22 1.98
1.39 0.37 -0.78 -27.18 -73.81 24.29 3.20 0.85 -1.80 1.87 2.08 2.12 2.05
1.18 0.50 -0.66 -24.54 -106.69 27.56 2.77 1.12 -1.51 1.78 2.10 2.12 1.95
1.15 0.50 -0.58 -16.27 -106.72 20.41 2.66 1.13 -1.32 1.82 2.07 2.12 1.92
0.98 0.55 -0.42 -13.31 -107.31 3.89 2.25 1.27 -0.97 1.77 2.09 2.05 1.98
0.91 0.48 -0.35 3.07 -91.74 -15.32 2.14 1.12 -0.77 1.77 2.04 2.07 1.93
0.85 0.44 -0.24 14.24 -78.55 -20.47 1.94 1.00 -0.54 1.85 1.95 2.10 1.83
0.88 0.39 -0.17 10.47 -77.63 -15.02 2.08 0.79 -0.42 1.77 1.97 1.99 1.84
0.85 0.28 -0.13 24.70 -79.33 9.22 2.03 0.63 -0.29 1.82 1.90 2.04 1.75
0.80 0.27 -0.11 44.40 -69.83 29.60 1.83 0.62 -0.26 1.79 1.87 1.97 1.71
0.73 0.36 -0.20 83.86 -57.52 60.53 1.66 0.89 -0.43 1.72 1.86 1.87 1.67
0.65 0.45 -0.05 97.58 -46.78 78.23 1.50 1.02 -0.12 1.69 1.81 1.89 1.66
0.55 0.21 0.40 69.43 -17.35 72.00 1.39 0.36 0.88 1.71 1.82 1.85 1.59
0.52 0.29 0.25 -86.50 -118.24 43.36 1.22 0.67 0.58 1.68 1.75 1.78 1.56
0.01 0.71 0.63 -124.12 -148.97 22.16 0.03 1.63 1.44 1.68 1.62 1.69 1.64
-0.05 0.91 1.00 -117.79 -61.16 33.55 -0.19 2.07 2.42 1.69 1.63 1.64 1.56
-0.48 0.91 1.78 -170.84 -40.80 -18.51 -1.10 2.10 4.08 1.68 1.54 1.65 1.52
-0.19 0.46 1.54 -164.28 -81.52 -35.24 -0.34 0.94 3.74 1.63 1.53 1.56 1.59
0.10 0.01 1.83 -143.57 -177.98 -49.96 0.23 0.03 4.19 1.61 1.51 1.54 1.55
-0.16 0.13 2.00 -215.12 -286.36 -61.78 -0.50 0.25 4.59 1.59 1.53 1.59 1.50
-0.13 0.32 2.00 -286.72 -277.75 -53.57 -0.03 0.74 4.59 1.60 1.56 1.50 1.60
0.71 0.57 2.00 -286.72 -214.44 -57.48 1.63 1.31 4.59 1.63 1.57 1.50 1.54
1.13 0.58 2.00 -286.72 -134.11 -69.32 2.59 1.32 4.59 1.63 1.54 1.53 1.53
0.84 0.13 2.00 -286.72 -84.34 -75.78 1.94 0.29 4.59 1.66 1.53 1.50 1.60
0.74 -0.14 1.82 -125.88 -284.62 -83.86 1.52 0.06 4.07 1.56 1.52 1.55 1.49
0.15 0.10 0.84 -135.44 -153.75 8.58 0.35 0.23 1.93 1.64 1.54 1.49 1.56
0.29 -0.04 0.30 -105.20 72.68 49.99 0.57 -0.08 0.54 1.58 1.56 1.52 1.54
0.10 0.53 -0.12 -31.74 89.14 150.26 0.41 1.52 0.05 1.63 1.50 1.55 1.58
0.47 0.77 -0.38 149.13 77.17 165.32 1.08 1.77 -0.87 1.64 1.55 1.56 1.56
0.61 0.86 -0.35 286.68 193.90 132.39 1.38 1.81 -0.83 1.62 1.55 1.55 1.58
0.71 0.64 0.41 286.68 275.58 35.61 1.62 1.47 0.95 1.60 1.52 1.55 1.60
0.71 0.64 0.58 196.92 67.27 -41.52 1.61 1.54 1.33 1.60 1.55 1.56 1.54
0.71 0.45 0.75 218.23 53.60 -117.49 1.62 1.02 1.72 1.63 1.54 1.50 1.50
0.70 0.26 0.87 232.58 43.89 -134.72 1.60 0.64 2.00 1.60 1.52 1.57 1.50
0.71 0.25 0.77 284.52 46.65 -122.76 1.62 0.59 1.76 1.58 1.51 1.59 1.52
0.69 0.16 0.48 285.20 2.48 -67.55 1.59 0.37 1.10 1.57 1.51 1.51 1.51
0.65 0.03 0.29 251.20 -60.48 -10.29 1.58 0.16 0.77 1.62 1.50 1.57 1.49
0.67 0.16 0.25 141.53 -96.54 48.94 1.55 0.37 0.57 1.62 1.58 1.51 1.55
0.68 0.19 0.34 36.61 -51.12 68.37 1.51 0.39 0.82 1.61 1.54 1.55 1.58
0.63 0.31 0.49 -78.94 -7.07 82.19 1.52 0.70 1.14 1.59 1.58 1.52 1.54
0.68 0.48 0.59 -122.25 30.93 75.58 1.57 1.09 1.35 1.64 1.55 1.54 1.52
0.79 0.43 0.60 -168.83 41.52 44.22 1.81 0.99 1.39 1.68 1.55 1.51 1.62
0.82 0.48 0.69 -184.42 43.59 14.03 1.89 1.10 1.58 1.66 1.52 1.51 1.58
0.85 0.45 0.62 -180.35 31.95 -15.48 1.94 0.94 1.44 1.63 1.57 1.56 1.57
0.81 0.37 0.57 -193.34 19.03 -17.53 1.87 0.85 1.31 1.65 1.51 1.57 1.53
0.79 0.33 0.45 -197.02 12.30 -10.26 1.81 0.77 1.03 1.66 1.58 1.58 1.59
0.78 0.41 0.49 -192.44 -7.77 14.88 1.75 0.91 1.12 1.68 1.50 1.60 1.50
0.76 0.53 0.49 -184.64 -20.43 27.35 1.74 1.21 1.13 1.58 1.59 1.53 1.53
0.80 0.55 0.46 -149.13 -21.32 32.99 1.83 1.26 1.05 1.59 1.52 1.58 1.58
0.75 0.53 0.46 -112.37 -22.82 32.04 1.72 1.21 1.05 1.62 1.58 1.53 1.62
0.73 0.58 0.52 -86.79 -14.16 28.60 1.66 1.31 1.20 1.62 1.56 1.52 1.59
0.70 0.57 0.58 -50.37 0.74 17.32 1.59 1.32 1.33 1.65 1.54 1.55 1.52
0.67 0.57 0.52 -8.19 11.19 7.16 1.55 1.30 1.19 1.61 1.58 1.55 1.56
0.70 0.52 0.46 28.50 9.25 -1.75 1.59 1.18 1.03 1.61 1.58 1.54 1.58
0.69 0.53 0.40 66.63 6.86 -7.40 1.58 1.22 0.92 1.67 1.50 1.58 1.53
0.73 0.53 0.38 96.86 14.97 -11.69 1.72 1.20 0.87 1.59 1.52 1.52 1.53
0.75 0.51 0.42 109.25 17.32 -13.34 1.71 1.16 0.97 1.64 1.53 1.58 1.55
0.76 0.49 0.52 112.80 15.57 -19.68 1.74 1.12 1.20 1.69 1.52 1.59 1.52
0.73 0.48 0.54 104.70 13.76 -23.19 1.70 1.12 1.27 1.62 1.57 1.58 1.53
0.75 0.48 0.52 98.41 9.83 -24.09 1.71 1.11 1.20 1.66 1.52 1.59 1.54
0.75 0.43 0.49 93.00 5.89 -21.07 1.73 1.01 1.09 1.58 1.59 1.52 1.61
0.76 0.43 0.45 73.94 -2.52 -12.44 1.73 0.99 1.04 1.59 1.55 1.58 1.60
0.76 0.39 0.44 57.73 -11.69 -5.49 1.74 0.90 1.02 1.67 1.52 1.54 1.59
0.73 0.39 0.48 23.74 -13.90 -1.19 1.65 0.94 1.14 1.62 1.60 1.54 1.55
0.70 0.35 0.51 1.16 -7.88 0.74 1.61 0.81 1.17 1.59 1.56 1.58 1.56
0.75 0.33 0.50 -17.47 -0.16 -0.37 1.67 0.81 1.07 1.66 1.56 1.56 1.58
0.75 0.35 0.50 -48.33 2.82 6.64 1.72 0.80 1.15 1.61 1.56 1.59 1.56
0.73 0.37 0.51 -63.82 0.94 6.26 1.68 0.86 1.16 1.67 1.58 1.53 1.52
0.71 0.37 0.53 -70.18 0.67 7.32 1.62 0.87 1.20 1.60 1.52 1.55 1.59
0.70 0.41 0.50 -84.71 -3.09 9.98 1.61 0.93 1.14 1.68 1.52 1.56 1.60
0.73 0.43 0.44 -82.91 0.90 8.30 1.66 1.04 1.05 1.65 1.56 1.52 1.54
0.75 0.49 0.45 -79.83 -4.43 5.27 1.73 1.13 1.06 1.59 1.61 1.56 1.55
0.76 0.49 0.44 -59.13 -9.35 0.13 1.73 1.12 1.02 1.61 1.56 1.59 1.53
0.75 0.45 0.46 -24.82 -9.32 -3.02 1.72 1.01 1.10 1.58 1.60 1.52 1.63
0.75 0.44 0.50 -16.61 -12.69 -1.25 1.71 1.00 1.14 1.65 1.52 1.62 1.58
0.70 0.44 0.53 -0.90 -5.22 1.77 1.61 1.00 1.21 1.66 1.60 1.59 1.59
0.68 0.46 0.51 8.41 1.23 2.24 1.57 1.05 1.16 1.59 1.59 1.55 1.60
0.73 0.47 0.45 17.81 8.15 1.45 1.68 1.08 1.03 1.61 1.60 1.57 1.52
0.78 0.50 0.42 22.41 5.65 1.49 1.79 1.15 0.96 1.64 1.57 1.54 1.57
0.79 0.48 0.43 27.48 0.67 1.97 1.79 1.12 1.01 1.62 1.56 1.57 1.57
0.77 0.49 0.46 39.96 1.09 1.70 1.76 1.12 1.06 1.60 1.59 1.56 1.53
0.74 0.50 0.48 42.39 -1.64 2.51 1.69 1.13 1.12 1.63 1.56 1.58 1.58
0.73 0.49 0.49 40.17 0.08 1.58 1.67 1.12 1.12 1.64 1.53 1.60 1.59
0.68 0.48 0.51 28.15 -0.06 0.07 1.55 1.10 1.17 1.62 1.54 1.56 1.56
0.67 0.48 0.45 21.42 2.19 -2.86 1.55 1.11 1.03 1.63 1.51 1.56 1.60
0.71 0.46 0.42 10.56 0.01 -1.58 1.63 1.06 0.97 1.66 1.57 1.55 1.53
0.71 0.46 0.43 -0.63 -4.45 -1.06 1.63 1.05 1.00 1.61 1.54 1.54 1.55
0.75 0.47 0.50 -12.13 -7.03 -0.52 1.72 1.05 1.14 1.59 1.53 1.58 1.61
0.73 0.45 0.55 -23.00 -5.99 -1.32 1.68 1.03 1.26 1.66 1.57 1.53 1.56
0.74 0.43 0.57 -27.10 -2.56 -2.62 1.72 0.97 1.29 1.66 1.54 1.56 1.58
0.76 0.41 0.56 -31.74 -1.40 -3.05 1.75 0.93 1.28 1.67 1.55 1.58 1.57
0.76 0.42 0.51 -34.19 -0.33 -3.00 1.74 0.95 1.16 1.64 1.52 1.54 1.52
0.76 0.44 0.49 -34.09 2.07 -4.37 1.74 1.01 1.11 1.66 1.53 1.58 1.61
0.75 0.43 0.48 -30.39 -0.74 -5.01 1.72 0.99 1.10 1.59 1.60 1.56 1.61
0.74 0.40 0.51 -16.17 -1.48 -4.84 1.70 0.92 1.16 1.63 1.56 1.55 1.54
0.74 0.40 0.54 -10.53 -1.70 -1.69 1.70 0.92 1.23 1.65 1.56 1.59 1.59
0.72 0.42 0.54 -6.59 0.62 0.67 1.65 0.96 1.23 1.59 1.55 1.58 1.55
0.72 0.41 0.49 0.60 5.30 3.39 1.65 0.96 1.14 1.60 1.58 1.55 1.61
0.75 0.44 0.46 2.69 8.29 3.17 1.73 1.02 1.07 1.63 1.53 1.59 1.59
0.76 0.46 0.47 10.32 6.28 2.96 1.74 1.04 1.05 1.63 1.56 1.55 1.58
0.75 0.45 0.48 12.15 2.59 3.52 1.72 1.03 1.10 1.67 1.55 1.61 1.54
0.73 0.44 0.49 16.15 1.93 3.55 1.67 1.02 1.13 1.62 1.57 1.59 1.59
0.71 0.43 0.49 20.05 3.54 4.02 1.64 0.99 1.13 1.66 1.56 1.59 1.59
0.69 0.45 0.47 19.50 4.49 4.63 1.58 1.03 1.08 1.64 1.54 1.55 1.59
0.70 0.44 0.46 13.09 4.33 4.93 1.62 1.01 1.05 1.68 1.53 1.58 1.60
0.71 0.46 0.47 1.10 1.86 5.84 1.64 1.06 1.07 1.61 1.53 1.55 1.56
0.72 0.48 0.48 -2.84 2.13 4.32 1.66 1.10 1.10 1.66 1.52 1.61 1.53
0.73 0.47 0.46 -3.67 3.15 2.36 1.67 1.08 1.06 1.59 1.53 1.58 1.61
0.72 0.46 0.45 -3.84 4.06 1.60 1.66 1.04 1.03 1.63 1.55 1.61 1.60
0.71 0.43 0.45 -3.40 0.95 2.00 1.62 1.00 1.03 1.65 1.52 1.56 1.63
0.68 0.46 0.46 -8.21 -2.41 3.40 1.57 1.05 1.06 1.62 1.58 1.54 1.60
0.69 0.48 0.47 -13.93 -1.70 3.50 1.59 1.11 1.07 1.65 1.54 1.56 1.54
0.71 0.50 0.50 -15.78 -0.74 2.05 1.64 1.14 1.14 1.67 1.58 1.54 1.58
0.70 0.50 0.52 -13.06 4.21 -1.54 1.60 1.14 1.20 1.63 1.54 1.59 1.54
0.69 0.47 0.50 -6.34 5.43 -4.31 1.59 1.09 1.15 1.59 1.54 1.63 1.55
0.70 0.46 0.47 -0.58 4.79 -4.51 1.62 1.04 1.07 1.63 1.59 1.55 1.62
0.71 0.44 0.45 3.24 1.97 -1.96 1.65 1.00 1.04 1.66 1.54 1.62 1.53
0.73 0.44 0.45 1.14 0.15 2.40 1.67 1.00 1.03 1.64 1.53 1.57 1.62
0.70 0.48 0.46 -2.49 -0.34 4.06 1.61 1.11 1.08 1.65 1.54 1.60 1.58
0.71 0.51 0.47 -1.54 1.09 3.48 1.63 1.17 1.09 1.69 1.53 1.62 1.54
0.71 0.53 0.46 2.34 1.98 1.73 1.63 1.21 1.06 1.58 1.60 1.54 1.57
0.72 0.52 0.46 7.08 0.57 -1.09 1.66 1.18 1.04 1.61 1.55 1.59 1.58
0.74 0.49 0.46 8.59 -2.97 -3.33 1.69 1.13 1.05 1.68 1.53 1.58 1.61
0.73 0.47 0.48 5.82 -5.46 -4.38 1.68 1.07 1.11 1.63 1.58 1.56 1.62
0.71 0.46 0.51 0.91 -5.19 -4.26 1.64 1.05 1.18 1.63 1.53 1.58 1.62
0.71 0.48 0.53 -2.10 -2.06 -4.61 1.63 1.10 1.21 1.65 1.60 1.60 1.54
0.71 0.49 0.51 -1.11 2.69 -5.36 1.64 1.13 1.17 1.60 1.61 1.57 1.59
0.73 0.48 0.47 0.48 4.65 -6.57 1.68 1.11 1.07 1.68 1.53 1.56 1.62
0.75 0.46 0.44 -0.06 1.68 -8.44 1.71 1.06 1.01 1.62 1.58 1.60 1.58
0.73 0.43 0.46 -1.99 -3.63 -8.86 1.66 1.00 1.07 1.64 1.56 1.59 1.59
0.71 0.41 0.50 -3.00 -4.92 -7.45 1.62 0.94 1.15 1.66 1.60 1.56 1.54
0.72 0.42 0.51 -4.06 -3.45 -4.30 1.64 0.95 1.18 1.64 1.58 1.60 1.59
0.73 0.41 0.53 -4.03 -0.60 -0.71 1.68 0.96 1.21 1.65 1.58 1.55 1.58
0.73 0.44 0.55 -4.08 2.37 0.93 1.68 1.01 1.26 1.68 1.53 1.62 1.57
0.73 0.46 0.52 -2.53 6.96 -0.16 1.68 1.06 1.18 1.66 1.53 1.63 1.55
0.75 0.45 0.47 2.12 8.96 -2.00 1.73 1.04 1.08 1.60 1.60 1.57 1.54
0.76 0.45 0.45 4.51 4.86 -2.77 1.74 1.03 1.03 1.60 1.60 1.55 1.58
0.73 0.45 0.46 4.53 0.09 -1.63 1.68 1.02 1.06 1.64 1.60 1.56 1.54
0.73 0.44 0.48 3.00 -0.42 0.02 1.67 1.02 1.10 1.65 1.56 1.60 1.60
0.74 0.46 0.49 -0.31 -0.75 1.23 1.71 1.05 1.14 1.68 1.52 1.62 1.53
0.74 0.48 0.51 -0.85 -1.29 1.28 1.71 1.09 1.17 1.60 1.58 1.61 1.60
0.74 0.47 0.52 1.32 0.04 0.17 1.70 1.09 1.20 1.60 1.61 1.56 1.58
0.73 0.47 0.53 1.81 2.29 -1.94 1.66 1.09 1.20 1.65 1.53 1.60 1.61
0.72 0.48 0.51 0.45 6.86 -3.73 1.66 1.10 1.18 1.61 1.55 1.60 1.58
0.73 0.47 0.50 0.17 8.83 -5.28 1.68 1.08 1.14 1.60 1.57 1.63 1.58
0.74 0.45 0.47 1.15 8.01 -6.59 1.70 1.03 1.08 1.63 1.55 1.60 1.60
0.75 0.43 0.44 1.54 4.57 -5.78 1.71 0.98 1.02 1.61 1.56 1.59 1.54
0.74 0.43 0.45 -0.75 0.52 -2.67 1.71 0.98 1.05 1.60 1.59 1.57 1.58
0.72 0.44 0.48 -2.32 -1.32 1.41 1.65 1.02 1.12 1.65 1.56 1.62 1.60
0.72 0.46 0.49 -2.45 1.31 3.04 1.65 1.06 1.12 1.65 1.55 1.57 1.60
0.74 0.49 0.48 -3.88 2.56 2.94 1.68 1.12 1.10 1.64 1.59 1.61 1.61
0.74 0.49 0.48 -3.05 2.31 0.73 1.70 1.13 1.09 1.61 1.56 1.60 1.61
0.73 0.47 0.49 -1.67 1.81 -0.53 1.67 1.09 1.12 1.63 1.60 1.58 1.61
0.71 0.47 0.49 -0.80 2.68 -1.62 1.63 1.08 1.11 1.63 1.56 1.60 1.56
0.73 0.45 0.47 0.34 4.17 -2.13 1.67 1.04 1.09 1.62 1.59 1.57 1.60
0.72 0.45 0.45 1.20 2.29 -1.90 1.64 1.04 1.05 1.61 1.56 1.60 1.59
0.72 0.45 0.45 0.46 0.31 -2.14 1.65 1.03 1.03 1.64 1.56 1.60 1.56
0.71 0.45 0.48 -0.68 -2.04 -2.27 1.64 1.03 1.10 1.62 1.57 1.61 1.56
0.70 0.45 0.51 -1.01 0.17 -2.42 1.62 1.03 1.16 1.65 1.54 1.57 1.57
0.73 0.44 0.51 0.40 4.09 -1.94 1.68 1.00 1.17 1.65 1.55 1.61 1.56
0.75 0.43 0.50 -0.29 4.29 -0.31 1.72 1.00 1.14 1.62 1.58 1.58 1.59
0.74 0.44 0.49 -1.19 4.19 0.10 1.70 1.00 1.12 1.63 1.57 1.60 1.56
0.73 0.45 0.48 -1.23 3.38 -1.28 1.66 1.02 1.11 1.62 1.56 1.61 1.56
0.73 0.45 0.47 -0.53 3.12 -2.60 1.68 1.03 1.07 1.62 1.61 1.56 1.62
0.73 0.45 0.47 -0.13 1.54 -3.03 1.67 1.03 1.07 1.67 1.60 1.62 1.62
0.73 0.45 0.46 -0.17 0.87 -2.69 1.68 1.03 1.06 1.65 1.58 1.61 1.59
0.74 0.45 0.46 -0.94 -0.57 -1.93 1.69 1.03 1.06 1.61 1.58 1.60 1.55
0.73 0.46 0.48 -2.82 -2.69 -1.71 1.67 1.06 1.11 1.62 1.58 1.63 1.56
0.73 0.46 0.51 -1.48 -1.50 -2.38 1.67 1.06 1.18 1.60 1.55 1.56 1.56
0.73 0.45 0.54 1.58 0.52 -3.47 1.68 1.03 1.24 1.61 1.62 1.56 1.61
0.74 0.45 0.53 3.20 3.88 -2.60 1.69 1.02 1.21 1.67 1.59 1.57 1.55
0.76 0.45 0.49 1.51 5.48 -1.10 1.75 1.07 1.13 1.68 1.53 1.64 1.52
0.77 0.46 0.47 -1.11 3.23 -0.13 1.78 1.06 1.07 1.61 1.55 1.62 1.55
0.76 0.46 0.47 -1.59 -1.07 0.33 1.74 1.06 1.07 1.63 1.59 1.64 1.56
0.74 0.45 0.48 -0.67 -3.20 -0.68 1.68 1.03 1.09 1.68 1.53 1.65 1.55
0.72 0.44 0.49 -1.29 -3.52 -1.17 1.65 1.01 1.13 1.63 1.54 1.63 1.60
0.72 0.43 0.50 -1.83 -2.26 -0.93 1.65 0.99 1.14 1.64 1.53 1.61 1.59
0.72 0.44 0.51 -4.48 -0.68 0.16 1.65 1.01 1.17 1.60 1.59 1.64 1.55
0.74 0.45 0.51 -4.81 2.40 1.29 1.69 1.04 1.17 1.63 1.55 1.56 1.56
0.75 0.47 0.49 -3.02 2.48 1.36 1.72 1.07 1.15 1.70 1.53 1.64 1.55
0.74 0.48 0.48 -1.08 1.74 -0.34 1.70 1.09 1.09 1.67 1.56 1.56 1.59
0.75 0.46 0.47 0.47 0.68 -2.09 1.71 1.05 1.08 1.60 1.61 1.62 1.56
0.74 0.44 0.47 0.56 -1.12 -1.96 1.71 1.01 1.09 1.64 1.53 1.65 1.55
0.73 0.43 0.49 -1.35 -2.88 -1.00 1.65 1.00 1.12 1.59 1.61 1.55 1.60
0.72 0.45 0.48 -3.26 -1.15 -0.72 1.64 1.03 1.10 1.64 1.59 1.55 1.63
0.74 0.46 0.47 -3.73 -0.92 -1.55 1.69 1.05 1.07 1.69 1.57 1.57 1.64
0.74 0.46 0.48 -3.11 -0.84 -2.88 1.69 1.06 1.11 1.60 1.60 1.57 1.60
0.75 0.45 0.49 -0.24 0.30 -4.17 1.71 1.04 1.13 1.60 1.56 1.63 1.55
0.77 0.42 0.50 2.17 0.10 -3.33 1.77 0.96 1.15 1.66 1.59 1.59 1.57
0.77 0.42 0.49 2.65 0.60 -1.58 1.76 0.96 1.12 1.66 1.61 1.56 1.58
0.76 0.41 0.50 0.25 0.87 0.50 1.75 0.94 1.15 1.60 1.58 1.63 1.54
0.76 0.43 0.49 -3.51 1.63 2.85 1.73 0.99 1.13 1.61 1.54 1.58 1.63
0.75 0.46 0.49 -6.31 2.35 3.10 1.72 1.05 1.12 1.62 1.56 1.61 1.60
0.75 0.48 0.48 -5.48 1.82 0.82 1.72 1.11 1.09 1.68 1.54 1.64 1.54
0.76 0.48 0.48 -1.89 0.19 -3.05 1.74 1.11 1.09 1.61 1.61 1.57 1.61
0.75 0.46 0.49 0.61 -1.26 -4.87 1.73 1.05 1.13 1.63 1.54 1.63 1.57
0.74 0.44 0.50 1.60 -0.12 -4.78 1.69 1.00 1.16 1.64 1.59 1.59 1.60
0.73 0.43 0.50 -0.18 2.69 -3.46 1.68 0.99 1.14 1.67 1.58 1.60 1.59
0.73 0.43 0.49 -0.92 3.38 -2.65 1.67 0.99 1.12 1.63 1.58 1.61 1.60
0.73 0.42 0.48 0.44 2.76 -3.69 1.67 0.96 1.10 1.64 1.58 1.58 1.59
0.74 0.42 0.48 0.38 1.81 -3.53 1.70 0.95 1.10 1.65 1.55 1.59 1.60
0.73 0.41 0.49 -0.46 1.39 -2.28 1.69 0.95 1.12 1.68 1.59 1.58 1.57
0.72 0.43 0.49 -2.44 2.04 -0.94 1.66 0.99 1.12 1.63 1.55 1.61 1.60
0.72 0.44 0.47 -1.23 3.60 -0.40 1.66 1.02 1.11 1.62 1.58 1.62 1.55
0.74 0.45 0.46 0.07 2.30 0.08 1.69 1.03 1.05 1.69 1.52 1.65 1.55
0.73 0.45 0.47 0.88 0.38 0.73 1.68 1.04 1.09 1.59 1.59 1.60 1.56
0.71 0.46 0.50 -0.40 0.04 0.35 1.63 1.05 1.15 1.62 1.55 1.61 1.62
0.72 0.47 0.53 -2.47 2.87 -1.33 1.66 1.09 1.19 1.63 1.62 1.56 1.63
0.74 0.47 0.51 -1.49 4.66 -2.55 1.71 1.08 1.17 1.60 1.60 1.56 1.65
0.73 0.47 0.49 0.64 3.73 -3.27 1.68 1.07 1.13 1.65 1.56 1.58 1.59
0.74 0.46 0.46 1.29 3.46 -3.04 1.70 1.05 1.06 1.63 1.56 1.63 1.54
0.75 0.46 0.45 -0.99 0.94 -2.03 1.72 1.05 1.03 1.63 1.59 1.56 1.62
0.74 0.46 0.47 -2.80 -1.63 -0.93 1.69 1.07 1.08 1.65 1.58 1.56 1.60
0.71 0.47 0.50 -2.06 -0.40 -1.34 1.63 1.07 1.15 1.65 1.58 1.59 1.60
0.74 0.46 0.50 -1.64 2.41 -1.13 1.69 1.06 1.13 1.62 1.60 1.65 1.61
0.75 0.46 0.47 -2.45 1.20 -1.15 1.72 1.07 1.11 1.61 1.59 1.62 1.56
0.74 0.46 0.48 -2.48 -0.88 -1.01 1.70 1.07 1.11 1.66 1.56 1.60 1.59
0.75 0.46 0.49 -2.60 -2.38 -1.06 1.72 1.06 1.11 1.62 1.54 1.58 1.57
0.73 0.47 0.50 -3.03 -2.93 -1.09 1.68 1.08 1.15 1.65 1.58 1.58 1.56
0.72 0.47 0.51 -2.42 0.16 -2.24 1.66 1.07 1.16 1.66 1.59 1.62 1.61
0.74 0.45 0.49 -1.33 3.73 -3.45 1.72 1.03 1.12 1.65 1.55 1.61 1.56
0.76 0.45 0.46 -2.58 2.09 -3.52 1.74 1.03 1.06 1.60 1.54 1.59 1.58
0.75 0.44 0.47 -3.22 -0.73 -2.86 1.72 1.02 1.08 1.69 1.59 1.57 1.58
0.73 0.43 0.48 -2.32 -1.95 -2.24 1.67 0.99 1.10 1.62 1.58 1.62 1.60
0.72 0.44 0.48 -2.78 -0.66 -2.54 1.66 1.02 1.10 1.65 1.56 1.58 1.61
0.74 0.44 0.48 -2.83 -0.58 -3.69 1.71 1.01 1.09 1.65 1.59 1.59 1.57
0.75 0.43 0.49 -2.54 -2.19 -4.14 1.73 0.99 1.12 1.60 1.54 1.58 1.56
0.73 0.43 0.50 -0.88 -1.27 -3.79 1.70 0.99 1.16 1.65 1.61 1.61 1.55
0.75 0.42 0.52 -0.56 2.35 -2.64 1.71 0.96 1.19 1.62 1.54 1.57 1.55