0.53 -0.04 -0.07 155.63 141.97 -32.31 1.22 -0.09 -0.16 1.66 2.07 2.15 1.95
0.39 -0.13 -0.22 174.00 143.00 38.34 0.60 -0.45 -0.59 1.66 2.11 2.21 2.00
0.47 -0.08 -0.42 158.41 216.02 75.19 1.08 -0.17 -0.97 1.68 2.18 2.16 1.99
0.66 0.25 -0.57 154.86 232.02 79.97 1.59 0.60 -1.49 1.66 2.19 2.25 2.03
0.90 0.45 -0.91 180.49 214.61 63.50 2.07 1.02 -2.10 1.70 2.24 2.16 2.15
1.18 0.60 -1.29 172.67 158.22 32.85 2.72 1.37 -2.89 1.81 2.17 2.18 2.08
1.31 0.35 -1.18 222.39 45.74 21.94 2.83 0.57 -2.43 1.84 2.21 2.21 2.12
0.92 0.39 -1.02 196.78 -52.18 24.09 2.11 0.90 -2.35 1.86 2.21 2.19 2.12
0.47 0.53 -0.77 145.06 -35.88 56.35 1.12 1.15 -1.74 1.92 2.24 2.16 2.10
0.71 0.79 -0.66 91.06 55.84 58.69 1.63 1.81 -1.52 1.96 2.18 2.26 2.11
0.82 0.87 -0.76 57.15 102.93 41.61 1.94 2.03 -1.88 1.98 2.22 2.23 2.06
1.18 0.88 -0.93 43.52 125.77 46.70 2.71 2.02 -2.13 1.95 2.13 2.24 2.09
1.35 0.88 -1.03 35.86 97.08 33.45 3.09 2.01 -1.94 1.93 2.23 2.18 2.12
1.17 0.96 -0.87 23.49 61.38 24.69 2.69 2.06 -1.79 1.99 2.12 2.17 2.06
0.94 0.98 -0.43 16.22 24.37 11.33 2.15 2.26 -0.99 2.00 2.22 2.18 2.12
0.75 0.93 -0.28 26.91 10.00 4.13 1.80 2.00 -0.72 1.95 2.15 2.21 2.09
0.86 0.70 -0.25 14.69 34.04 -7.63 1.97 1.61 -0.58 1.97 2.09 2.20 2.03
0.93 0.66 -0.40 4.77 37.95 -1.65 2.13 1.45 -0.88 1.94 2.19 2.22 2.07
0.93 0.67 -0.50 -3.95 40.55 8.85 2.18 1.59 -1.15 1.96 2.23 2.22 2.05
0.91 0.68 -0.47 -7.21 34.49 11.48 2.10 1.57 -1.09 2.00 2.17 2.20 2.12
0.83 0.69 -0.47 -6.40 31.96 5.25 1.88 1.56 -1.10 1.99 2.17 2.21 2.10
0.84 0.57 -0.44 -6.88 29.00 0.89 1.92 1.32 -1.00 1.93 2.21 2.19 2.10
0.73 0.48 -0.35 -13.93 24.66 -0.38 1.67 1.11 -0.80 1.98 2.18 2.21 2.11
0.76 0.50 -0.41 -14.66 21.67 0.17 1.75 1.14 -0.95 1.98 2.06 2.28 2.01
0.90 0.49 -0.46 -13.18 12.84 4.30 2.06 1.13 -1.06 1.94 2.11 2.21 2.09
0.87 0.48 -0.47 -10.85 -3.52 4.90 2.02 1.09 -1.07 1.97 2.11 2.23 2.11
0.86 0.47 -0.48 -10.19 -12.68 2.35 1.98 1.09 -1.10 1.94 2.21 2.13 2.09
0.82 0.47 -0.48 -7.20 -20.76 3.92 1.91 1.03 -1.08 2.03 2.09 2.16 2.11
0.80 0.40 -0.52 -8.64 -18.94 -1.26 1.87 0.92 -1.19 2.00 2.18 2.21 2.01
0.76 0.48 -0.55 -9.09 -24.12 7.42 1.74 1.10 -1.27 2.01 2.08 2.17 2.13
0.75 0.51 -0.63 -9.66 -23.27 10.47 1.70 1.14 -1.45 1.99 2.16 2.23 2.07
0.81 0.56 -0.74 -13.26 -30.56 13.38 1.86 1.27 -1.69 1.95 2.13 2.16 2.03
0.84 0.67 -0.80 -9.81 -53.71 13.06 1.94 1.55 -1.82 1.95 2.13 2.18 2.07
0.88 0.74 -0.79 -8.63 -71.66 5.06 2.02 1.70 -1.82 1.97 2.14 2.19 2.06
0.93 0.81 -0.86 -10.89 -80.81 -5.73 2.14 1.85 -1.97 1.92 2.08 2.22 2.07
0.96 0.86 -0.88 -9.73 -87.51 -13.04 2.18 2.05 -1.95 1.93 2.14 2.19 2.02
0.95 0.86 -0.92 -7.47 -99.44 -19.50 2.18 1.98 -2.11 1.95 2.16 2.20 2.08
0.87 0.88 -0.91 -9.39 -110.15 -27.71 2.14 1.77 -2.08 1.94 2.13 2.12 2.10
0.92 0.79 -0.95 -12.63 -117.08 -33.74 2.10 1.80 -2.17 1.89 2.10 2.13 2.01
0.97 0.87 -0.93 -19.62 -125.67 -43.08 2.03 1.86 -2.11 1.84 2.14 2.20 1.96
0.80 0.82 -0.93 -25.35 -128.73 -51.83 1.85 1.91 -2.13 1.88 2.09 2.11 2.04
0.79 0.79 -0.88 -17.36 -117.82 -60.20 1.82 1.81 -2.02 1.78 2.04 2.14 2.00
0.76 0.71 -0.76 3.13 -114.98 -61.70 1.77 1.59 -1.74 1.80 1.99 2.12 1.95
0.61 0.65 -0.54 36.12 -113.76 -66.64 1.40 1.49 -1.25 1.80 1.95 2.06 1.86
0.50 0.56 -0.48 72.77 -103.78 -73.95 1.15 1.31 -1.10 1.75 1.94 1.98 1.83
0.44 0.62 -0.37 96.96 -96.95 -74.44 1.01 1.43 -0.85 1.78 1.89 1.95 1.77
0.28 0.47 -0.23 109.95 -80.21 -77.01 0.70 1.03 -0.62 1.75 1.83 1.90 1.68
0.12 0.27 -0.06 32.64 -140.37 -79.00 0.29 0.63 0.05 1.69 1.77 1.83 1.63
-0.08 0.31 0.10 5.16 -152.71 -92.44 -0.18 0.70 0.23 1.68 1.73 1.80 1.63
-0.16 0.34 0.79 -127.71 -214.06 -77.50 -0.34 0.59 1.88 1.68 1.71 1.76 1.61
-0.49 0.37 1.93 -221.79 -231.53 -53.19 -1.11 0.86 4.42 1.63 1.63 1.72 1.53
-0.53 0.47 1.84 -286.72 -253.27 -75.84 -1.32 0.91 4.37 1.66 1.58 1.65 1.58
-0.62 0.02 2.00 -286.72 -286.72 -95.24 -1.43 0.03 4.59 1.64 1.58 1.61 1.53
-0.23 0.36 2.00 -286.72 -286.72 -77.58 -0.32 0.94 4.59 1.61 1.56 1.56 1.54
-0.04 0.59 2.00 -286.72 -286.72 -98.38 -0.10 1.26 4.59 1.58 1.54 1.55 1.54
0.43 0.27 2.00 -286.72 -286.72 -77.12 0.99 0.62 4.59 1.65 1.56 1.49 1.55
1.20 0.43 2.00 -286.72 -203.95 -22.38 2.85 0.96 4.59 1.66 1.50 1.54 1.52
1.37 0.88 2.00 -286.72 -150.89 -40.28 3.14 2.02 4.59 1.63 1.58 1.53 1.54
-0.08 0.50 2.00 -176.45 -286.72 -147.90 -0.40 1.29 4.59 1.59 1.50 1.49 1.48
-0.25 0.45 1.02 -32.69 -43.70 -57.09 -0.59 1.03 2.35 1.60 1.50 1.53 1.54
0.14 -0.15 0.47 -5.45 61.73 4.40 1.32 0.38 1.37 1.65 1.52 1.48 1.50
0.42 0.52 0.02 -18.33 25.77 186.19 0.73 1.34 -0.33 1.62 1.53 1.54 1.53
