1.01 0.09 -0.09 3.39 27.19 12.13 2.33 0.21 -0.21 1.98 2.21 2.24 2.12
1.13 0.06 -0.21 5.62 14.32 18.55 2.61 0.13 -0.49 1.98 2.13 2.22 2.06
1.13 0.01 -0.23 3.89 -4.86 26.66 2.60 0.02 -0.53 2.02 2.09 2.28 2.07
1.08 0.06 -0.22 -8.54 -16.44 29.53 2.48 0.13 -0.51 1.93 2.11 2.18 2.08
1.05 0.17 -0.21 -18.55 -22.56 28.90 2.37 0.40 -0.49 1.92 2.11 2.15 2.07
0.96 0.22 -0.20 -23.77 -22.01 26.71 2.21 0.51 -0.47 1.96 2.11 2.21 2.08
0.89 0.25 -0.16 -28.05 -13.09 28.47 2.04 0.58 -0.38 1.95 2.21 2.23 2.13
0.74 0.16 -0.14 -32.38 4.07 33.20 1.71 0.38 -0.32 1.95 2.19 2.22 2.08
1.04 0.28 -0.25 -38.26 29.76 38.98 2.46 0.61 -0.54 1.90 2.12 2.21 2.11
1.20 0.33 -0.37 -44.27 16.93 36.48 2.74 0.76 -0.85 1.92 2.11 2.24 2.05
1.23 0.41 -0.47 -44.41 -10.92 32.87 2.83 0.93 -1.08 1.92 2.17 2.22 2.09
1.16 0.45 -0.41 -40.49 -39.62 25.02 2.61 1.02 -0.88 1.87 2.16 2.20 2.09
0.92 0.33 -0.24 -38.88 -45.50 9.01 2.11 0.76 -0.55 1.86 2.11 2.16 2.04
0.90 0.34 -0.21 -59.41 -24.36 3.28 2.14 0.76 -0.49 1.87 2.12 2.15 2.07
1.08 0.29 -0.19 -84.48 -2.34 13.97 2.48 0.67 -0.43 1.81 2.10 2.13 2.02
1.22 0.38 -0.37 -122.59 -2.39 25.52 2.82 0.84 -0.86 1.79 2.06 2.14 1.99
1.29 0.42 -0.41 -132.82 5.32 36.27 3.01 1.08 -0.96 1.78 1.99 2.08 1.96
1.22 0.52 -0.39 -132.23 -5.59 34.99 2.79 1.19 -0.89 1.78 1.96 2.02 1.88
1.03 0.46 -0.50 -103.03 -4.93 36.44 2.43 0.95 -1.27 1.78 1.95 1.97 1.87
1.12 0.38 -0.24 -61.84 33.89 50.22 2.57 0.87 -0.55 1.76 1.92 1.95 1.78
0.91 0.31 0.04 -67.52 30.47 59.47 2.30 0.57 -0.27 1.71 1.84 1.89 1.72
0.74 0.62 -0.20 -133.35 -61.06 41.90 1.70 1.42 -0.46 1.72 1.83 1.85 1.70
0.72 0.93 0.05 -72.18 -69.30 17.09 1.65 2.05 0.24 1.70 1.76 1.81 1.67
0.69 0.88 0.50 -74.65 -108.54 -1.64 1.46 2.00 1.19 1.67 1.71 1.79 1.62
0.38 0.68 0.71 -41.33 -145.78 -13.96 0.87 1.57 1.64 1.67 1.65 1.73 1.61
0.12 0.40 0.84 -48.55 -197.71 -9.72 0.34 0.80 1.95 1.68 1.60 1.72 1.57
-0.03 0.15 1.19 -90.12 -255.04 -8.36 -0.06 0.36 2.73 1.67 1.61 1.67 1.58
-0.06 0.27 1.40 -153.88 -286.17 -9.22 -0.13 0.64 3.32 1.65 1.58 1.61 1.58
-0.27 0.57 1.52 -243.07 -286.72 -25.77 -0.61 1.31 3.49 1.65 1.57 1.60 1.56
-0.22 0.55 2.00 -258.55 -256.02 -50.88 -0.32 1.27 4.55 1.65 1.55 1.59 1.56
0.05 0.51 1.84 -206.72 -190.09 -60.09 0.15 1.08 4.26 1.63 1.56 1.59 1.56
0.66 0.37 1.87 -189.95 -194.94 -86.17 1.51 0.85 4.29 1.63 1.58 1.59 1.56
0.73 0.54 1.79 -121.71 -202.62 -53.84 1.69 1.22 4.17 1.64 1.57 1.58 1.55
0.77 0.46 1.69 -34.47 -144.59 -9.52 1.76 1.06 3.89 1.63 1.58 1.58 1.54
0.61 0.37 1.65 15.71 -87.01 26.18 1.32 0.82 3.75 1.62 1.56 1.57 1.56
0.39 0.35 1.29 59.54 -6.96 47.63 0.90 0.79 2.95 1.62 1.56 1.58 1.56
0.46 0.33 0.99 102.83 90.24 82.01 0.99 0.80 2.24 1.61 1.58 1.56 1.55
0.47 0.33 0.62 153.97 141.90 89.86 1.10 0.79 1.41 1.63 1.56 1.58 1.55
0.59 0.47 0.24 207.68 135.88 71.10 1.35 1.09 0.55 1.62 1.57 1.58 1.55
0.67 0.56 0.11 262.59 85.55 50.58 1.53 1.27 0.21 1.62 1.59 1.56 1.58
0.57 0.60 0.07 269.68 25.88 19.53 1.31 1.38 0.16 1.63 1.56 1.57 1.55
R
0.69 0.42 0.22 209.24 -17.75 -4.38 1.66 1.09 0.59 1.65 1.58 1.58 1.54
0.70 0.42 0.52 143.87 -52.16 -18.86 1.61 0.96 1.18 1.63 1.57 1.57 1.55
0.70 0.32 0.66 88.85 -55.21 -15.53 1.61 0.74 1.57 1.63 1.56 1.58 1.57
0.66 0.26 0.83 18.40 -36.80 -15.89 1.52 0.59 1.91 1.63 1.57 1.57 1.56
0.69 0.18 0.91 -32.16 4.55 -4.03 1.59 0.41 2.09 1.61 1.58 1.59 1.55
0.72 0.16 0.77 -85.72 24.60 14.08 1.68 0.35 1.77 1.63 1.59 1.59 1.56
0.82 0.16 0.69 -127.23 24.75 17.18 1.89 0.36 1.59 1.64 1.57 1.57 1.55
0.76 0.28 0.59 -167.07 12.11 11.37 1.75 0.56 1.30 1.61 1.58 1.59 1.55
0.72 0.32 0.55 -207.13 -6.77 7.56 1.65 0.72 1.27 1.62 1.57 1.57 1.56
0.78 0.41 0.63 -208.67 -14.23 -5.32 1.83 1.02 1.47 1.62 1.59 1.58 1.55
0.73 0.50 0.69 -187.50 -11.30 -15.81 1.70 1.18 1.59 1.62 1.58 1.59 1.57
0.78 0.56 0.78 -151.73 -7.10 -20.25 1.79 1.29 1.78 1.63 1.58 1.58 1.55
0.67 0.48 0.67 -84.72 20.18 -17.64 1.57 1.12 1.55 1.64 1.58 1.58 1.56
0.74 0.45 0.61 -49.08 25.88 -11.31 1.70 1.04 1.40 1.62 1.59 1.59 1.56
0.78 0.47 0.57 -13.42 30.27 3.93 1.79 1.07 1.29 1.62 1.58 1.56 1.56
0.75 0.48 0.55 20.68 24.91 11.47 1.72 1.09 1.26 1.63 1.57 1.59 1.56
0.79 0.49 0.62 46.18 24.48 10.53 1.83 1.11 1.44 1.62 1.58 1.60 1.58
0.74 0.46 0.72 72.45 26.00 1.59 1.68 1.10 1.68 1.65 1.59 1.59 1.57
0.63 0.47 0.80 87.03 37.43 -10.18 1.45 1.07 1.83 1.64 1.59 1.60 1.56
0.66 0.39 0.81 117.14 58.14 -13.71 1.55 0.93 1.86 1.63 1.58 1.59 1.56
0.70 0.37 0.75 130.50 67.67 -13.79 1.62 0.85 1.72 1.63 1.59 1.58 1.55
0.69 0.30 0.65 134.55 68.29 -10.47 1.59 0.69 1.51 1.64 1.60 1.60 1.56
0.71 0.29 0.61 122.66 56.55 -7.67 1.63 0.66 1.40 1.63 1.58 1.60 1.56
0.72 0.24 0.53 88.86 42.85 -5.62 1.68 0.51 1.20 1.65 1.57 1.61 1.56
0.72 0.25 0.63 41.88 21.00 -2.76 1.65 0.52 1.48 1.63 1.60 1.60 1.56
0.47 0.23 0.60 12.28 12.26 -5.28 1.08 0.54 1.37 1.65 1.58 1.61 1.58
0.46 0.26 0.62 -20.76 42.51 -4.76 1.11 0.57 1.41 1.65 1.58 1.60 1.60
0.63 0.27 0.50 -55.84 70.28 -6.86 1.44 0.62 1.15 1.64 1.59 1.62 1.56
0.76 0.18 0.34 -60.45 80.22 2.20 1.69 0.47 0.76 1.63 1.56 1.61 1.55
0.81 0.21 0.27 -53.49 75.21 15.45 1.85 0.48 0.62 1.66 1.55 1.63 1.54
0.81 0.27 0.21 -47.73 60.35 22.46 1.86 0.61 0.49 1.66 1.59 1.65 1.59
0.83 0.32 0.21 -52.81 38.73 23.54 1.91 0.78 0.49 1.62 1.56 1.66 1.60
0.86 0.39 0.23 -42.63 16.82 19.99 1.97 0.89 0.53 1.62 1.60 1.65 1.55
0.79 0.39 0.15 -25.33 3.43 19.43 1.78 0.89 0.35 1.66 1.58 1.64 1.58
0.85 0.38 0.26 -1.78 13.35 16.85 1.96 0.88 0.60 1.61 1.63 1.60 1.60
0.88 0.39 0.28 3.83 17.11 17.21 2.02 0.93 0.65 1.65 1.55 1.65 1.59
0.88 0.44 0.30 2.07 17.86 21.19 2.03 1.03 0.68 1.66 1.62 1.63 1.58