0.70 0.43 -0.01 -17.47 1.42 -10.53 1.61 0.99 -0.05 1.92 2.17 2.21 2.01
0.79 0.40 -0.08 -17.07 9.62 -8.45 1.81 0.91 -0.18 1.99 2.19 2.25 2.11
0.89 0.39 -0.17 -22.56 9.50 -5.84 2.06 0.91 -0.38 1.98 2.13 2.22 2.08
0.89 0.43 -0.21 -29.96 1.92 -2.98 2.04 0.98 -0.48 1.95 2.08 2.14 2.04
0.96 0.54 -0.28 -33.56 -2.00 -2.97 2.20 1.25 -0.65 1.98 2.08 2.21 2.10
0.98 0.58 -0.42 -29.80 -11.95 -5.33 2.26 1.36 -1.01 1.96 2.10 2.21 2.10
1.07 0.62 -0.61 -25.46 -30.39 -8.73 2.45 1.42 -1.41 1.91 2.21 2.16 2.06
1.09 0.63 -0.70 -31.93 -54.04 -14.79 2.48 1.48 -1.60 1.98 2.17 2.14 2.07
0.96 0.68 -0.71 -29.92 -87.85 -19.03 2.19 1.57 -1.63 1.95 2.08 2.18 2.08
0.84 0.58 -0.71 -34.05 -92.61 -21.88 1.93 1.34 -1.63 1.99 2.11 2.24 2.02
0.90 0.73 -0.66 -40.97 -85.46 -24.17 2.21 1.50 -1.55 1.89 2.14 2.24 2.00
1.06 0.72 -0.65 -41.22 -78.18 -25.14 2.44 1.66 -1.50 1.94 2.13 2.19 2.07
1.15 0.62 -0.66 -41.52 -85.03 -23.49 2.60 1.46 -1.46 1.87 2.11 2.13 2.04
1.08 0.69 -0.60 -46.53 -93.53 -25.00 2.48 1.57 -1.38 1.84 2.12 2.24 1.98
1.13 0.68 -0.59 -51.65 -85.62 -31.68 2.62 1.69 -1.40 1.92 2.08 2.12 2.06
1.21 0.66 -0.62 -55.47 -91.69 -40.25 2.77 1.52 -1.43 1.84 2.07 2.12 1.97
1.18 0.70 -0.59 -64.50 -91.18 -39.98 2.70 1.60 -1.31 1.77 2.01 2.11 1.93
1.01 0.53 -0.52 -40.80 -85.54 -33.79 2.28 1.36 -1.16 1.81 2.04 2.08 1.86
0.92 0.51 -0.40 -29.40 -84.51 -42.66 2.10 1.18 -0.91 1.74 2.04 1.99 1.91
0.87 0.40 -0.48 6.15 -71.40 -24.80 1.96 0.96 -1.09 1.78 1.92 1.96 1.82
0.92 0.28 -0.40 16.97 -84.18 -15.65 2.12 0.65 -0.91 1.74 1.95 1.93 1.82
0.86 0.24 -0.47 51.16 -94.45 2.64 2.02 0.51 -1.04 1.77 1.88 1.93 1.76
0.79 0.18 -0.38 45.90 -118.81 14.90 1.78 0.41 -0.89 1.77 1.86 1.84 1.68
0.68 0.42 -0.22 14.27 -126.98 18.99 1.57 0.97 -0.51 1.72 1.74 1.85 1.67
0.22 0.73 -0.16 -32.90 -152.64 -21.73 0.30 1.68 -0.30 1.74 1.71 1.78 1.68
-0.38 0.79 0.68 -28.49 -111.54 -40.00 -0.87 1.82 1.56 1.65 1.71 1.74 1.58
-0.40 0.61 0.98 -116.38 -95.66 -35.11 -0.86 1.49 2.28 1.67 1.59 1.70 1.56
-0.42 0.37 1.20 -130.27 -80.17 -43.78 -0.97 0.85 2.75 1.62 1.54 1.62 1.58
-0.42 0.21 1.57 -160.16 -126.77 -36.60 -0.90 0.47 3.69 1.63 1.54 1.63 1.55
-0.42 0.28 1.78 -234.49 -245.02 -18.80 -0.98 0.61 4.08 1.61 1.50 1.53 1.50
-0.68 0.54 2.00 -286.72 -286.72 -33.71 -1.57 1.24 4.59 1.64 1.57 1.56 1.54
-0.33 0.45 2.00 -286.72 -286.72 -72.25 -0.65 1.02 4.59 1.63 1.56 1.57 1.50
0.18 0.52 2.00 -286.72 -251.82 -54.64 0.40 1.18 4.59 1.59 1.59 1.49 1.54
0.66 0.47 2.00 -286.72 -221.93 -45.67 1.58 1.13 4.59 1.64 1.58 1.53 1.54
0.98 1.20 2.00 -286.72 -172.94 -39.51 2.24 2.76 4.59 1.58 1.51 1.54 1.52
0.40 0.68 2.00 -160.65 -286.72 -117.47 0.68 2.08 4.59 1.66 1.49 1.59 1.48
0.13 0.71 1.78 -104.61 -236.65 -77.11 0.29 1.64 4.10 1.61 1.57 1.48 1.56
0.28 0.58 1.22 4.04 -32.21 -62.30 0.65 1.33 2.66 1.62 1.51 1.53 1.48
0.36 0.67 0.99 10.34 25.32 92.88 0.96 1.32 2.30 1.59 1.52 1.50 1.51
0.23 0.66 0.66 33.77 82.00 244.73 0.53 1.51 1.53 1.66 1.58 1.56 1.58
0.21 0.49 0.50 87.88 210.28 269.81 0.64 1.23 1.21 1.63 1.58 1.54 1.48