start recording
0.22 0.74 0.89 -108.77 -43.63 10.80 0.35 1.48 2.10 1.65 1.62 1.71 1.56
-0.10 0.49 0.92 -131.08 -59.34 3.54 -0.23 1.11 2.11 1.64 1.60 1.67 1.55
-0.05 0.27 1.37 -69.61 -64.65 -0.84 -0.16 0.52 3.32 1.63 1.57 1.63 1.54
-0.01 -0.02 1.83 -132.40 -155.68 2.61 -0.07 -0.05 4.23 1.63 1.57 1.59 1.55
-0.15 0.30 2.00 -283.54 -224.18 5.84 -0.33 0.69 4.59 1.63 1.55 1.58 1.53
0.17 0.61 2.00 -286.72 -219.23 -24.93 0.45 1.34 4.59 1.62 1.54 1.56 1.53
0.54 0.35 2.00 -286.72 -174.08 -50.86 1.24 0.81 4.59 1.62 1.54 1.54 1.53
0.88 0.28 2.00 -286.72 -150.71 -72.46 1.84 0.63 4.59 1.62 1.54 1.55 1.53
0.44 0.61 2.00 -286.72 -131.49 -92.33 1.01 1.40 4.59 1.62 1.54 1.54 1.53
0.75 0.44 1.51 -52.81 -286.72 -153.94 1.35 1.07 2.99 1.61 1.54 1.54 1.52
0.22 0.26 1.32 -168.52 -231.93 -47.40 0.50 0.60 3.02 1.62 1.55 1.55 1.52
0.37 0.62 0.32 -114.66 -78.45 30.71 0.85 1.35 0.75 1.63 1.54 1.55 1.53
0.56 0.47 0.11 -165.56 -122.32 103.49 0.99 1.52 0.18 1.63 1.54 1.55 1.54
0.27 0.94 -0.15 -94.78 16.57 213.46 0.61 2.16 -0.34 1.62 1.55 1.56 1.53
0.61 1.31 -0.04 26.95 16.63 160.32 1.17 3.29 -0.18 1.62 1.55 1.56 1.52
0.32 0.88 0.10 66.04 122.10 160.63 0.73 2.01 0.23 1.62 1.55 1.56 1.53
0.15 0.90 0.73 147.16 228.10 62.33 0.47 2.13 1.79 1.62 1.55 1.56 1.52
0.25 0.87 0.35 119.88 208.65 -24.05 0.56 2.01 0.79 1.63 1.55 1.56 1.54
0.59 0.75 0.26 127.32 216.71 -48.75 1.43 1.67 0.60 1.62 1.55 1.55 1.53
0.69 0.64 0.33 137.41 151.83 -74.53 1.59 1.45 0.76 1.62 1.55 1.56 1.53
0.82 0.62 0.54 145.81 127.47 -86.95 1.89 1.43 1.25 1.63 1.55 1.56 1.54
0.85 0.59 0.97 126.52 55.49 -88.51 1.93 1.39 2.33 1.62 1.55 1.56 1.53
0.53 0.71 1.42 173.89 21.40 -111.12 1.21 1.62 3.26 1.63 1.55 1.56 1.53
0.45 0.60 1.36 176.05 47.48 -87.90 1.11 1.37 3.11 1.63 1.56 1.57 1.54
0.71 0.51 1.29 139.36 95.03 -38.22 1.62 1.17 2.97 1.63 1.56 1.57 1.53
0.90 0.39 1.08 97.85 118.86 -5.02 2.11 0.79 2.45 1.63 1.55 1.56 1.53
1.01 0.34 1.15 3.82 89.27 38.06 2.32 0.78 2.64 1.63 1.56 1.59 1.53
1.03 0.35 1.26 -108.75 26.92 64.43 2.36 0.81 3.00 1.64 1.56 1.60 1.54
0.80 0.66 1.85 -186.90 -35.41 67.00 1.69 1.60 4.49 1.64 1.57 1.63 1.55
0.04 1.21 1.61 -125.22 -64.98 16.21 0.10 2.77 3.69 1.64 1.58 1.63 1.55
-0.72 0.98 1.36 -34.41 -46.23 -50.40 -1.76 2.24 2.95 1.65 1.58 1.67 1.60
-0.37 0.69 0.77 61.70 139.25 -99.23 -0.86 1.58 1.77 1.65 1.60 1.76 1.65
0.38 0.31 0.78 15.86 233.70 -104.00 1.04 0.73 1.81 1.65 1.65 1.87 1.69
0.64 0.12 1.03 -41.00 248.31 -69.97 1.47 0.27 2.37 1.65 1.80 1.99 1.72
0.72 0.45 0.75 -72.83 217.22 -34.97 1.65 1.19 1.71 1.65 1.91 2.06 1.75
0.73 0.94 0.41 -37.55 192.90 -29.61 1.67 2.23 0.79 1.65 1.99 2.10 1.81
0.84 1.18 0.03 59.16 156.31 -64.11 1.93 2.70 0.08 1.63 2.04 2.13 1.85
0.49 1.02 -0.08 164.53 87.86 -93.93 1.06 2.21 -0.39 1.65 2.07 2.16 1.91
0.43 0.46 -0.16 251.57 87.99 -88.03 1.00 1.05 -0.37 1.66 2.10 2.20 1.96
0.34 -0.17 0.02 258.63 129.95 -48.25 0.87 -0.39 -0.02 1.67 2.14 2.23 2.03
0.47 -0.13 -0.05 230.39 137.23 10.50 1.07 -0.30 -0.11 1.68 2.19 2.28 2.07
0.51 0.06 -0.37 211.93 105.75 9.53 1.17 0.14 -1.07 1.72 2.22 2.28 2.09
0.91 0.45 -0.80 194.23 86.08 -1.33 2.22 1.03 -1.93 1.80 2.21 2.27 2.11
1.23 0.26 -1.10 177.55 -0.49 -36.21 2.83 0.60 -2.53 1.85 2.21 2.26 2.10
0.99 -0.07 -1.25 119.80 -41.47 -31.89 2.28 -0.20 -2.71 1.89 2.21 2.25 2.11
0.84 -0.06 -0.81 57.58 -6.62 27.42 1.94 -0.13 -1.86 1.93 2.20 2.26 2.12
0.59 0.01 -0.75 9.86 64.05 54.86 1.57 0.20 -1.68 1.94 2.19 2.26 2.11
0.81 0.32 -0.80 -14.52 121.38 36.10 1.85 0.73 -1.83 1.97 2.20 2.24 2.10
1.07 0.35 -0.99 -5.66 116.34 36.45 2.45 0.80 -2.28 1.98 2.19 2.26 2.09
1.33 0.45 -1.03 0.86 97.80 28.46 2.97 0.91 -2.42 1.98 2.19 2.25 2.10
1.31 0.44 -0.96 -0.86 72.40 23.99 3.01 1.01 -2.21 1.99 2.18 2.25 2.10
1.08 0.44 -0.79 3.29 31.25 17.05 2.47 0.91 -1.63 1.98 2.18 2.24 2.09
1.01 0.38 -0.53 0.40 22.07 14.69 2.31 0.88 -1.22 1.98 2.19 2.25 2.08
0.90 0.41 -0.43 -2.04 21.73 23.15 2.10 1.02 -0.90 1.98 2.18 2.25 2.09
0.97 0.49 -0.37 -2.50 28.30 27.38 2.30 1.15 -0.84 2.00 2.17 2.24 2.08
1.09 0.49 -0.36 -3.09 24.66 24.18 2.49 1.13 -0.83 1.99 2.17 2.25 2.08
1.03 0.56 -0.37 -3.69 17.28 22.65 2.38 1.26 -0.82 1.99 2.17 2.24 2.07
1.05 0.56 -0.34 -2.59 13.85 17.53 2.41 1.28 -0.78 1.99 2.17 2.24 2.07
0.99 0.50 -0.30 1.78 5.81 12.17 2.28 1.16 -0.69 2.00 2.16 2.23 2.08
1.00 0.49 -0.33 1.42 4.15 7.83 2.31 1.12 -0.76 2.00 2.16 2.22 2.07
1.00 0.48 -0.35 1.84 -2.75 5.52 2.30 1.11 -0.81 1.99 2.16 2.23 2.07
0.96 0.55 -0.40 7.01 -10.89 1.43 2.17 1.24 -0.95 1.99 2.18 2.24 2.06
0.94 0.54 -0.47 7.17 -11.52 -2.34 2.16 1.25 -1.07 1.99 2.16 2.23 2.06
0.93 0.57 -0.56 8.71 -14.15 -6.67 2.15 1.31 -1.29 1.99 2.16 2.23 2.06
0.92 0.58 -0.65 12.17 -26.22 -10.04 2.12 1.34 -1.49 1.99 2.16 2.23 2.07
0.93 0.57 -0.69 3.08 -30.28 -15.65 2.14 1.30 -1.57 1.99 2.16 2.23 2.06
0.93 0.55 -0.75 -2.48 -41.46 -18.94 2.14 1.40 -1.74 1.99 2.16 2.23 2.06
1.06 0.57 -0.79 -10.95 -47.65 -21.56 2.43 1.32 -1.82 1.96 2.15 2.22 2.06
1.15 0.57 -0.82 -10.75 -62.45 -27.37 2.52 1.19 -1.86 1.96 2.15 2.21 2.05
1.18 0.58 -0.79 -9.35 -80.41 -35.68 2.71 1.34 -1.82 1.94 2.16 2.23 2.05
1.19 0.53 -0.78 -11.21 -95.88 -39.72 2.72 1.06 -1.81 1.94 2.15 2.22 2.05
1.01 0.49 -0.70 -16.95 -111.35 -41.94 2.33 1.13 -1.60 1.91 2.14 2.21 2.05
1.06 0.39 -0.67 -30.15 -106.05 -41.38 2.44 0.91 -1.53 1.89 2.13 2.20 2.04
1.06 0.39 -0.66 -37.08 -108.48 -39.08 2.53 0.94 -1.44 1.88 2.11 2.21 2.03
1.12 0.36 -0.62 -48.89 -107.56 -36.65 2.58 0.82 -1.41 1.86 2.10 2.19 2.00
0.98 0.53 -0.52 -53.13 -108.42 -28.81 2.19 1.01 -1.17 1.82 2.07 2.17 1.98
0.73 0.53 -0.47 -46.65 -113.01 -23.35 1.67 1.21 -1.08 1.81 2.04 2.13 1.93
0.80 0.38 -0.46 -17.09 -100.33 -15.65 2.01 0.88 -1.12 1.79 2.00 2.09 1.90
0.92 0.36 -0.49 4.47 -103.13 -0.26 2.10 0.82 -1.13 1.78 1.95 2.05 1.84
0.57 0.29 -0.31 13.61 -119.13 5.00 1.35 0.73 -0.66 1.76 1.92 2.00 1.79
0.32 0.26 -0.34 33.82 -124.87 17.53 0.72 0.61 -0.78 1.73 1.86 1.93 1.72
0.24 0.04 0.21 44.11 -81.54 21.34 0.55 0.10 0.49 1.72 1.81 1.88 1.65
0.07 0.56 -0.07 -67.89 -106.76 11.96 0.02 1.28 -0.18 1.68 1.74 1.83 1.61
-0.23 0.66 0.96 -99.73 -93.84 27.77 -0.53 1.51 2.20 1.65 1.65 1.74 1.57
-0.52 0.93 2.00 -260.61 -100.28 36.44 -1.18 2.18 4.59 1.62 1.61 1.68 1.56
-0.73 0.62 2.00 -276.22 -110.71 -19.00 -1.67 1.42 4.59 1.63 1.58 1.62 1.55
-0.09 0.15 2.00 -264.86 -164.83 -31.81 -0.05 0.25 4.47 1.62 1.56 1.58 1.54
0.04 0.39 2.00 -286.72 -286.72 -22.54 0.09 0.90 4.59 1.62 1.54 1.57 1.52
0.35 0.37 2.00 -286.72 -286.72 -13.65 0.81 1.03 4.59 1.61 1.54 1.54 1.53
0.71 0.78 2.00 -286.72 -276.37 -54.68 1.69 1.87 4.59 1.61 1.54 1.53 1.52
1.52 0.98 2.00 -189.02 -286.72 -50.54 3.48 2.25 4.59 1.62 1.55 1.53 1.53
0.86 0.74 2.00 -99.97 -286.72 -89.13 1.51 1.39 4.59 1.60 1.55 1.52 1.53
0.43 0.83 2.00 -51.01 -223.48 -72.21 0.99 1.90 4.59 1.60 1.54 1.52 1.53
0.20 0.45 1.13 -89.91 -151.18 23.25 0.49 1.07 2.35 1.61 1.55 1.54 1.53
0.46 0.84 0.49 -106.47 -36.06 137.64 1.05 1.93 1.12 1.61 1.54 1.54 1.53
-0.06 0.30 -0.38 -92.07 54.94 270.99 0.88 1.54 -0.66 1.61 1.54 1.53 1.54
0.91 0.78 -0.24 74.85 228.24 211.72 2.10 1.78 -0.56 1.61 1.54 1.54 1.54
0.44 0.78 0.36 194.03 286.68 134.11 1.01 1.79 0.79 1.62 1.55 1.54 1.53
0.57 0.86 0.68 234.23 286.68 17.38 1.37 1.86 1.67 1.61 1.55 1.55 1.54
0.50 0.82 0.98 132.20 156.62 -66.61 1.15 1.88 2.26 1.61 1.55 1.54 1.54
0.19 0.80 0.97 123.17 162.51 -136.41 0.46 1.77 2.27 1.61 1.56 1.54 1.54
0.53 0.64 1.11 163.76 185.69 -152.39 1.22 1.47 2.54 1.62 1.56 1.55 1.54
0.61 0.50 1.01 195.43 187.23 -147.81 1.42 1.13 2.27 1.61 1.54 1.55 1.54
0.70 0.41 1.12 212.56 103.13 -98.21 1.61 0.95 2.56 1.62 1.55 1.56 1.54
0.74 0.17 1.02 217.37 31.27 -55.75 1.85 0.46 2.47 1.62 1.56 1.56 1.54
0.38 0.29 1.17 111.96 -35.44 -19.25 0.88 0.66 2.68 1.62 1.56 1.58 1.54
0.28 0.16 1.50 24.35 34.54 17.29 0.64 0.38 3.43 1.62 1.56 1.59 1.54
0.26 0.20 1.46 -68.39 76.87 33.75 0.50 0.44 3.34 1.62 1.57 1.61 1.54
0.03 0.40 1.49 -168.81 97.05 23.63 0.06 0.92 3.41 1.63 1.58 1.67 1.54
0.09 0.67 1.50 -259.41 140.55 -29.29 0.26 1.48 3.23 1.63 1.59 1.74 1.56
0.32 0.69 1.04 -231.09 183.50 -87.44 0.73 1.57 2.39 1.63 1.63 1.80 1.62
0.50 0.48 0.77 -36.65 193.99 -84.55 1.86 1.27 2.20 1.63 1.74 1.86 1.67
0.33 0.51 0.55 48.55 64.38 -67.12 0.76 1.17 1.25 1.63 1.80 1.93 1.72
0.22 0.34 0.56 127.11 91.55 -55.49 0.81 1.03 1.46 1.63 1.87 1.98 1.76
-0.09 0.05 0.48 132.13 86.19 -43.60 -0.16 0.21 1.09 1.63 1.93 2.04 1.81
-0.07 0.18 0.56 118.95 154.71 -11.33 -0.16 0.41 1.29 1.64 1.98 2.09 1.86
0.13 0.21 0.36 96.62 231.85 15.87 0.31 0.40 0.80 1.66 2.04 2.14 1.92
0.34 0.40 0.12 100.04 285.45 9.28 0.79 0.91 0.27 1.66 2.08 2.17 1.99
0.25 0.41 -0.21 147.10 286.68 -0.74 0.56 0.94 -0.59 1.67 2.12 2.20 2.03
0.57 0.27 -0.58 208.90 286.68 -1.49 1.31 0.62 -1.33 1.69 2.14 2.23 2.07
0.72 0.17 -0.80 243.13 286.68 0.45 1.67 0.39 -1.83 1.73 2.18 2.25 2.10
0.89 0.14 -1.13 244.90 171.68 42.24 1.93 0.37 -2.60 1.79 2.19 2.25 2.12
1.03 0.46 -1.39 196.45 89.56 61.63 2.36 1.07 -3.19 1.85 2.20 2.24 2.11
0.90 0.52 -1.54 152.77 69.77 45.31 1.94 1.43 -3.54 1.90 2.19 2.25 2.11
1.11 0.71 -1.48 104.56 76.55 22.85 2.54 1.64 -3.39 1.93 2.20 2.24 2.12
0.77 0.60 -1.44 39.45 154.05 27.51 2.08 1.35 -3.01 1.95 2.20 2.26 2.11
0.55 0.04 -1.29 -42.93 240.56 28.09 1.26 0.08 -2.97 1.95 2.19 2.24 2.11
0.82 0.69 -1.36 24.78 59.97 32.48 1.71 1.51 -3.33 1.98 2.19 2.25 2.11
0.70 1.02 -1.53 23.37 14.68 68.35 1.60 2.34 -3.51 1.99 2.18 2.24 2.11
0.99 1.03 -1.40 25.70 -5.39 20.11 2.27 2.83 -3.28 1.99 2.19 2.24 2.11
1.08 1.19 -1.29 34.71 6.54 0.63 2.38 2.64 -2.87 1.99 2.19 2.24 2.10
0.99 0.93 -1.04 48.23 -15.56 -17.45 2.27 2.14 -2.38 1.99 2.18 2.22 2.10
0.87 0.75 -0.83 44.90 -19.40 -19.15 1.96 1.70 -1.88 1.99 2.17 2.23 2.10
0.82 0.61 -0.75 32.31 -28.71 -8.65 1.89 1.39 -1.72 1.99 2.18 2.23 2.10
0.86 0.58 -0.73 10.46 -32.53 3.67 1.99 1.35 -1.69 1.98 2.17 2.23 2.08
0.88 0.70 -0.75 -16.76 -24.74 3.58 2.04 1.63 -1.71 1.97 2.17 2.21 2.08
0.96 0.80 -0.79 -18.61 -35.87 -1.03 2.21 1.84 -1.81 1.99 2.17 2.23 2.08
0.96 0.88 -0.82 -7.95 -51.55 -11.54 2.17 1.96 -1.87 1.97 2.15 2.20 2.07
0.89 0.77 -0.77 0.49 -61.49 -22.78 2.05 1.77 -1.77 1.98 2.17 2.20 2.07
0.85 0.63 -0.71 4.84 -85.21 -23.61 1.94 1.46 -1.58 1.98 2.16 2.21 2.08
0.83 0.62 -0.65 0.05 -94.60 -20.41 1.91 1.42 -1.50 1.99 2.15 2.23 2.07
0.81 0.49 -0.60 1.77 -107.85 -15.96 1.87 1.10 -1.38 1.98 2.16 2.20 2.07
0.89 0.58 -0.62 -19.96 -114.98 -20.91 1.99 1.20 -1.45 1.99 2.16 2.21 2.07
0.88 0.55 -0.65 -29.90 -113.88 -28.32 2.02 1.25 -1.50 1.98 2.16 2.20 2.06
1.03 0.67 -0.68 -43.99 -98.29 -36.85 2.46 1.45 -1.55 1.98 2.14 2.20 2.06
1.11 0.69 -0.74 -43.67 -117.86 -46.77 2.55 1.58 -1.69 1.97 2.14 2.20 2.05
1.12 0.58 -0.75 -35.80 -155.57 -57.32 2.38 1.30 -1.69 1.94 2.14 2.20 2.05
0.87 0.59 -0.52 -38.61 -188.11 -66.39 2.00 1.36 -1.20 1.95 2.13 2.20 2.04
0.66 0.58 -0.39 -47.08 -185.67 -72.24 1.57 1.31 -0.91 1.92 2.12 2.19 2.05
0.68 0.49 -0.26 -49.91 -163.60 -72.83 1.55 1.11 -0.59 1.92 2.12 2.18 2.04
0.56 0.41 -0.22 -49.63 -142.71 -69.71 1.30 0.93 -0.55 1.89 2.12 2.19 2.03
0.74 0.39 -0.31 -57.43 -122.25 -65.49 1.71 0.89 -0.78 1.87 2.10 2.16 2.01
0.88 0.30 -0.31 -51.36 -128.73 -53.39 2.01 0.70 -0.71 1.84 2.07 2.16 1.98
0.56 0.33 -0.26 -47.64 -144.60 -51.83 1.38 0.45 -0.77 1.82 2.05 2.13 1.95
0.50 0.29 -0.14 -28.22 -146.48 -40.86 1.15 0.66 -0.32 1.80 2.01 2.07 1.91
0.46 0.35 -0.10 -16.15 -145.85 -32.68 1.08 0.72 -0.23 1.78 1.97 2.04 1.86
0.06 0.38 0.16 -3.72 -149.30 -27.18 0.14 0.88 0.36 1.76 1.91 1.97 1.79
0.04 0.24 0.22 40.10 -90.68 -17.71 0.10 0.40 0.49 1.74 1.85 1.92 1.73
0.02 -0.21 0.62 -37.77 -112.12 -27.34 -0.04 -0.21 1.41 1.69 1.82 1.85 1.65
-0.27 0.61 0.71 -120.86 -138.73 -39.05 -0.62 1.41 1.64 1.67 1.72 1.80 1.60
-0.47 0.64 1.90 -232.87 -188.34 -27.50 -1.14 1.52 4.59 1.65 1.65 1.73 1.58
-0.46 0.84 2.00 -286.72 -152.04 -52.61 -1.06 1.94 4.59 1.63 1.60 1.68 1.56
-0.10 0.36 2.00 -286.72 -182.08 -67.85 -0.15 0.80 4.59 1.63 1.58 1.60 1.55
0.45 0.35 2.00 -286.72 -216.58 -42.81 1.03 0.79 4.59 1.62 1.55 1.57 1.54
0.99 0.53 2.00 -286.72 -246.37 -30.37 2.19 1.15 4.59 1.62 1.55 1.55 1.54
1.23 0.40 2.00 -286.72 -192.54 18.09 2.83 0.93 4.59 1.61 1.54 1.53 1.53
1.26 1.39 2.00 -277.78 -219.74 -75.65 2.72 2.22 4.59 1.62 1.54 1.53 1.52
0.16 0.38 1.96 -123.98 -286.72 -67.02 0.21 0.87 4.49 1.61 1.55 1.53 1.54
0.06 0.64 0.96 -50.23 -64.44 70.99 0.13 1.47 2.20 1.62 1.53 1.54 1.53
0.36 0.37 0.44 -41.64 14.87 192.39 1.26 1.11 1.08 1.62 1.54 1.54 1.53
0.28 0.22 -0.48 -8.38 81.46 286.68 0.64 0.50 -1.10 1.63 1.54 1.55 1.54
0.74 0.67 -0.74 118.23 118.55 246.36 1.37 1.38 -1.76 1.61 1.55 1.54 1.55
0.65 0.71 -0.19 286.68 286.68 171.22 1.49 1.63 -0.43 1.61 1.55 1.55 1.53
0.84 0.74 0.35 286.68 286.68 66.91 2.11 1.85 0.84 1.63 1.55 1.54 1.53
0.51 0.80 0.49 164.96 130.30 -40.41 1.16 1.84 1.13 1.62 1.55 1.54 1.54
0.67 0.67 0.60 240.70 126.24 -116.81 1.53 1.50 1.35 1.63 1.55 1.55 1.54
0.76 0.47 0.56 273.24 107.53 -170.75 1.76 1.01 1.29 1.62 1.56 1.54 1.54
0.80 0.29 0.61 286.68 41.83 -182.52 1.84 0.67 1.41 1.63 1.55 1.54 1.55
0.82 0.21 0.57 286.68 -7.14 -130.81 1.84 0.29 1.24 1.63 1.55 1.55 1.53
0.69 0.08 0.54 286.68 -27.16 -54.84 1.58 0.19 1.25 1.62 1.56 1.54 1.54
0.76 0.24 0.69 161.26 -46.16 30.22 1.78 0.47 1.63 1.62 1.55 1.55 1.55
0.69 0.35 0.59 36.35 47.71 68.12 1.58 0.80 1.36 1.62 1.56 1.55 1.55
0.86 0.24 0.50 -57.86 56.06 82.07 2.21 0.94 1.15 1.62 1.56 1.56 1.54
0.98 0.39 0.38 -117.63 51.37 66.61 2.21 0.83 0.83 1.63 1.56 1.56 1.54
0.95 0.37 0.44 -174.70 17.06 46.38 2.18 0.85 1.00 1.62 1.56 1.55 1.55
0.94 0.36 0.52 -247.81 -4.79 31.64 2.18 0.82 1.22 1.62 1.56 1.55 1.56
0.92 0.43 0.73 -286.72 -30.91 21.37 2.12 0.98 1.67 1.62 1.55 1.55 1.55
0.87 0.48 0.90 -286.72 -33.67 2.07 1.98 1.18 2.14 1.62 1.55 1.56 1.54
0.88 0.59 1.10 -286.72 -31.77 -2.03 2.02 1.35 2.53 1.63 1.56 1.56 1.54
0.82 0.72 1.53 -286.72 -25.93 -6.93 1.88 1.69 3.64 1.63 1.56 1.57 1.54
0.64 0.81 1.51 -188.38 3.02 -41.48 1.40 1.87 3.38 1.62 1.57 1.56 1.54
0.36 0.64 1.51 -92.86 -7.89 -54.65 0.84 1.46 3.47 1.63 1.57 1.57 1.56
0.30 0.86 1.58 -59.55 -103.01 -57.86 0.68 2.00 3.70 1.64 1.57 1.56 1.55
0.06 1.13 2.00 25.72 -37.30 -62.59 0.14 2.59 4.59 1.63 1.58 1.60 1.55
-0.63 1.04 1.66 100.00 7.96 -59.43 -1.57 2.48 3.73 1.62 1.58 1.62 1.55
-0.60 1.01 1.95 185.21 131.57 -87.60 -1.37 2.32 4.48 1.63 1.60 1.66 1.60
-0.52 0.74 1.89 201.35 159.34 -113.27 -1.55 1.65 4.42 1.65 1.62 1.74 1.66
-0.76 0.50 1.50 199.68 241.88 -99.33 -1.51 0.96 3.45 1.65 1.68 1.85 1.72
-0.43 -0.01 1.15 169.78 286.68 -99.78 -0.99 -0.03 2.63 1.64 1.80 1.99 1.78
0.08 -0.26 0.55 149.79 286.68 -67.64 0.07 -0.76 1.16 1.63 1.93 2.06 1.85
0.52 -0.31 0.32 82.76 286.68 2.03 1.18 -0.72 0.74 1.65 2.00 2.12 1.91
0.84 0.27 -0.02 38.29 286.68 14.55 2.01 0.54 -0.15 1.63 2.06 2.15 1.93
0.71 0.50 -0.36 65.20 286.68 -34.15 1.62 1.16 -0.83 1.63 2.09 2.19 1.98
0.83 0.71 -0.30 102.13 245.69 -48.72 2.16 1.59 -0.66 1.64 2.12 2.23 2.00
0.57 0.64 -0.53 173.64 129.15 -62.12 1.31 1.48 -1.21 1.66 2.15 2.23 2.04
0.58 0.34 -0.60 235.95 65.42 -7.61 1.33 0.78 -1.42 1.66 2.16 2.25 2.07
0.61 -0.15 -0.82 208.74 35.48 87.79 1.56 -0.69 -1.87 1.70 2.18 2.26 2.11
0.85 0.06 -0.93 122.75 113.63 132.65 1.95 0.14 -2.14 1.75 2.19 2.26 2.12
0.73 0.35 -1.16 81.20 120.28 121.50 1.50 0.52 -2.54 1.81 2.20 2.27 2.13
1.00 0.59 -1.18 56.96 124.86 80.89 2.28 1.36 -2.70 1.88 2.22 2.27 2.14
0.71 0.62 -1.51 58.89 85.80 11.31 1.52 1.48 -3.69 1.94 2.21 2.26 2.13
0.50 0.68 -1.64 -39.50 204.11 6.97 1.15 1.56 -3.77 1.97 2.21 2.27 2.14
1.07 0.51 -1.52 19.86 110.07 5.45 2.37 0.98 -3.55 2.00 2.21 2.27 2.14
0.91 0.44 -1.56 4.84 104.87 30.78 1.74 0.98 -3.58 2.02 2.22 2.26 2.14
1.01 1.17 -1.54 29.79 27.58 52.16 2.32 2.68 -3.53 2.03 2.23 2.25 2.13
0.83 1.07 -1.36 73.52 11.80 27.88 1.92 2.22 -3.03 2.03 2.21 2.26 2.13
1.12 0.70 -1.04 51.59 30.34 -5.24 2.56 1.61 -2.38 2.03 2.21 2.26 2.13
0.93 0.65 -0.68 23.86 22.43 -4.78 2.00 1.35 -1.52 2.05 2.20 2.27 2.12
0.95 0.52 -0.53 14.44 15.04 9.56 2.19 1.19 -1.23 2.03 2.20 2.27 2.11
1.03 0.59 -0.46 3.48 10.02 16.56 2.28 1.39 -1.08 2.03 2.20 2.25 2.12
0.87 0.71 -0.37 10.98 -3.64 5.63 2.00 1.61 -0.84 2.03 2.19 2.25 2.12
0.79 0.66 -0.29 22.24 -3.46 -7.28 1.81 1.53 -0.66 2.03 2.19 2.24 2.11
0.86 0.44 -0.19 26.18 5.34 -16.72 1.99 0.98 -0.42 2.03 2.18 2.24 2.11
0.91 0.25 -0.16 18.75 2.52 -13.13 2.08 0.57 -0.36 2.03 2.19 2.24 2.10
1.01 0.27 -0.18 7.73 -5.98 -7.41 2.36 0.60 -0.41 2.04 2.19 2.25 2.10
0.99 0.33 -0.14 4.58 -22.04 -3.45 2.22 0.79 -0.32 2.03 2.18 2.25 2.11
0.83 0.35 -0.03 5.29 -25.95 -5.70 1.91 0.81 -0.08 2.01 2.17 2.25 2.11
0.73 0.37 0.03 8.80 -17.87 -7.99 1.66 0.80 0.07 2.01 2.17 2.24 2.11
0.79 0.28 -0.01 13.08 -4.47 -6.04 1.81 0.64 -0.02 2.01 2.18 2.23 2.10
0.85 0.27 -0.06 10.16 -3.06 -3.61 1.94 0.62 -0.15 2.03 2.18 2.24 2.08
0.90 0.30 -0.11 4.69 -0.94 -0.07 2.11 0.69 -0.27 2.03 2.17 2.24 2.10
0.95 0.35 -0.15 3.82 -5.28 -0.03 2.19 0.80 -0.34 2.02 2.16 2.24 2.09
0.93 0.24 -0.15 5.96 -16.69 -2.05 2.32 0.74 -0.21 2.02 2.17 2.24 2.09
0.86 0.38 -0.07 5.18 -28.11 -5.16 1.98 0.88 -0.17 2.01 2.18 2.23 2.10
0.84 0.37 -0.03 6.31 -19.67 -3.31 1.95 0.85 -0.07 2.01 2.17 2.23 2.09
0.82 0.34 -0.06 2.51 -16.08 -3.75 1.85 0.76 -0.16 2.01 2.17 2.23 2.08
0.85 0.37 -0.09 -4.71 -8.28 -2.15 1.95 0.86 -0.21 2.02 2.16 2.23 2.09
0.95 0.41 -0.15 -7.43 -7.64 -2.37 2.20 0.95 -0.34 2.00 2.16 2.23 2.09
0.95 0.42 -0.13 -6.14 -18.89 -4.41 2.18 0.96 -0.30 2.01 2.17 2.21 2.09
0.91 0.41 -0.12 -1.53 -23.72 -5.51 2.10 0.95 -0.25 2.00 2.17 2.21 2.09
0.86 0.38 -0.05 1.85 -25.93 -6.68 1.92 0.88 -0.13 2.00 2.17 2.23 2.09
0.78 0.37 -0.01 2.38 -16.68 -5.43 1.79 0.84 -0.03 2.01 2.16 2.23 2.10
0.87 0.35 -0.05 -0.68 -6.73 -4.39 2.04 0.69 -0.11 2.01 2.16 2.22 2.09
0.94 0.37 -0.07 -5.41 -4.96 -4.08 2.15 0.85 -0.16 2.01 2.17 2.23 2.08
0.97 0.38 -0.06 -4.17 -7.95 -4.49 2.24 0.90 -0.14 2.00 2.17 2.22 2.08
0.96 0.37 -0.06 -0.83 -12.51 -5.50 2.20 0.84 -0.15 2.00 2.16 2.23 2.08
0.95 0.35 -0.07 1.49 -15.88 -4.88 2.18 0.80 -0.16 2.00 2.16 2.23 2.07
0.92 0.34 -0.03 -0.21 -18.00 -4.60 2.09 0.77 -0.06 1.99 2.15 2.21 2.08
0.87 0.34 0.01 0.64 -13.83 -1.01 1.99 0.78 0.03 2.00 2.15 2.22 2.07
0.88 0.36 0.03 -0.55 -6.46 0.65 2.02 0.82 0.07 2.01 2.14 2.23 2.08
0.92 0.40 -0.00 -2.70 1.37 -2.41 2.13 0.93 -0.01 2.00 2.16 2.22 2.08
0.99 0.41 -0.05 1.04 -0.14 -4.84 2.27 0.95 -0.12 2.00 2.16 2.22 2.08
0.98 0.39 -0.06 2.56 -6.13 -6.77 2.24 0.89 -0.13 2.00 2.16 2.22 2.09
0.93 0.36 -0.05 0.61 -10.88 -7.33 2.13 0.83 -0.11 2.00 2.15 2.21 2.07
0.91 0.36 -0.04 -1.97 -9.46 -7.53 2.10 0.83 -0.10 2.00 2.15 2.22 2.07
0.90 0.37 -0.04 -1.27 -8.23 -6.89 2.07 0.84 -0.09 1.99 2.16 2.23 2.08
0.90 0.33 -0.02 -0.50 -6.68 -5.20 2.06 0.77 -0.04 2.01 2.15 2.22 2.07
0.91 0.33 -0.01 -2.01 -4.01 -2.96 2.10 0.76 -0.01 2.00 2.16 2.21 2.08
0.94 0.36 -0.02 -2.44 -3.92 -2.18 2.16 0.83 -0.03 1.99 2.14 2.23 2.07
0.90 0.36 0.01 -1.53 -5.48 -2.64 2.07 0.82 0.02 1.99 2.15 2.21 2.08
0.91 0.35 0.00 -1.09 -3.16 -2.59 2.10 0.79 -0.00 1.99 2.15 2.21 2.08
0.93 0.35 -0.02 -0.71 -3.78 -2.73 2.13 0.81 -0.04 2.00 2.14 2.21 2.07
0.92 0.34 -0.01 -1.30 -4.51 -2.91 2.10 0.78 -0.01 1.99 2.16 2.21 2.07
0.91 0.34 -0.01 -1.46 -3.31 -2.80 2.10 0.78 -0.01 2.00 2.16 2.21 2.08
0.92 0.34 0.01 -0.52 -2.51 -2.13 2.11 0.77 0.03 1.99 2.15 2.21 2.07
0.93 0.34 0.02 0.13 -0.37 -0.05 2.13 0.81 0.01 1.99 2.16 2.22 2.06
0.95 0.33 0.01 1.28 0.21 -0.17 2.16 0.77 0.01 2.01 2.14 2.22 2.08
0.93 0.33 -0.01 1.00 -1.00 0.10 2.14 0.75 -0.02 1.99 2.14 2.22 2.07
0.91 0.34 -0.02 -0.20 -0.29 0.87 2.08 0.80 -0.05 1.99 2.16 2.21 2.07
0.90 0.38 -0.03 -0.23 1.52 0.53 2.08 0.87 -0.07 1.99 2.14 2.21 2.07
0.93 0.36 -0.04 1.24 0.86 0.11 2.13 0.83 -0.10 1.99 2.16 2.22 2.08
0.93 0.35 -0.03 0.15 -1.82 0.52 2.14 0.81 -0.06 1.99 2.15 2.21 2.08
0.91 0.36 -0.01 -0.59 -2.25 1.21 2.08 0.83 -0.02 1.99 2.14 2.21 2.08
0.91 0.36 -0.01 -0.07 -1.43 0.94 2.10 0.82 -0.04 1.98 2.15 2.22 2.07
0.92 0.39 -0.04 -0.33 -1.70 0.72 2.11 0.90 -0.09 1.99 2.15 2.21 2.07
0.91 0.37 -0.05 2.45 -3.32 0.20 2.08 0.84 -0.11 1.99 2.15 2.23 2.08
0.90 0.35 -0.03 2.59 -2.16 -0.11 2.08 0.80 -0.05 1.99 2.15 2.22 2.07
0.92 0.33 -0.02 0.81 -2.19 0.88 2.11 0.76 -0.04 1.98 2.14 2.22 2.07
0.90 0.35 -0.00 -0.97 -2.16 2.11 2.08 0.81 -0.02 2.00 2.14 2.21 2.07
0.91 0.37 -0.00 -2.13 -1.80 1.56 2.09 0.84 -0.00 1.98 2.14 2.21 2.07
0.91 0.38 -0.00 -0.52 -1.40 1.58 2.09 0.87 -0.01 1.99 2.16 2.23 2.09
0.93 0.37 -0.01 0.01 -2.27 1.34 2.13 0.86 -0.04 1.99 2.15 2.24 2.09
0.93 0.38 -0.01 0.30 -3.33 0.28 2.14 0.87 -0.03 2.00 2.15 2.21 2.09
0.93 0.37 0.00 1.25 -3.94 -0.11 2.13 0.85 0.00 1.99 2.14 2.20 2.07
0.92 0.34 0.01 -0.04 -2.79 -0.31 2.11 0.79 0.01 1.99 2.15 2.20 2.07
0.91 0.35 0.01 -4.00 -1.40 0.24 2.08 0.80 0.03 1.98 2.15 2.23 2.07
0.90 0.38 0.01 -5.29 0.26 0.74 2.09 0.86 0.03 1.98 2.14 2.20 2.07
0.91 0.38 0.01 -4.57 1.53 -0.31 2.09 0.88 0.03 1.98 2.14 2.20 2.07
0.94 0.38 -0.01 -1.93 1.41 -0.67 2.15 0.87 -0.02 1.98 2.13 2.21 2.08
0.95 0.36 -0.02 -0.20 -0.82 -1.29 2.18 0.83 -0.06 1.98 2.14 2.20 2.07
0.93 0.35 -0.01 -0.11 -3.17 -2.25 2.12 0.80 -0.03 1.99 2.14 2.21 2.06
0.90 0.33 -0.00 -1.57 -2.60 -0.94 2.07 0.77 -0.00 1.97 2.14 2.21 2.06
0.89 0.35 0.00 -4.52 -0.70 -0.28 2.03 0.81 0.03 1.98 2.13 2.21 2.06
0.89 0.38 0.01 -5.14 2.45 -0.04 2.05 0.87 0.03 1.98 2.14 2.22 2.07
0.92 0.38 0.00 -3.43 4.08 -0.60 2.10 0.88 0.00 1.98 2.15 2.21 2.06
