start recording
0.82 0.09 1.38 286.66 -204.65 -139.22 1.89 0.21 3.17 1.67 1.68 1.69 1.61
0.28 0.21 0.30 265.25 -282.05 -132.20 0.35 0.59 0.42 1.65 1.63 1.66 1.59
0.63 -0.50 0.74 286.68 -240.19 -151.97 1.45 -1.16 1.70 1.65 1.61 1.66 1.58
0.56 -0.59 0.59 286.68 -286.69 -117.63 1.20 -1.50 1.45 1.65 1.59 1.65 1.56
0.51 -0.94 0.96 286.68 -218.57 -50.48 1.30 -2.16 2.20 1.64 1.57 1.63 1.56
0.60 -1.04 0.76 286.68 -168.24 -10.16 1.37 -2.38 1.74 1.63 1.56 1.61 1.55
0.58 -0.85 0.63 286.68 -137.42 44.29 1.30 -1.99 1.45 1.63 1.55 1.60 1.54
0.55 -0.89 0.44 286.68 -93.39 100.42 1.26 -2.04 1.01 1.63 1.55 1.59 1.54
0.40 -1.01 0.55 286.68 -73.73 129.26 0.99 -2.44 1.23 1.62 1.54 1.58 1.53
0.45 -1.27 0.73 286.68 -74.18 145.04 1.04 -2.92 1.68 1.62 1.54 1.58 1.53
0.47 -1.34 0.73 286.68 -74.10 154.81 1.08 -3.07 1.75 1.62 1.53 1.58 1.53
0.52 -1.30 0.80 286.68 -84.18 158.16 1.17 -3.01 1.85 1.62 1.53 1.56 1.52
0.54 -1.19 0.73 285.59 -92.84 158.86 1.25 -2.73 1.68 1.61 1.52 1.56 1.52
0.60 -1.07 0.58 266.25 -97.56 179.25 1.37 -2.66 1.35 1.61 1.52 1.56 1.51
0.54 -1.09 0.54 268.64 -91.35 204.67 1.23 -2.51 1.24 1.61 1.52 1.55 1.51
0.42 -1.09 0.39 286.60 -83.75 224.31 1.03 -2.46 0.95 1.61 1.52 1.55 1.50
0.54 -1.28 0.64 286.68 -74.16 238.49 1.22 -2.93 1.47 1.61 1.52 1.54 1.51
0.43 -1.38 0.70 256.06 -71.93 243.14 0.98 -3.17 1.61 1.61 1.51 1.54 1.51
0.51 -1.46 0.83 188.83 -84.45 238.02 1.08 -3.41 1.81 1.61 1.52 1.55 1.50
0.34 -1.29 0.61 107.03 -111.27 237.26 0.79 -2.95 1.39 1.61 1.52 1.53 1.51
0.44 -0.99 0.42 107.71 -95.72 251.71 1.08 -2.28 0.96 1.60 1.52 1.54 1.50
0.42 -0.86 0.20 152.02 -83.07 286.19 0.95 -1.98 0.46 1.61 1.52 1.53 1.51
0.59 -0.86 0.14 229.66 -75.46 286.68 1.36 -2.00 0.40 1.61 1.52 1.52 1.50
0.56 -1.01 0.15 281.64 -73.65 286.68 1.29 -2.24 0.31 1.61 1.52 1.52 1.51
0.63 -1.00 0.16 286.68 -92.48 286.68 1.44 -2.29 0.36 1.61 1.52 1.52 1.50
0.59 -1.08 0.34 262.62 -125.63 286.68 1.28 -2.49 0.84 1.61 1.51 1.51 1.50
0.43 -0.83 0.55 181.86 -144.23 286.68 0.99 -1.92 1.26 1.61 1.52 1.52 1.50
0.35 -0.51 0.50 113.39 -152.21 286.68 0.75 -1.05 1.09 1.61 1.52 1.51 1.51
0.26 0.17 0.35 119.29 -146.65 286.68 0.57 0.39 0.81 1.61 1.51 1.51 1.50
0.38 0.13 0.56 159.43 -136.88 286.68 0.88 0.30 1.28 1.60 1.52 1.52 1.49
0.22 0.15 0.88 170.95 -140.23 285.99 0.52 0.36 2.13 1.61 1.50 1.52 1.49
0.00 0.08 1.35 144.14 -123.27 249.25 0.01 0.19 3.09 1.59 1.51 1.50 1.52
0.07 0.37 1.49 97.57 -90.18 208.58 0.09 0.92 3.37 1.61 1.51 1.51 1.50
0.05 0.84 1.49 55.33 -35.94 171.32 0.12 1.93 3.41 1.61 1.50 1.51 1.49
0.27 1.08 1.49 50.50 -8.53 147.60 0.62 2.47 3.31 1.60 1.50 1.51 1.51
0.22 1.13 1.43 46.65 -7.84 124.09 0.54 2.45 3.32 1.60 1.51 1.51 1.49
0.26 1.09 1.45 55.31 -7.17 99.59 0.60 2.49 3.33 1.60 1.52 1.50 1.49
0.28 1.10 1.42 43.37 -3.45 74.76 0.69 2.51 3.24 1.61 1.51 1.51 1.49
0.38 1.04 1.37 21.06 2.38 46.40 0.87 2.40 3.15 1.60 1.50 1.51 1.49
0.47 0.99 1.22 1.00 9.60 17.65 1.09 2.28 2.79 1.60 1.52 1.50 1.50
0.57 0.90 1.07 -3.22 24.13 -8.63 1.31 2.02 2.45 1.60 1.51 1.50 1.50
0.61 0.72 0.98 -5.62 44.25 -31.31 1.40 1.66 2.25 1.61 1.51 1.50 1.51
0.70 0.54 0.87 -12.92 47.43 -47.41 1.63 1.21 2.00 1.60 1.50 1.51 1.50
0.79 0.40 0.80 -26.64 32.44 -62.75 1.81 0.93 1.83 1.60 1.50 1.52 1.50
0.79 0.39 0.80 -38.61 13.92 -78.84 1.82 0.90 1.84 1.60 1.51 1.51 1.50
0.73 0.40 0.86 -46.59 3.60 -97.47 1.70 0.95 2.01 1.61 1.51 1.52 1.51
0.63 0.38 1.09 -60.93 10.85 -121.62 1.45 0.87 2.51 1.60 1.52 1.50 1.50
0.55 0.39 1.21 -84.11 43.04 -156.19 1.25 0.88 2.76 1.60 1.50 1.51 1.50
0.46 0.42 1.22 -107.96 93.24 -198.44 1.05 0.97 2.80 1.61 1.51 1.52 1.50
0.65 0.18 0.86 -141.85 72.21 -203.93 1.49 0.41 1.98 1.61 1.51 1.51 1.50
0.73 0.13 0.85 -161.83 34.65 -203.08 1.71 0.12 2.02 1.61 1.51 1.52 1.50
0.83 -0.16 0.90 -203.16 5.93 -224.33 1.90 -0.37 2.07 1.61 1.53 1.54 1.50
0.83 -0.26 0.75 -250.40 -9.19 -249.65 1.88 -0.85 1.71 1.63 1.51 1.54 1.51
0.90 -0.38 0.89 -286.72 -20.44 -286.61 2.07 -0.88 2.04 1.62 1.51 1.56 1.51
0.82 -0.52 0.78 -286.72 -29.02 -286.72 1.89 -1.29 1.74 1.63 1.52 1.56 1.51
0.78 -0.68 0.60 -286.72 1.78 -286.72 1.79 -1.48 1.35 1.63 1.53 1.59 1.52
0.82 -0.72 0.41 -286.72 42.60 -286.72 1.87 -1.65 0.95 1.65 1.53 1.60 1.53
0.90 -0.72 0.25 -286.72 49.69 -286.72 2.07 -1.61 0.52 1.64 1.54 1.63 1.53
0.91 -0.67 0.10 -286.72 59.33 -286.72 2.09 -1.54 0.23 1.67 1.56 1.65 1.55
0.88 -0.41 -0.06 -286.72 13.10 -286.72 2.10 -0.81 -0.06 1.66 1.59 1.70 1.62
0.90 -0.10 0.40 -286.72 -15.03 -246.92 2.07 -0.22 0.91 1.67 1.63 1.72 1.66
0.95 -0.14 0.54 -286.72 -0.10 -196.73 2.19 -0.33 1.25 1.66 1.66 1.76 1.68
0.91 -0.28 0.63 -286.72 17.29 -131.57 2.11 -0.68 1.44 1.66 1.72 1.78 1.71
0.90 -0.28 0.65 -286.72 17.91 -90.31 2.06 -0.63 1.50 1.66 1.75 1.82 1.73
0.74 -0.31 0.67 -286.72 17.33 -103.74 1.56 -0.74 1.58 1.67 1.79 1.87 1.75
0.72 -0.38 0.54 -286.72 0.85 -120.47 1.64 -0.88 1.24 1.69 1.80 1.90 1.78
0.83 -0.28 0.31 -286.72 -50.47 -113.23 1.87 -0.53 0.71 1.68 1.84 1.96 1.81
0.75 -0.09 0.30 -286.72 -74.91 -69.92 1.72 -0.16 0.74 1.69 1.88 1.96 1.85
0.80 -0.03 0.52 -286.72 -50.15 -18.01 1.83 -0.06 1.19 1.69 1.92 2.01 1.89
0.73 0.06 0.68 -286.72 -19.88 14.21 1.61 0.14 1.53 1.70 1.94 2.04 1.92
0.70 0.16 0.63 -286.72 -9.49 36.59 1.61 0.38 1.45 1.69 1.99 2.07 1.95
0.55 0.24 0.61 -286.72 -19.40 40.63 1.32 0.60 1.42 1.68 2.02 2.11 1.98
0.62 0.38 0.48 -286.72 -42.99 23.74 1.47 0.89 1.11 1.68 2.05 2.12 1.99
0.70 0.48 0.59 -277.52 -62.47 13.76 1.62 1.10 1.35 1.68 2.05 2.14 1.99
0.69 0.41 0.49 -241.60 -71.88 12.48 1.59 0.96 1.13 1.70 2.07 2.15 2.01
0.59 0.48 0.79 -187.98 -63.44 20.16 1.36 1.10 1.82 1.69 2.10 2.17 2.04
0.47 0.47 0.88 -147.83 -51.13 16.49 1.11 1.07 1.93 1.70 2.11 2.19 2.06
0.54 0.45 0.82 -109.97 -21.34 10.38 1.23 1.02 1.88 1.71 2.13 2.22 2.07
0.55 0.55 0.92 -82.84 -5.94 -5.33 1.25 1.26 2.12 1.71 2.15 2.20 2.07
0.46 0.59 0.71 -58.27 13.54 -25.98 1.10 1.46 1.65 1.70 2.16 2.23 2.10
0.83 0.47 0.55 -46.31 -3.08 -38.43 1.92 1.09 1.26 1.72 2.16 2.24 2.10
0.78 0.44 0.61 -25.64 -5.11 -39.80 1.91 0.97 1.54 1.72 2.18 2.22 2.10
0.62 0.52 0.53 -22.02 -58.06 -68.83 1.43 1.20 1.21 1.73 2.19 2.24 2.11
0.67 0.59 0.72 -8.19 -71.40 -70.44 1.53 1.35 1.64 1.74 2.19 2.23 2.10
0.54 0.47 0.85 24.18 -61.44 -78.93 1.24 1.01 1.97 1.74 2.18 2.24 2.12
0.51 0.34 0.82 40.12 -45.72 -89.15 1.16 0.77 1.89 1.76 2.17 2.22 2.12
0.63 0.40 0.86 17.24 -16.02 -80.29 1.42 0.85 2.00 1.77 2.17 2.23 2.11
0.68 0.35 0.81 28.88 1.53 -74.51 1.57 0.80 1.87 1.80 2.19 2.24 2.11
0.73 0.30 0.76 13.84 -18.49 -75.88 1.68 0.69 1.74 1.82 2.17 2.22 2.10
0.61 0.30 0.72 2.51 -18.35 -79.06 1.36 0.65 1.65 1.84 2.18 2.21 2.10
0.62 0.29 0.69 -6.51 -4.65 -74.09 1.41 0.67 1.59 1.85 2.18 2.21 2.11
0.69 0.26 0.71 -11.06 12.32 -66.75 1.58 0.55 1.66 1.88 2.16 2.21 2.11
0.70 0.23 0.67 -10.80 24.07 -69.73 1.61 0.53 1.55 1.90 2.18 2.20 2.10
0.73 0.23 0.57 -13.46 26.21 -76.69 1.68 0.53 1.30 1.93 2.16 2.20 2.08
0.87 0.18 0.50 -5.34 28.48 -72.90 2.05 0.37 1.14 1.94 2.16 2.19 2.10
0.84 0.11 0.47 -3.03 14.80 -66.05 1.93 0.25 1.07 1.96 2.17 2.20 2.10
0.70 0.00 0.55 -10.27 8.33 -62.17 1.83 0.13 1.44 1.98 2.15 2.21 2.08
0.68 0.15 0.58 -10.54 9.94 -62.82 1.56 0.34 1.33 1.98 2.16 2.20 2.10
0.57 -0.01 0.62 -6.52 30.89 -51.22 1.31 -0.03 1.06 1.99 2.15 2.20 2.10
0.73 0.00 0.55 -5.28 56.28 -35.48 1.63 -0.02 1.23 1.99 2.14 2.21 2.07
0.81 0.02 0.42 -14.72 70.65 -27.40 1.85 0.04 0.96 2.00 2.15 2.19 2.08
0.93 0.11 0.29 -13.69 65.21 -23.72 2.14 0.23 0.65 2.00 2.15 2.20 2.08
0.98 0.09 0.24 -3.03 42.68 -22.94 2.26 0.21 0.55 2.00 2.16 2.19 2.10
0.97 0.01 0.21 9.66 25.29 -17.81 2.23 0.03 0.50 2.00 2.14 2.18 2.10
0.96 0.02 0.21 9.96 13.81 -18.73 2.23 0.02 0.48 1.99 2.15 2.20 2.08
0.92 0.03 0.22 7.83 8.58 -20.49 2.10 0.08 0.50 1.98 2.16 2.20 2.08
0.89 -0.03 0.25 9.43 7.60 -19.92 2.04 -0.08 0.57 1.98 2.16 2.18 2.10
0.93 -0.10 0.27 2.56 9.13 -15.91 2.13 -0.22 0.61 1.99 2.15 2.19 2.07
0.98 -0.02 0.26 -2.32 1.41 -9.41 2.24 -0.04 0.60 1.99 2.16 2.17 2.08
0.96 0.06 0.31 -0.72 -6.76 -10.68 2.19 0.15 0.70 1.98 2.14 2.19 2.08
0.96 0.01 0.34 5.78 -18.17 -10.80 2.21 0.03 0.77 1.99 2.14 2.17 2.06
0.91 -0.01 0.40 6.05 -25.55 -6.62 2.08 -0.03 0.94 2.00 2.14 2.19 2.06
0.85 0.01 0.49 0.29 -24.68 -2.04 1.93 0.02 1.12 1.98 2.14 2.18 2.10
0.78 0.06 0.54 -3.21 -16.06 -0.25 1.80 0.15 1.23 1.99 2.14 2.18 2.08
0.83 0.10 0.52 -3.12 -3.21 0.87 1.94 0.22 1.19 1.98 2.15 2.17 2.08
0.93 0.11 0.48 -2.33 -0.65 1.82 2.13 0.26 1.11 1.99 2.14 2.18 2.07
0.93 0.13 0.49 -4.56 -6.30 -0.92 2.14 0.30 1.13 1.98 2.13 2.17 2.07
0.91 0.16 0.52 -4.84 -10.67 -4.04 2.06 0.36 1.19 1.97 2.14 2.17 2.07
0.84 0.14 0.57 -2.95 -10.61 -5.79 1.92 0.32 1.30 1.97 2.14 2.17 2.08
0.79 0.11 0.60 -2.07 -3.10 -4.79 1.80 0.25 1.36 1.97 2.13 2.18 2.06
0.78 0.10 0.59 -1.99 6.83 -0.12 1.77 0.23 1.36 1.96 2.12 2.16 2.08
0.81 0.14 0.56 -4.00 18.23 2.71 1.85 0.32 1.29 1.95 2.14 2.17 2.08
0.93 0.20 0.47 -2.23 22.23 2.13 2.15 0.47 1.09 1.96 2.14 2.17 2.08
0.95 0.21 0.42 4.76 10.95 -1.60 2.19 0.47 0.96 1.96 2.13 2.17 2.07
0.95 0.19 0.42 7.67 -0.81 -5.68 2.19 0.43 0.97 1.96 2.13 2.19 2.08
0.89 0.16 0.46 8.30 -9.78 -8.09 2.03 0.35 1.07 1.95 2.12 2.17 2.06
0.85 0.16 0.49 6.20 -7.93 -9.68 1.95 0.38 1.14 1.95 2.12 2.18 2.07
0.84 0.17 0.49 8.06 -1.69 -8.35 1.92 0.39 1.13 1.93 2.12 2.17 2.07
0.84 0.11 0.48 6.20 4.84 -8.70 1.91 0.25 1.10 1.93 2.13 2.17 2.07
0.93 0.16 0.42 1.63 15.29 -6.11 2.13 0.37 0.96 1.93 2.12 2.17 2.06
1.03 0.19 0.38 0.57 5.60 -6.76 2.37 0.43 0.87 1.92 2.12 2.17 2.06
0.97 0.18 0.34 3.47 -16.00 -14.52 2.22 0.40 0.78 1.91 2.13 2.16 2.06
0.94 0.17 0.35 12.37 -26.65 -21.04 2.16 0.38 0.81 1.89 2.12 2.19 2.06
0.85 0.20 0.41 23.89 -33.86 -24.32 1.92 0.44 0.96 1.87 2.12 2.17 2.07
0.81 0.22 0.45 41.64 -26.14 -30.64 1.87 0.51 1.02 1.87 2.11 2.18 2.05
0.81 0.29 0.40 56.93 -16.51 -33.72 1.85 0.67 0.87 1.85 2.11 2.18 2.06
0.79 0.16 0.35 72.13 -2.27 -36.08 1.82 0.33 0.80 1.82 2.11 2.16 2.05
0.90 -0.03 0.32 69.00 9.98 -27.79 2.06 -0.06 0.72 1.80 2.09 2.16 2.04
0.91 -0.01 0.24 51.28 3.51 -10.36 2.07 -0.03 0.57 1.79 2.06 2.12 2.02
0.81 0.06 0.32 56.62 0.11 -5.64 1.86 0.14 0.74 1.77 2.04 2.10 1.99
0.74 0.14 0.36 81.36 9.57 -16.99 1.70 0.32 0.83 1.76 2.01 2.04 1.95
0.67 0.16 0.32 98.83 23.60 -39.29 1.53 0.34 0.80 1.75 1.96 2.00 1.92
0.75 0.00 0.23 130.51 39.73 -47.46 1.73 0.00 0.52 1.73 1.92 1.93 1.88
0.74 -0.21 0.15 154.32 35.24 -44.33 1.83 -0.57 0.41 1.73 1.91 1.88 1.82
0.85 -0.43 0.15 152.88 3.18 -35.74 1.99 -0.98 0.34 1.70 1.86 1.84 1.76
0.94 -0.47 0.04 136.37 -50.59 -34.65 2.16 -1.08 0.09 1.69 1.83 1.81 1.72
1.21 -0.51 0.47 285.86 -286.72 -107.04 2.62 -1.08 1.07 1.68 1.79 1.78 1.68
0.66 -0.59 0.15 283.51 -286.72 -37.35 1.52 -1.36 0.35 1.68 1.74 1.74 1.66
0.60 -0.91 0.65 286.68 -286.72 -15.97 1.39 -2.04 1.56 1.66 1.71 1.71 1.63
0.42 -0.99 0.98 286.68 -246.79 52.90 0.96 -2.28 2.24 1.65 1.65 1.67 1.60
0.36 -1.03 0.83 286.68 -196.91 60.54 0.83 -2.36 1.90 1.64 1.61 1.66 1.58
0.43 -1.35 0.78 286.68 -135.37 78.43 0.98 -3.12 1.80 1.64 1.60 1.63 1.57
0.35 -1.38 0.78 286.68 -102.39 105.46 0.80 -3.17 1.80 1.63 1.57 1.61 1.56
0.49 -1.31 0.68 286.68 -70.46 148.35 1.18 -2.96 1.56 1.64 1.55 1.60 1.54
0.55 -1.42 0.63 286.68 -65.17 190.83 1.27 -3.25 1.46 1.63 1.55 1.60 1.53
0.57 -1.28 0.53 286.68 -80.52 218.28 1.29 -2.95 1.20 1.63 1.54 1.60 1.52
0.46 -1.42 0.61 286.68 -91.99 232.94 1.08 -3.27 1.43 1.62 1.55 1.59 1.53
0.30 -1.32 0.55 286.68 -118.28 233.81 0.70 -3.02 1.26 1.63 1.53 1.58 1.52
0.32 -1.34 0.56 286.68 -109.15 246.55 0.66 -2.92 1.27 1.63 1.53 1.57 1.52
0.29 -1.45 0.64 286.68 -101.49 268.23 0.67 -3.32 1.46 1.62 1.54 1.55 1.52
0.31 -1.36 0.70 286.68 -86.01 281.50 0.78 -3.12 1.59 1.63 1.51 1.56 1.51
0.34 -1.27 0.52 284.46 -71.70 286.68 0.79 -2.91 1.19 1.61 1.54 1.54 1.51
0.37 -1.20 0.47 286.68 -74.49 286.68 0.85 -2.75 1.05 1.62 1.52 1.55 1.51
0.38 -1.18 0.39 286.68 -85.66 286.68 0.87 -2.61 0.80 1.61 1.54 1.54 1.52
0.53 -0.95 0.33 286.68 -91.61 286.68 1.22 -2.18 0.75 1.61 1.52 1.55 1.50
0.54 -1.10 0.41 284.57 -111.67 286.68 1.28 -2.40 0.93 1.62 1.52 1.55 1.51
0.64 -0.79 0.58 252.45 -130.81 286.68 1.47 -1.82 1.34 1.62 1.53 1.55 1.52
0.55 -0.70 0.65 224.35 -152.95 286.68 1.32 -1.59 1.57 1.63 1.52 1.56 1.51
0.35 -0.50 0.62 204.82 -171.83 286.68 0.82 -1.14 1.42 1.61 1.53 1.53 1.52
0.21 -0.47 0.61 212.07 -176.65 286.68 0.47 -1.08 1.41 1.64 1.52 1.53 1.51
0.15 -0.32 0.60 203.76 -186.16 286.68 0.35 -0.63 1.39 1.62 1.52 1.53 1.52
0.26 0.05 0.91 200.51 -161.81 278.36 0.59 0.11 2.10 1.63 1.51 1.53 1.50
0.29 0.09 1.10 177.96 -130.49 250.71 0.77 0.22 2.62 1.61 1.51 1.52 1.51
0.35 0.18 1.30 145.08 -101.20 224.99 0.81 0.41 2.98 1.62 1.51 1.53 1.50
0.31 0.13 1.33 112.55 -91.01 203.29 0.72 0.30 3.02 1.62 1.52 1.52 1.52
0.34 0.33 1.32 80.61 -81.98 177.53 0.74 0.72 3.05 1.62 1.50 1.51 1.51
0.36 0.34 1.30 54.04 -76.84 152.07 0.82 0.78 2.99 1.61 1.51 1.51 1.49
0.51 0.44 1.29 14.65 -78.49 119.29 1.15 1.00 2.94 1.61 1.52 1.50 1.50
0.49 0.58 1.28 -28.45 -64.55 71.77 1.13 1.33 2.94 1.62 1.52 1.51 1.49
0.49 0.71 1.20 -57.03 -42.28 34.52 1.17 1.63 2.77 1.61 1.50 1.51 1.51
0.53 0.76 1.12 -64.70 -29.11 13.92 1.20 1.73 2.56 1.63 1.50 1.52 1.50
0.58 0.65 1.02 -49.74 -22.30 8.23 1.34 1.50 2.33 1.63 1.50 1.51 1.50
0.70 0.59 0.90 -20.35 -13.36 5.76 1.60 1.29 2.05 1.61 1.51 1.50 1.50
0.75 0.44 0.82 -1.74 -17.86 5.70 1.71 1.00 1.88 1.62 1.51 1.50 1.50
0.77 0.29 0.88 4.38 -24.70 -1.22 1.76 0.62 2.00 1.62 1.50 1.51 1.50
0.76 0.20 0.88 -6.35 -23.36 -17.29 1.74 0.44 2.02 1.62 1.50 1.50 1.50
0.77 0.17 0.87 -19.55 -17.86 -29.31 1.76 0.38 2.01 1.62 1.50 1.50 1.50
0.77 0.13 0.80 -22.69 -5.79 -36.10 1.78 0.28 1.81 1.61 1.51 1.50 1.51
0.83 0.10 0.70 -19.48 -2.99 -30.57 1.91 0.22 1.60 1.62 1.51 1.50 1.50
0.82 0.04 0.65 -4.61 -4.45 -18.85 1.89 0.08 1.49 1.62 1.52 1.52 1.51
0.82 -0.03 0.63 8.65 -4.21 -9.41 1.88 -0.08 1.44 1.61 1.51 1.50 1.50
0.85 -0.09 0.65 12.66 -4.97 -5.07 1.95 -0.20 1.50 1.62 1.50 1.51 1.51
0.84 -0.08 0.66 4.39 -8.67 -4.38 1.92 -0.18 1.51 1.62 1.52 1.52 1.50
0.83 -0.08 0.65 -10.89 -11.32 -10.77 1.90 -0.17 1.49 1.62 1.52 1.51 1.51
0.82 -0.05 0.62 -25.09 -11.06 -15.89 1.87 -0.11 1.42 1.62 1.50 1.52 1.50
0.81 -0.00 0.57 -27.64 -7.07 -12.84 1.86 0.01 1.29 1.62 1.50 1.52 1.51
0.79 0.04 0.53 -15.89 -4.65 -4.66 1.80 0.08 1.22 1.62 1.52 1.50 1.50
0.77 0.04 0.56 -2.57 -3.37 2.40 1.80 0.07 1.29 1.63 1.51 1.50 1.51
0.77 0.01 0.60 0.25 -3.37 4.02 1.77 0.05 1.38 1.64 1.50 1.52 1.50
0.77 -0.00 0.62 -7.78 -4.56 0.92 1.77 -0.00 1.43 1.62 1.51 1.52 1.51
0.77 0.03 0.61 -18.75 -6.92 -3.24 1.75 0.08 1.40 1.63 1.52 1.52 1.50
0.75 0.08 0.60 -21.89 -5.78 -4.86 1.72 0.19 1.37 1.63 1.50 1.52 1.49
0.75 0.13 0.58 -20.09 -5.28 -3.67 1.72 0.29 1.33 1.61 1.50 1.51 1.50
0.75 0.15 0.57 -14.47 -4.05 -2.65 1.73 0.36 1.29 1.61 1.52 1.52 1.50
0.75 0.16 0.57 -10.77 -4.34 -3.35 1.72 0.36 1.31 1.62 1.50 1.52 1.50
0.75 0.13 0.58 -6.83 -2.67 -2.82 1.73 0.31 1.33 1.62 1.50 1.51 1.52
0.75 0.11 0.61 -1.37 -1.47 -0.39 1.73 0.23 1.42 1.62 1.52 1.51 1.50
0.75 0.08 0.65 0.30 -2.64 0.54 1.72 0.19 1.49 1.63 1.51 1.51 1.51
0.74 0.09 0.66 -3.37 -6.89 -0.94 1.69 0.19 1.51 1.62 1.52 1.51 1.50
0.73 0.11 0.67 -9.69 -9.59 -5.98 1.67 0.26 1.54 1.63 1.51 1.52 1.50
0.70 0.13 0.65 -14.63 -7.39 -11.56 1.60 0.30 1.48 1.62 1.51 1.52 1.50
0.70 0.17 0.63 -12.95 -3.75 -13.98 1.62 0.40 1.45 1.62 1.50 1.52 1.51
0.72 0.15 0.66 -7.24 -1.94 -14.32 1.66 0.33 1.51 1.62 1.50 1.51 1.51
0.73 0.13 0.69 -6.30 -3.99 -15.00 1.68 0.30 1.58 1.62 1.50 1.52 1.51
0.74 0.14 0.71 -8.31 -5.26 -17.12 1.69 0.32 1.64 1.63 1.50 1.53 1.50
0.74 0.13 0.77 -15.36 -4.05 -22.49 1.70 0.30 1.78 1.63 1.53 1.51 1.50
0.72 0.13 0.80 -28.58 -3.43 -30.98 1.60 0.32 1.86 1.62 1.52 1.53 1.50
0.71 0.25 0.79 -36.78 0.19 -38.59 1.61 0.57 1.81 1.62 1.51 1.51 1.52
0.68 0.29 0.80 -36.68 8.34 -45.41 1.57 0.66 1.83 1.62 1.52 1.52 1.50
0.70 0.33 0.78 -39.79 9.98 -53.57 1.59 0.77 1.79 1.63 1.52 1.52 1.51
0.72 0.37 0.80 -43.74 9.02 -63.17 1.65 0.86 1.83 1.64 1.51 1.54 1.50
0.72 0.32 0.83 -50.41 2.89 -76.63 1.68 0.74 1.88 1.63 1.51 1.52 1.51
0.67 0.33 0.78 -62.06 -4.64 -91.58 1.53 0.73 1.80 1.64 1.52 1.53 1.52
0.65 0.38 0.80 -63.37 -2.17 -103.14 1.50 0.88 1.83 1.63 1.52 1.52 1.52
0.60 0.40 0.88 -61.59 10.33 -120.85 1.39 0.89 2.04 1.63 1.52 1.53 1.51
0.60 0.32 0.93 -78.02 18.84 -143.03 1.39 0.73 2.14 1.63 1.53 1.52 1.52
0.63 0.24 1.01 -107.98 21.05 -172.17 1.42 0.44 2.33 1.64 1.52 1.53 1.50
0.66 0.12 0.88 -150.83 8.99 -196.74 1.56 0.25 2.02 1.63 1.52 1.53 1.51
0.72 0.02 0.77 -182.68 -9.73 -206.38 1.65 0.04 1.78 1.65 1.52 1.55 1.50
0.78 0.06 0.79 -187.87 -18.86 -202.41 1.80 0.14 1.81 1.63 1.52 1.54 1.52
0.76 0.03 0.75 -200.96 -28.40 -204.02 1.75 0.06 1.72 1.65 1.52 1.55 1.50
0.72 -0.04 0.81 -215.89 -39.48 -210.91 1.66 -0.05 1.85 1.63 1.52 1.55 1.53
0.60 0.11 0.80 -230.76 -34.84 -229.97 1.38 0.24 1.83 1.63 1.51 1.55 1.52
0.56 0.14 0.86 -217.73 -5.01 -245.77 1.27 0.33 1.98 1.65 1.52 1.54 1.52
0.58 -0.07 0.92 -215.88 14.44 -251.45 1.36 -0.16 2.08 1.65 1.53 1.55 1.53
0.73 -0.30 0.74 -227.82 -2.00 -234.67 1.68 -0.70 1.71 1.66 1.53 1.58 1.53
0.81 -0.41 0.75 -244.06 -28.55 -206.74 1.86 -0.99 1.78 1.66 1.53 1.58 1.53
0.84 -0.44 0.79 -283.47 -49.93 -187.04 1.92 -1.00 1.81 1.67 1.54 1.60 1.53
0.70 -0.15 0.69 -286.72 -77.01 -191.84 1.60 -0.33 1.54 1.67 1.53 1.60 1.53
0.59 0.02 0.78 -281.99 -71.35 -196.83 1.29 0.05 1.73 1.67 1.53 1.60 1.52
0.53 0.10 0.86 -256.15 -45.73 -218.51 1.21 0.24 1.97 1.68 1.53 1.58 1.52
0.56 0.01 0.84 -226.91 -24.80 -230.91 1.26 -0.02 1.93 1.69 1.53 1.59 1.54
0.64 -0.30 0.87 -236.72 -20.89 -232.75 1.48 -0.69 2.00 1.69 1.53 1.58 1.52
0.71 -0.39 0.75 -280.01 -42.38 -214.97 1.67 -0.92 1.66 1.70 1.54 1.59 1.52
0.72 -0.32 0.70 -286.72 -73.70 -187.63 1.62 -0.69 1.69 1.71 1.54 1.61 1.52
0.61 -0.21 0.70 -286.72 -81.38 -162.92 1.41 -0.48 1.60 1.71 1.54 1.61 1.53
0.43 -0.06 0.71 -286.72 -81.78 -154.36 1.00 -0.04 1.66 1.69 1.53 1.61 1.53
0.30 0.08 0.94 -286.72 -61.55 -160.52 0.68 0.18 2.15 1.70 1.54 1.60 1.54
0.40 0.11 0.94 -286.72 -42.79 -168.80 0.94 0.30 2.11 1.69 1.54 1.61 1.53
0.46 0.07 0.91 -286.72 -13.53 -169.65 1.06 0.17 2.05 1.69 1.54 1.60 1.55
0.54 -0.03 0.88 -286.72 15.62 -159.65 1.25 -0.07 2.02 1.69 1.54 1.59 1.55
0.57 0.12 0.75 -286.72 33.99 -139.89 1.33 0.28 1.75 1.69 1.55 1.61 1.54
0.55 0.10 0.71 -286.72 35.57 -117.98 1.27 0.22 1.62 1.70 1.55 1.62 1.56
0.51 0.22 0.82 -286.72 38.30 -101.19 1.14 0.57 1.88 1.70 1.56 1.61 1.56
0.35 0.14 0.86 -286.72 17.44 -84.05 0.81 0.33 1.98 1.71 1.55 1.63 1.57
0.50 0.15 0.94 -286.72 30.48 -76.04 1.14 0.35 2.20 1.69 1.55 1.63 1.59
0.58 0.20 0.93 -286.72 87.73 -71.24 1.31 0.45 2.09 1.70 1.56 1.66 1.59
0.62 0.45 0.74 -286.72 137.31 -60.35 1.41 1.03 1.70 1.71 1.58 1.70 1.62
0.60 0.68 0.74 -254.67 190.16 -64.47 1.29 1.54 1.77 1.71 1.61 1.74 1.66
0.63 0.67 0.55 -197.39 190.67 -82.54 1.45 1.53 1.27 1.70 1.69 1.77 1.70
0.69 0.63 0.47 -151.10 144.63 -95.38 1.49 1.31 1.03 1.72 1.74 1.82 1.73
0.88 0.54 0.15 -63.24 104.82 -92.55 2.01 1.24 0.34 1.74 1.80 1.86 1.76
0.93 0.56 0.34 -28.57 50.00 -75.58 2.14 1.28 0.78 1.73 1.85 1.90 1.80
0.86 0.45 0.46 -19.45 11.44 -80.63 1.97 0.99 1.10 1.72 1.92 1.94 1.83
0.91 0.46 0.48 -13.31 3.41 -75.22 2.08 1.05 1.11 1.73 1.95 1.99 1.86
0.89 0.41 0.61 17.40 13.92 -104.36 2.05 0.96 1.37 1.72 2.00 2.04 1.91
0.70 0.32 0.49 26.85 22.21 -105.61 1.61 0.73 1.13 1.72 2.03 2.07 1.95
0.84 0.15 0.48 61.61 47.93 -79.76 1.93 0.31 1.13 1.72 2.06 2.11 1.99
0.84 0.06 0.43 44.28 51.63 -60.17 1.93 0.05 0.95 1.71 2.08 2.14 2.01
0.94 0.11 0.23 36.28 44.58 -48.59 2.16 0.25 0.53 1.70 2.11 2.16 2.05
0.84 0.21 0.45 11.23 42.43 -60.23 1.74 0.49 1.06 1.70 2.14 2.19 2.08
0.93 0.26 0.35 -7.19 38.61 -57.78 2.13 0.60 0.81 1.71 2.16 2.20 2.10
0.96 0.29 0.82 -12.33 17.72 -53.81 2.26 0.57 1.86 1.71 2.19 2.23 2.12
0.75 0.16 0.58 38.33 3.26 -65.35 1.69 0.32 1.25 1.71 2.21 2.26 2.15
0.75 0.07 0.54 81.45 -4.14 -62.23 1.72 0.16 1.24 1.70 2.23 2.27 2.17
0.70 -0.13 0.50 89.44 -6.28 -50.40 1.61 -0.32 1.09 1.70 2.22 2.27 2.17
1.06 -0.06 0.30 46.78 -14.95 -25.89 2.44 -0.14 0.69 1.72 2.23 2.26 2.17
1.08 0.08 0.28 7.11 -31.84 -28.01 2.39 0.24 0.58 1.76 2.24 2.26 2.18
0.90 0.19 0.20 40.56 -56.17 -42.58 2.13 0.45 0.49 1.80 2.22 2.27 2.16
0.76 -0.03 0.29 68.05 -65.90 -39.10 1.74 -0.07 0.67 1.83 2.21 2.26 2.14
0.62 -0.33 0.24 80.45 -34.87 -21.40 1.26 -0.83 0.42 1.87 2.22 2.24 2.16
0.94 -0.24 0.24 43.22 19.77 21.09 2.15 -0.56 0.55 1.92 2.22 2.25 2.14
1.02 0.03 0.17 18.94 29.29 33.48 2.39 0.07 0.31 1.94 2.21 2.25 2.13
1.05 0.17 0.13 16.76 25.69 24.19 2.42 0.39 0.30 1.97 2.21 2.26 2.12
1.07 0.19 0.09 22.68 11.86 8.45 2.46 0.44 0.20 1.98 2.21 2.23 2.14
1.05 0.21 0.14 26.51 1.11 3.83 2.37 0.48 0.41 1.99 2.20 2.23 2.14
0.85 0.14 0.24 27.74 -7.33 -0.48 1.94 0.32 0.55 2.00 2.19 2.26 2.12
0.87 0.07 0.25 14.94 0.81 0.12 2.03 0.15 0.58 2.00 2.20 2.23 2.12
0.89 0.06 0.27 -3.75 2.42 8.57 2.05 0.14 0.63 2.01 2.19 2.26 2.11
0.87 0.23 0.29 -15.32 10.75 11.66 2.00 0.53 0.65 2.03 2.19 2.22 2.11
0.93 0.32 0.28 -3.49 18.02 11.59 2.17 0.70 0.65 2.04 2.20 2.22 2.11
0.98 0.17 0.27 8.57 13.18 7.89 2.25 0.39 0.63 2.03 2.19 2.22 2.12
1.08 0.22 0.35 2.35 6.89 5.19 2.50 0.35 0.47 2.03 2.19 2.21 2.11
0.96 0.21 0.28 -7.13 1.32 1.35 2.20 0.51 0.68 2.03 2.19 2.23 2.11
0.96 0.27 0.33 -7.77 -3.59 -3.89 2.20 0.62 0.76 2.04 2.20 2.22 2.12
0.92 0.23 0.37 -7.25 -2.80 -6.38 2.10 0.50 0.87 2.04 2.19 2.23 2.10
0.88 0.21 0.39 -3.72 -0.29 -4.99 2.01 0.49 0.89 2.04 2.20 2.21 2.11
0.94 0.22 0.34 -1.35 6.85 -3.07 2.15 0.50 0.79 2.04 2.19 2.21 2.11
1.00 0.20 0.28 1.03 3.54 -2.84 2.28 0.46 0.65 2.05 2.18 2.21 2.11
0.97 0.19 0.28 1.23 -4.38 -4.96 2.23 0.45 0.64 2.03 2.17 2.21 2.08
0.95 0.17 0.30 0.58 -9.25 -6.70 2.17 0.39 0.69 2.05 2.17 2.23 2.09
0.89 0.16 0.37 -0.97 -10.47 -6.16 1.99 0.35 0.83 2.05 2.17 2.21 2.11
0.83 0.17 0.41 -2.69 -3.50 -3.75 1.91 0.39 0.94 2.05 2.18 2.21 2.09
0.85 0.16 0.41 -4.36 4.09 -1.51 1.96 0.36 0.94 2.05 2.18 2.22 2.10
0.91 0.17 0.36 -8.72 8.39 -1.41 2.12 0.40 0.80 2.04 2.18 2.21 2.10
0.97 0.18 0.30 -8.67 4.97 -0.46 2.23 0.42 0.70 2.04 2.17 2.22 2.10
0.95 0.21 0.30 -7.16 0.38 -3.00 2.17 0.48 0.68 2.04 2.19 2.20 2.10
0.94 0.21 0.29 -4.59 -2.54 -7.36 2.16 0.48 0.67 2.04 2.17 2.22 2.10
0.91 0.15 0.32 -4.31 -4.82 -9.56 2.08 0.35 0.73 2.04 2.19 2.21 2.10
0.87 0.13 0.35 -6.92 -3.77 -7.73 1.97 0.29 0.81 2.04 2.17 2.21 2.08
0.85 0.13 0.38 -10.61 3.18 -3.45 1.94 0.29 0.87 2.05 2.17 2.22 2.09
0.92 0.20 0.33 -11.87 9.65 -2.11 2.15 0.47 0.74 2.03 2.17 2.20 2.08
0.99 0.23 0.28 -8.27 5.57 -6.19 2.26 0.55 0.65 2.05 2.16 2.20 2.10
0.97 0.25 0.27 -5.81 -1.78 -10.85 2.24 0.58 0.61 2.03 2.17 2.22 2.10
0.97 0.26 0.26 -4.20 -6.60 -15.78 2.23 0.60 0.61 2.03 2.17 2.21 2.09
0.98 0.11 0.24 -5.92 -10.36 -20.40 2.24 0.26 0.55 2.03 2.17 2.21 2.09
0.99 0.11 0.20 -18.12 -10.62 -21.69 2.28 0.25 0.45 2.03 2.16 2.20 2.10
0.99 0.15 0.18 -28.07 -9.86 -22.89 2.26 0.34 0.41 2.01 2.16 2.22 2.08
0.97 0.24 0.17 -30.38 -7.80 -25.38 2.22 0.54 0.39 2.00 2.17 2.20 2.09
0.99 0.23 0.12 -24.36 -4.93 -31.54 2.30 0.51 0.32 2.00 2.16 2.20 2.09
1.00 0.16 0.18 -20.48 -14.65 -35.87 2.29 0.36 0.41 1.98 2.15 2.21 2.07
0.97 0.15 0.19 -25.82 -24.30 -39.51 2.23 0.30 0.31 1.96 2.14 2.21 2.07
1.01 0.08 0.18 -29.15 -36.65 -36.88 2.29 0.21 0.43 1.96 2.14 2.18 2.06
0.93 0.06 0.21 -30.22 -48.33 -38.89 2.14 0.14 0.49 1.92 2.12 2.20 2.06
0.82 0.14 0.22 -31.68 -56.74 -41.03 1.87 0.32 0.55 1.91 2.12 2.17 2.06
0.83 0.06 0.27 -24.20 -46.40 -39.31 1.91 0.13 0.62 1.87 2.09 2.14 2.04
0.86 0.08 0.23 -26.84 -42.27 -30.56 1.96 0.19 0.53 1.86 2.08 2.14 2.03
0.94 0.04 0.22 -32.56 -42.78 -19.82 2.16 0.09 0.53 1.83 2.06 2.12 2.01
0.86 0.01 0.25 -40.21 -56.54 -13.02 1.97 0.02 0.58 1.81 2.02 2.11 1.98
0.82 0.05 0.33 -45.01 -62.66 -0.87 1.91 0.11 0.83 1.81 1.98 2.05 1.95
0.83 0.12 0.46 -51.41 -60.94 2.30 1.90 0.27 1.07 1.81 1.93 1.99 1.89
0.76 0.27 0.50 -55.88 -65.41 -7.02 1.71 0.64 1.12 1.80 1.89 1.94 1.84
0.77 0.26 0.43 -40.96 -58.72 -16.45 1.85 0.58 0.96 1.79 1.87 1.85 1.80
0.80 -0.02 0.55 -20.48 -58.44 -8.99 1.83 -0.04 1.27 1.77 1.86 1.82 1.75
0.78 -0.18 0.60 -26.96 -72.50 12.84 1.82 -0.43 1.34 1.75 1.82 1.78 1.70
0.93 -0.20 0.61 -30.84 -67.80 35.42 2.13 -0.45 1.40 1.75 1.78 1.75 1.67
0.78 -0.05 0.58 -52.55 -68.90 51.72 1.76 -0.09 1.37 1.74 1.74 1.71 1.65
0.80 0.28 0.65 -25.72 -47.92 51.21 1.82 0.68 1.50 1.72 1.70 1.70 1.63
0.76 0.46 0.97 69.61 2.82 32.88 1.75 1.05 2.22 1.70 1.67 1.68 1.62
0.74 0.64 0.68 286.68 -103.03 -58.40 1.67 1.13 1.38 1.68 1.66 1.65 1.62
0.53 0.20 0.65 286.68 -143.10 -55.53 1.21 0.46 1.50 1.66 1.63 1.65 1.60
0.61 -0.17 0.61 286.68 -246.30 -59.68 1.41 -0.42 1.31 1.65 1.60 1.63 1.57
0.60 -0.57 0.49 286.68 -234.90 -27.01 1.39 -1.30 1.13 1.65 1.59 1.63 1.57
0.61 -0.62 0.44 286.68 -200.31 25.99 1.39 -1.43 0.90 1.64 1.57 1.62 1.56
0.46 -1.09 0.41 286.68 -173.68 83.59 1.05 -2.71 0.91 1.63 1.57 1.60 1.56
0.49 -1.41 0.73 286.68 -147.26 125.82 1.13 -3.24 1.68 1.64 1.56 1.60 1.55
0.30 -1.44 0.67 286.68 -122.98 179.51 0.84 -3.35 1.46 1.63 1.55 1.58 1.53
0.38 -1.61 0.72 286.68 -91.29 238.53 0.88 -3.70 1.65 1.63 1.53 1.58 1.53
0.45 -1.53 0.66 286.68 -87.27 275.04 1.11 -3.43 1.49 1.63 1.53 1.57 1.52
0.46 -1.69 0.66 286.68 -107.53 286.68 1.06 -3.87 1.52 1.62 1.53 1.55 1.52
0.38 -1.48 0.68 286.68 -132.86 286.68 0.86 -3.39 1.45 1.63 1.53 1.55 1.52
0.32 -1.06 0.42 286.68 -100.41 286.68 0.67 -2.28 0.88 1.61 1.52 1.55 1.52
0.44 -0.87 0.28 286.68 -78.53 286.68 1.02 -2.00 0.64 1.63 1.52 1.55 1.51
0.56 -0.88 0.21 286.68 -84.39 286.68 1.28 -1.90 0.45 1.62 1.52 1.54 1.50
0.70 -0.82 0.07 286.68 -113.26 286.68 1.60 -1.88 0.17 1.61 1.51 1.54 1.52
0.70 -1.02 0.09 286.68 -138.37 286.68 1.87 -2.30 0.40 1.63 1.52 1.55 1.51
0.60 -1.08 0.13 286.68 -207.61 286.68 1.50 -2.48 0.29 1.62 1.52 1.53 1.50
0.53 -1.19 0.21 286.68 -264.23 286.68 1.22 -2.73 0.48 1.61 1.52 1.52 1.52
0.34 -1.10 0.33 286.68 -286.72 286.68 0.68 -2.40 0.74 1.62 1.52 1.53 1.50
0.19 -0.72 0.54 269.29 -286.72 286.68 0.44 -1.65 1.24 1.63 1.51 1.53 1.50
0.26 -0.46 0.59 240.50 -286.72 286.68 0.69 -0.89 1.39 1.60 1.51 1.53 1.50
0.22 -0.28 0.49 228.10 -286.72 286.68 0.51 -0.65 1.12 1.61 1.50 1.52 1.50
-0.08 -0.42 0.69 243.74 -286.72 286.68 -0.20 -0.93 1.70 1.60 1.52 1.52 1.51
-0.51 -0.10 1.16 240.03 -286.72 286.68 -1.26 -0.19 2.69 1.60 1.50 1.51 1.49
-0.49 0.02 1.46 242.01 -286.72 282.57 -1.12 0.05 3.35 1.59 1.52 1.50 1.51
-0.63 0.07 2.00 198.07 -216.44 198.01 -1.44 0.21 4.59 1.60 1.51 1.50 1.49
-0.43 0.05 2.00 88.09 -113.11 120.41 -0.99 0.12 4.59 1.59 1.51 1.49 1.50
-0.26 -0.01 2.00 -29.60 -40.56 70.42 -0.55 0.00 4.59 1.58 1.50 1.50 1.50
-0.13 0.14 1.64 -95.58 -17.45 42.95 -0.30 0.31 3.76 1.60 1.50 1.50 1.50
0.00 0.03 1.27 -91.17 -9.50 25.67 0.01 0.07 2.91 1.58 1.51 1.51 1.49
0.13 0.18 1.02 -48.77 2.56 17.83 0.36 0.44 2.39 1.60 1.50 1.50 1.50
0.32 0.11 1.12 6.28 2.94 15.20 0.73 0.25 2.56 1.60 1.52 1.50 1.49
0.43 0.01 1.20 30.23 -0.75 9.12 1.00 0.00 2.77 1.60 1.50 1.49 1.50
0.50 -0.04 1.28 21.39 2.97 -3.49 1.15 -0.07 2.93 1.60 1.52 1.50 1.50
0.56 -0.09 1.21 1.10 9.59 -16.81 1.29 -0.20 2.78 1.60 1.51 1.51 1.50
0.63 -0.09 1.13 -15.81 17.59 -28.99 1.42 -0.20 2.56 1.60 1.50 1.52 1.50
0.64 -0.13 1.00 -21.59 17.64 -31.18 1.46 -0.31 2.31 1.60 1.52 1.50 1.51
0.68 -0.17 0.93 -14.51 14.57 -25.69 1.55 -0.40 2.11 1.60 1.52 1.49 1.50
0.66 -0.19 0.93 -3.18 6.46 -18.27 1.47 -0.44 2.13 1.59 1.51 1.50 1.50
0.63 -0.22 0.94 2.28 0.81 -16.03 1.44 -0.49 2.16 1.61 1.51 1.50 1.51
0.61 -0.24 0.96 -2.84 -6.73 -17.33 1.41 -0.55 2.20 1.61 1.50 1.50 1.51
0.58 -0.19 0.98 -10.35 -5.12 -20.55 1.34 -0.44 2.25 1.61 1.51 1.50 1.50
0.58 -0.20 0.94 -17.32 3.73 -22.52 1.34 -0.46 2.16 1.60 1.51 1.52 1.50
0.58 -0.20 0.89 -24.25 7.64 -20.68 1.33 -0.46 2.02 1.61 1.50 1.50 1.50
0.58 -0.15 0.83 -25.24 8.20 -17.66 1.34 -0.35 1.90 1.60 1.50 1.50 1.52
0.60 -0.12 0.79 -22.02 4.22 -14.34 1.38 -0.28 1.80 1.61 1.51 1.51 1.50
0.59 -0.09 0.76 -20.39 -0.31 -12.33 1.36 -0.21 1.74 1.62 1.51 1.51 1.50
0.57 -0.04 0.75 -19.00 -1.51 -11.06 1.29 -0.10 1.72 1.60 1.51 1.51 1.50
0.57 -0.01 0.74 -15.38 2.07 -9.95 1.33 -0.03 1.70 1.62 1.51 1.51 1.51
0.59 -0.02 0.76 -13.52 6.11 -10.23 1.34 -0.05 1.74 1.62 1.52 1.50 1.50
0.58 -0.04 0.77 -16.52 8.30 -13.33 1.35 -0.08 1.76 1.62 1.51 1.50 1.50
0.59 -0.03 0.76 -21.81 9.60 -16.91 1.35 -0.07 1.76 1.61 1.51 1.51 1.50
0.58 -0.03 0.75 -22.67 10.11 -17.08 1.33 -0.08 1.72 1.62 1.52 1.51 1.52
0.61 -0.04 0.72 -18.12 10.71 -11.86 1.38 -0.07 1.67 1.61 1.51 1.52 1.50
0.61 -0.00 0.72 -7.45 9.90 -3.92 1.39 -0.00 1.65 1.62 1.52 1.52 1.50
0.59 0.01 0.75 2.50 10.53 1.54 1.37 0.01 1.72 1.62 1.51 1.52 1.50
0.59 0.02 0.75 6.97 11.57 3.05 1.36 0.04 1.72 1.62 1.50 1.52 1.52
0.60 -0.03 0.80 5.81 13.91 0.15 1.37 -0.06 1.84 1.62 1.53 1.51 1.52
0.59 -0.09 0.83 -1.86 16.58 -6.06 1.37 -0.22 1.90 1.62 1.50 1.52 1.50
0.60 -0.12 0.80 -11.49 14.21 -7.88 1.37 -0.28 1.83 1.61 1.52 1.53 1.51
0.60 -0.07 0.81 -10.26 10.92 -7.56 1.36 -0.16 1.86 1.62 1.52 1.52 1.50
0.60 -0.06 0.79 -7.06 5.47 -5.13 1.40 -0.13 1.82 1.62 1.52 1.53 1.51
0.60 -0.04 0.81 -1.22 2.42 -1.48 1.37 -0.09 1.86 1.61 1.52 1.53 1.51
0.55 -0.01 0.88 4.05 9.84 -1.81 1.27 -0.02 2.04 1.61 1.53 1.53 1.51
0.55 -0.05 0.85 3.49 20.75 -4.70 1.26 -0.12 1.96 1.62 1.52 1.54 1.50
0.53 -0.02 0.90 2.21 22.14 -6.53 1.21 -0.05 2.06 1.61 1.52 1.53 1.51
0.52 -0.05 0.91 -1.92 25.63 -13.43 1.20 -0.12 2.10 1.61 1.52 1.54 1.51
0.53 -0.07 0.85 -8.90 25.69 -18.66 1.21 -0.17 1.95 1.63 1.51 1.54 1.51
0.54 -0.02 0.87 -6.38 27.45 -21.33 1.27 -0.04 2.00 1.62 1.51 1.54 1.51
0.56 0.00 0.94 1.44 41.27 -26.75 1.26 0.00 2.17 1.64 1.52 1.55 1.52
0.52 0.01 0.97 5.29 64.59 -36.37 1.18 0.01 2.22 1.62 1.53 1.55 1.53
0.52 0.08 1.08 13.93 97.85 -53.08 1.12 0.05 2.40 1.63 1.53 1.56 1.53
0.57 -0.11 0.85 -5.21 99.19 -59.30 1.32 -0.26 1.96 1.63 1.52 1.60 1.53
0.64 -0.11 0.75 -24.75 76.46 -61.57 1.51 -0.33 1.73 1.64 1.53 1.62 1.55
0.69 -0.14 0.87 -34.90 63.25 -74.28 1.59 -0.30 1.99 1.63 1.54 1.66 1.59
0.69 -0.07 0.90 -59.14 56.93 -100.76 1.59 -0.15 2.06 1.63 1.56 1.71 1.66
0.72 0.02 0.89 -69.61 59.16 -128.31 1.67 0.10 2.06 1.65 1.58 1.76 1.71
0.73 0.12 1.04 -84.09 72.85 -163.71 1.66 0.27 2.38 1.64 1.68 1.82 1.74
0.61 0.02 0.96 -116.55 93.35 -202.33 1.48 0.10 2.13 1.66 1.78 1.91 1.79
0.66 -0.02 0.76 -152.81 75.90 -227.61 1.52 -0.05 1.76 1.65 1.89 1.97 1.85
0.71 -0.17 0.83 -181.72 63.54 -225.84 1.63 -0.42 1.86 1.67 1.99 2.04 1.90
0.77 0.02 0.69 -191.47 41.72 -213.56 1.76 0.03 1.50 1.67 2.03 2.08 1.95
0.73 0.14 0.73 -177.70 30.47 -210.27 1.68 0.32 1.67 1.68 2.08 2.14 2.00
0.67 0.30 0.65 -140.76 42.76 -209.62 1.59 0.69 1.49 1.69 2.12 2.16 2.03
0.56 0.12 0.91 -107.85 68.16 -215.49 1.28 0.27 2.09 1.66 2.15 2.21 2.07
0.52 -0.00 1.01 -96.83 99.79 -231.81 1.24 -0.00 2.29 1.66 2.19 2.22 2.08
0.47 -0.24 0.94 -107.30 111.89 -247.85 1.11 -0.57 2.17 1.67 2.21 2.25 2.11
0.62 -0.34 0.94 -146.62 127.01 -238.23 1.43 -0.77 2.15 1.69 2.20 2.25 2.13
0.75 -0.43 0.84 -190.65 117.85 -242.57 1.60 -1.14 2.04 1.71 2.23 2.27 2.14
0.62 -0.48 0.52 -255.66 62.64 -225.21 1.42 -1.10 1.19 1.76 2.24 2.26 2.16
0.64 -0.14 0.74 -269.18 60.62 -230.15 1.42 -0.34 1.82 1.81 2.24 2.27 2.15
0.56 -0.20 0.83 -217.75 69.36 -217.52 1.27 -0.45 1.90 1.86 2.24 2.28 2.15
0.65 -0.25 0.88 -168.45 73.39 -189.02 1.40 -0.63 2.04 1.88 2.24 2.26 2.13
0.60 -0.43 0.93 -159.54 78.78 -166.02 1.51 -0.88 2.29 1.91 2.23 2.28 2.13
0.62 -0.54 0.82 -186.38 69.92 -157.98 1.42 -1.24 1.88 1.94 2.23 2.25 2.13
0.79 -0.69 0.76 -248.13 48.55 -168.88 1.77 -1.39 1.66 1.95 2.22 2.24 2.13
0.74 -0.45 0.58 -286.72 21.43 -187.88 1.69 -1.04 1.33 1.98 2.21 2.25 2.12
0.67 -0.22 0.61 -286.72 26.45 -191.76 1.59 -0.51 1.38 1.99 2.21 2.25 2.11
0.66 -0.16 0.67 -286.72 32.51 -179.40 1.52 -0.37 1.53 1.98 2.21 2.23 2.13
0.62 -0.34 0.72 -286.16 38.85 -166.12 1.41 -0.80 1.70 1.99 2.21 2.25 2.11
0.63 -0.53 0.63 -286.72 43.15 -143.08 1.45 -1.28 1.47 1.99 2.19 2.24 2.12
0.73 -0.37 0.54 -286.72 40.81 -123.26 1.67 -0.85 1.23 2.00 2.20 2.25 2.10
0.75 -0.03 0.49 -286.72 28.39 -114.45 1.73 -0.02 1.14 2.01 2.18 2.24 2.10
0.60 0.07 0.53 -286.72 17.80 -109.98 1.39 0.17 1.22 1.99 2.20 2.23 2.11
0.67 0.07 0.60 -286.72 7.12 -114.59 1.48 0.13 1.33 2.00 2.18 2.24 2.11
0.55 -0.14 0.70 -286.72 -11.42 -115.07 1.26 -0.33 1.60 2.00 2.17 2.26 2.10
0.47 -0.21 0.78 -286.72 -14.32 -98.05 1.03 -0.53 1.87 2.00 2.17 2.23 2.10
0.33 -0.18 0.86 -286.72 -7.53 -72.20 0.75 -0.23 2.00 2.01 2.19 2.24 2.10
0.32 0.04 0.84 -286.72 11.52 -55.67 0.73 0.10 1.92 2.00 2.18 2.22 2.11
0.43 0.15 0.80 -286.72 30.70 -48.83 1.15 0.37 1.85 2.00 2.16 2.24 2.09
0.56 0.14 0.81 -286.72 28.22 -55.91 1.28 0.32 1.86 2.00 2.17 2.22 2.09
0.64 0.18 0.82 -285.50 13.88 -55.62 1.56 0.33 1.79 2.00 2.16 2.21 2.09
0.60 0.16 0.93 -267.24 -6.49 -45.67 1.37 0.37 2.13 1.99 2.17 2.21 2.09
0.27 0.25 1.08 -245.63 -12.48 -44.92 0.62 0.58 2.47 1.99 2.15 2.24 2.08
0.20 0.47 1.27 -208.02 28.23 -48.08 0.43 1.07 2.87 1.98 2.18 2.21 2.08
0.36 0.50 1.21 -162.19 65.81 -49.03 0.82 1.14 2.78 1.99 2.16 2.22 2.08
0.50 0.45 1.08 -134.67 83.21 -58.69 1.17 1.02 2.48 1.98 2.16 2.21 2.10
0.65 0.34 1.08 -114.71 81.23 -69.12 1.49 0.79 2.48 1.98 2.16 2.22 2.08
0.64 0.40 0.96 -90.86 71.24 -75.22 1.47 0.95 2.20 1.97 2.17 2.22 2.08
0.61 0.40 0.96 -79.27 69.26 -85.48 1.41 0.92 2.21 1.98 2.16 2.22 2.07
0.54 0.33 0.98 -63.52 73.54 -95.14 1.23 0.76 2.25 1.99 2.16 2.21 2.08
0.51 0.27 0.97 -50.72 87.47 -98.85 1.18 0.61 2.26 1.99 2.15 2.21 2.08
0.53 0.10 0.96 -33.65 102.03 -90.72 1.22 0.24 2.20 1.98 2.16 2.21 2.08
0.58 0.08 0.86 -31.18 116.03 -89.28 1.34 0.21 1.93 1.98 2.14 2.21 2.08
0.75 0.13 0.65 -27.44 121.60 -87.51 1.73 0.30 1.48 1.97 2.14 2.20 2.07
0.82 0.12 0.50 -11.39 107.58 -83.18 1.88 0.14 1.10 1.97 2.16 2.20 2.08
0.87 0.02 0.42 1.11 97.68 -82.86 1.96 0.12 0.91 1.98 2.15 2.20 2.08
0.90 -0.03 0.36 8.93 92.50 -83.97 2.06 -0.06 0.82 1.97 2.14 2.21 2.07
0.92 -0.10 0.36 33.93 89.46 -68.93 2.14 -0.37 0.83 1.97 2.16 2.19 2.09
0.85 -0.24 0.23 37.32 83.77 -50.04 1.95 -0.56 0.53 1.97 2.13 2.21 2.08
0.86 -0.25 0.20 26.64 82.43 -41.27 2.11 -0.52 0.45 1.99 2.15 2.21 2.07
0.92 -0.05 0.12 14.84 78.75 -42.36 2.08 -0.05 0.27 1.98 2.16 2.21 2.07
0.94 -0.03 0.05 21.10 77.34 -44.06 2.17 -0.06 0.11 1.98 2.14 2.20 2.06
1.00 -0.06 -0.08 29.49 75.61 -46.11 2.33 -0.16 -0.17 2.00 2.14 2.20 2.06
1.08 -0.07 -0.16 26.48 69.04 -39.31 2.49 -0.17 -0.37 2.00 2.15 2.22 2.07
1.08 -0.09 -0.14 18.68 58.89 -25.59 2.46 -0.20 -0.34 2.00 2.14 2.20 2.07
1.07 -0.09 -0.14 13.25 45.93 -10.74 2.43 -0.20 -0.31 1.99 2.14 2.19 2.06
1.09 -0.01 -0.15 11.25 32.19 -3.68 2.50 -0.03 -0.34 2.00 2.14 2.20 2.07
1.09 0.07 -0.13 6.89 18.87 -1.53 2.41 0.19 -0.31 1.98 2.14 2.21 2.06
1.02 0.06 -0.03 8.21 15.47 -3.41 2.34 0.14 -0.06 1.99 2.14 2.20 2.06
0.96 0.04 -0.00 8.41 16.83 -8.24 2.15 0.07 -0.02 2.00 2.13 2.20 2.07
0.98 0.01 0.02 0.34 23.50 -2.96 2.28 0.05 0.03 1.99 2.13 2.21 2.06
1.06 0.09 -0.04 -7.68 29.05 0.94 2.43 0.21 -0.10 1.98 2.16 2.19 2.07
1.16 0.15 -0.09 -7.28 22.31 5.57 2.66 0.34 -0.24 2.00 2.13 2.19 2.07
1.15 0.11 -0.08 0.86 3.09 9.95 2.63 0.26 -0.17 1.99 2.13 2.20 2.07
1.02 0.10 0.00 -3.93 -18.00 4.41 2.34 0.24 0.01 1.99 2.14 2.21 2.07
0.87 0.25 0.14 -11.13 -20.14 -3.95 1.96 0.56 0.34 1.98 2.14 2.19 2.07
0.81 0.22 0.24 -2.49 -4.84 -8.18 1.86 0.51 0.54 1.99 2.13 2.20 2.08
0.92 0.17 0.18 2.20 9.27 -8.04 2.11 0.38 0.41 1.99 2.14 2.20 2.07
1.03 0.13 0.11 0.88 10.43 -5.42 2.39 0.30 0.25 1.98 2.14 2.20 2.07
1.10 0.16 0.06 -1.93 0.57 -3.59 2.52 0.37 0.13 2.00 2.14 2.20 2.07
1.06 0.17 0.09 0.87 -14.17 -5.14 2.42 0.38 0.21 1.98 2.13 2.19 2.07
0.96 0.12 0.17 2.84 -24.11 -7.44 2.18 0.30 0.39 2.00 2.13 2.19 2.06
0.85 0.08 0.28 1.66 -22.30 -10.32 1.94 0.19 0.65 1.99 2.13 2.20 2.07
0.83 0.09 0.30 -3.05 -7.93 -11.18 1.91 0.21 0.69 2.00 2.13 2.20 2.06
0.89 0.10 0.27 -5.25 4.65 -9.06 2.05 0.24 0.61 2.00 2.13 2.19 2.06
0.97 0.14 0.21 -6.28 8.96 -9.48 2.23 0.33 0.48 2.00 2.13 2.19 2.06
1.05 0.15 0.18 -3.97 3.32 -10.56 2.42 0.33 0.41 2.00 2.13 2.19 2.07
1.05 0.11 0.19 2.18 -11.21 -11.01 2.40 0.25 0.44 2.00 2.13 2.18 2.07
1.00 0.06 0.25 3.04 -18.82 -11.43 2.28 0.16 0.57 1.99 2.13 2.21 2.05
0.91 0.05 0.30 -3.16 -19.66 -14.58 2.07 0.12 0.72 2.00 2.13 2.19 2.05
0.85 0.06 0.35 -6.86 -7.62 -14.04 1.95 0.14 0.80 2.00 2.13 2.20 2.06
0.91 0.07 0.31 -9.41 7.71 -10.16 2.09 0.16 0.69 1.99 2.13 2.19 2.06
1.00 0.09 0.22 -12.48 12.70 -8.39 2.28 0.22 0.50 1.99 2.13 2.19 2.06
1.09 0.12 0.14 -12.14 7.18 -8.99 2.51 0.27 0.33 1.99 2.14 2.19 2.07
1.10 0.07 0.14 -7.40 -10.34 -8.24 2.51 0.16 0.30 2.00 2.13 2.19 2.07
0.99 0.06 0.19 -6.53 -21.98 -9.62 2.28 0.13 0.45 1.98 2.12 2.20 2.05
0.84 0.06 0.29 -6.23 -20.76 -11.88 1.92 0.12 0.69 2.00 2.13 2.19 2.06
0.84 0.04 0.31 -4.62 -4.78 -9.32 1.93 0.08 0.70 2.00 2.14 2.19 2.07
0.94 0.02 0.25 -7.88 6.28 -6.25 2.15 0.06 0.58 1.99 2.13 2.19 2.07
0.97 0.05 0.20 -10.24 7.00 -3.47 2.22 0.11 0.45 1.98 2.12 2.19 2.06
1.02 0.08 0.16 -8.84 3.49 0.13 2.34 0.18 0.36 1.98 2.14 2.18 2.06
1.03 0.03 0.17 -1.37 -7.30 2.48 2.36 0.06 0.38 1.99 2.12 2.20 2.06
0.94 0.02 0.21 -4.78 -16.37 0.06 2.13 0.08 0.48 1.98 2.13 2.20 2.05
0.90 0.11 0.24 -8.27 -14.39 -1.87 2.06 0.25 0.54 1.98 2.13 2.19 2.06
0.89 0.09 0.24 -2.63 -9.11 -2.86 2.04 0.20 0.55 1.98 2.12 2.20 2.05
0.93 0.08 0.20 -0.73 -3.56 -3.59 2.14 0.18 0.45 1.98 2.12 2.20 2.05
0.99 0.06 0.19 0.43 -3.97 -1.61 2.26 0.15 0.45 1.98 2.13 2.19 2.06
0.99 0.04 0.21 0.96 -9.44 0.27 2.26 0.10 0.48 1.99 2.14 2.18 2.05
0.98 0.06 0.22 0.52 -12.85 3.54 2.24 0.15 0.51 1.98 2.13 2.19 2.06
0.96 0.10 0.25 1.47 -14.15 3.66 2.20 0.22 0.58 1.97 2.12 2.19 2.05
0.92 0.12 0.28 2.27 -14.81 -1.24 2.11 0.26 0.65 1.97 2.12 2.18 2.06
0.92 0.09 0.29 5.13 -9.10 -4.48 2.11 0.20 0.67 1.98 2.12 2.21 2.05
0.95 0.03 0.29 6.02 -4.59 -2.84 2.18 0.06 0.66 1.97 2.13 2.19 2.05
0.99 0.04 0.26 2.76 -4.04 0.17 2.27 0.09 0.59 1.99 2.11 2.19 2.05
1.00 0.06 0.26 -0.55 -5.38 0.56 2.29 0.14 0.60 1.98 2.12 2.20 2.05
0.97 0.07 0.28 -1.31 -8.29 -0.88 2.24 0.17 0.63 1.98 2.14 2.18 2.05
0.98 0.07 0.27 -0.62 -9.60 -1.10 2.26 0.16 0.60 1.97 2.12 2.19 2.06
0.98 0.08 0.27 -0.05 -12.17 -3.20 2.24 0.17 0.61 1.98 2.13 2.19 2.05
0.94 0.06 0.29 1.59 -12.91 -4.41 2.13 0.13 0.68 1.97 2.12 2.19 2.06
0.91 0.05 0.31 -2.14 -7.74 -3.45 2.10 0.11 0.71 1.98 2.12 2.19 2.06
0.95 0.10 0.29 -4.59 -0.89 -1.44 2.18 0.23 0.65 1.97 2.14 2.18 2.07
0.99 0.12 0.26 -6.88 1.53 -1.67 2.29 0.29 0.60 1.98 2.12 2.18 2.04
1.01 0.11 0.25 -5.97 -1.78 -2.14 2.32 0.26 0.57 1.97 2.12 2.19 2.05
0.99 0.10 0.26 -5.71 -5.63 -2.59 2.26 0.23 0.60 1.97 2.12 2.18 2.05
0.97 0.12 0.26 -7.18 -7.97 -4.36 2.24 0.28 0.60 1.97 2.11 2.20 2.05
1.01 0.15 0.25 -8.20 -6.47 -8.61 2.31 0.34 0.57 1.97 2.12 2.19 2.06
1.04 0.13 0.18 -8.75 -12.01 -11.81 2.39 0.29 0.40 1.96 2.11 2.20 2.06
1.02 0.13 0.14 -13.61 -19.55 -17.13 2.33 0.32 0.32 1.95 2.12 2.21 2.04
1.00 0.14 0.15 -17.09 -24.25 -18.29 2.30 0.32 0.34 1.94 2.12 2.19 2.04
0.95 0.07 0.18 -19.11 -26.11 -19.95 2.17 0.15 0.39 1.91 2.12 2.19 2.05
0.93 0.09 0.16 -19.72 -21.25 -20.08 2.12 0.20 0.36 1.89 2.11 2.19 2.05
0.93 0.14 0.18 -17.47 -17.26 -21.81 2.12 0.31 0.40 1.88 2.10 2.20 2.03
0.91 0.21 0.12 -14.50 -11.88 -31.79 2.07 0.48 0.24 1.84 2.08 2.17 2.02
0.98 0.25 -0.01 -6.54 -1.09 -36.23 2.25 0.57 -0.01 1.84 2.07 2.17 2.03
1.07 0.13 -0.03 -2.99 -16.90 -37.39 2.42 0.27 -0.10 1.81 2.07 2.15 2.01
0.92 0.06 -0.11 0.28 -53.17 -36.07 2.15 0.12 -0.27 1.78 2.05 2.14 1.99
0.92 0.09 -0.06 8.79 -75.69 -28.03 2.11 0.22 -0.15 1.77 2.03 2.11 1.98
0.81 0.21 0.05 2.48 -80.95 -34.80 1.97 0.44 0.13 1.78 1.98 2.09 1.94
0.76 0.23 0.04 13.48 -71.32 -50.85 1.73 0.52 0.10 1.75 1.95 2.04 1.91
0.81 0.16 -0.02 21.65 -64.70 -58.62 1.85 0.34 -0.03 1.75 1.93 1.98 1.87
0.85 -0.05 0.04 43.93 -74.41 -53.44 1.90 -0.21 0.07 1.72 1.91 1.94 1.84
0.93 -0.34 0.14 50.01 -102.69 -41.18 2.14 -0.77 0.32 1.72 1.86 1.91 1.79
0.90 -0.41 0.26 52.64 -128.95 -23.36 2.02 -0.89 0.65 1.70 1.84 1.86 1.73
1.04 -0.67 0.73 147.53 -196.78 -20.39 2.38 -1.53 1.69 1.70 1.80 1.81 1.68
0.75 -0.22 0.40 182.60 -286.72 -42.35 1.73 -0.51 0.95 1.66 1.77 1.78 1.66
0.43 -0.31 0.28 286.19 -286.72 -15.68 0.96 -0.75 0.80 1.65 1.72 1.74 1.63
0.28 -0.39 0.67 286.68 -286.72 3.31 0.65 -0.90 1.54 1.66 1.67 1.71 1.63
0.36 -0.75 0.51 286.68 -266.32 58.69 0.93 -1.67 1.24 1.63 1.63 1.68 1.61
0.35 -1.31 0.66 286.68 -236.37 102.85 0.80 -3.01 1.51 1.62 1.60 1.65 1.58
0.35 -1.55 0.66 286.68 -232.71 130.38 0.65 -3.58 1.50 1.63 1.57 1.63 1.57
0.32 -1.64 0.61 286.68 -207.78 167.32 0.74 -3.77 1.40 1.61 1.56 1.61 1.54
0.35 -1.79 0.58 286.68 -151.56 213.15 0.80 -4.10 1.32 1.61 1.53 1.58 1.53
0.34 -1.87 0.60 286.68 -115.48 274.78 0.76 -4.41 1.38 1.61 1.53 1.59 1.52
0.39 -2.00 0.53 286.68 -99.86 286.68 0.88 -4.59 1.21 1.61 1.53 1.57 1.50
0.41 -2.00 0.40 286.68 -112.84 286.68 0.91 -4.59 0.86 1.61 1.51 1.56 1.52
0.45 -2.00 0.42 286.68 -147.66 286.68 1.03 -4.59 0.97 1.60 1.52 1.53 1.52
0.34 -1.87 0.44 286.68 -190.02 286.68 0.79 -4.28 0.99 1.60 1.52 1.54 1.51
0.26 -1.75 0.37 269.66 -183.72 286.68 0.68 -3.84 0.89 1.61 1.53 1.54 1.50
0.28 -1.31 0.48 250.97 -160.13 286.68 0.65 -3.01 1.11 1.60 1.52 1.54 1.50
0.39 -0.94 0.40 255.26 -143.32 286.68 0.87 -2.08 0.86 1.61 1.50 1.53 1.49
0.43 -0.90 0.26 285.85 -128.59 286.68 0.99 -2.07 0.59 1.61 1.50 1.53 1.50
0.60 -0.81 0.23 286.68 -125.17 286.68 1.41 -1.99 0.52 1.60 1.51 1.53 1.51
0.44 -0.81 0.16 286.68 -178.54 286.68 1.00 -1.86 0.37 1.61 1.50 1.52 1.51
0.30 -0.78 0.27 286.68 -215.93 286.68 0.69 -1.80 0.62 1.61 1.50 1.53 1.49
0.16 -0.86 0.40 286.68 -285.60 286.68 0.41 -2.04 0.93 1.60 1.51 1.53 1.49
0.02 -0.79 0.59 286.05 -286.72 286.68 0.05 -1.82 1.35 1.61 1.52 1.51 1.50
-0.10 -0.77 0.56 244.82 -286.72 286.68 -0.16 -1.66 1.32 1.59 1.52 1.50 1.51
-0.21 -0.30 0.91 195.69 -286.72 286.68 -0.48 -0.68 2.08 1.59 1.50 1.52 1.49
-0.16 -0.26 1.08 162.51 -286.72 286.68 -0.37 -0.74 2.49 1.59 1.50 1.50 1.50
-0.05 -0.15 1.22 132.15 -286.72 260.88 -0.17 -0.27 2.81 1.60 1.50 1.50 1.50
-0.11 -0.05 1.29 118.46 -261.90 233.17 -0.26 -0.12 2.96 1.60 1.50 1.50 1.49
-0.14 0.18 1.40 109.58 -224.69 201.63 -0.32 0.37 3.27 1.59 1.50 1.49 1.49
-0.22 0.32 1.69 94.00 -181.21 161.15 -0.50 0.74 3.87 1.59 1.50 1.48 1.49
-0.17 0.32 1.80 62.12 -141.28 116.34 -0.40 0.69 4.16 1.60 1.51 1.49 1.49
-0.17 0.18 1.91 19.45 -95.27 65.91 -0.40 0.42 4.38 1.58 1.52 1.49 1.50
-0.11 0.04 1.75 -23.00 -56.39 25.00 -0.18 0.20 3.91 1.59 1.50 1.49 1.50
-0.08 0.04 1.51 -49.66 -39.24 -1.12 -0.09 0.13 3.44 1.58 1.52 1.49 1.50
0.02 0.14 1.32 -43.36 -30.37 -4.77 0.04 0.33 3.04 1.57 1.50 1.50 1.50
0.11 0.09 1.27 -18.59 -20.97 -0.18 0.27 0.22 2.90 1.59 1.50 1.51 1.49
0.18 0.06 1.29 5.15 -14.07 4.25 0.41 0.13 2.96 1.60 1.50 1.49 1.50
0.24 0.00 1.29 15.30 -6.47 1.99 0.56 0.01 2.96 1.57 1.48 1.50 1.50
0.30 -0.07 1.25 9.50 -3.94 -6.21 0.72 -0.17 2.87 1.58 1.50 1.51 1.50
0.40 -0.08 1.17 -1.54 1.66 -15.27 0.93 -0.18 2.69 1.58 1.48 1.50 1.49
0.43 -0.04 1.07 -6.53 6.63 -20.30 1.01 -0.10 2.43 1.58 1.51 1.50 1.49
0.46 -0.06 1.01 -5.05 11.20 -21.94 1.06 -0.16 2.30 1.59 1.51 1.51 1.50
0.51 -0.12 0.94 -2.40 13.14 -19.56 1.17 -0.28 2.15 1.59 1.51 1.50 1.50
0.53 -0.13 0.88 -3.02 5.04 -15.78 1.25 -0.30 2.03 1.60 1.50 1.50 1.51
0.60 -0.10 0.84 -2.79 -2.86 -14.50 1.37 -0.22 1.92 1.58 1.50 1.51 1.50
0.62 -0.09 0.81 -3.39 -7.50 -16.14 1.41 -0.21 1.87 1.59 1.50 1.50 1.51
0.60 -0.11 0.84 -5.56 -9.05 -20.00 1.38 -0.25 1.91 1.58 1.50 1.50 1.50
0.55 -0.11 0.82 -10.52 -10.27 -21.81 1.27 -0.25 1.88 1.59 1.51 1.49 1.51
0.52 -0.08 0.82 -12.75 -9.87 -20.61 1.18 -0.18 1.89 1.60 1.51 1.50 1.50
0.49 -0.02 0.82 -8.90 -6.15 -16.03 1.12 -0.07 1.89 1.60 1.50 1.49 1.50
0.47 -0.02 0.82 -2.40 -1.92 -10.20 1.08 -0.05 1.89 1.59 1.51 1.50 1.49
0.48 -0.03 0.85 3.24 1.58 -5.17 1.10 -0.09 1.94 1.59 1.53 1.50 1.51
0.49 -0.08 0.84 2.54 2.34 -3.17 1.14 -0.19 1.93 1.60 1.50 1.50 1.49
0.52 -0.09 0.84 -1.12 0.39 -3.40 1.19 -0.20 1.93 1.59 1.51 1.50 1.50
0.51 -0.07 0.85 -3.49 -1.96 -4.43 1.16 -0.15 1.96 1.58 1.52 1.51 1.50
0.50 -0.04 0.88 -3.06 -1.86 -4.67 1.15 -0.10 2.01 1.60 1.52 1.50 1.50
0.47 -0.03 0.87 -3.13 0.54 -4.54 1.07 -0.07 2.03 1.59 1.51 1.51 1.50
0.43 0.01 0.91 -3.75 6.76 -5.49 0.99 0.04 2.10 1.59 1.50 1.50 1.51
0.43 0.01 0.90 -5.66 14.06 -7.24 0.98 0.02 2.06 1.59 1.51 1.50 1.49
0.45 -0.02 0.89 -10.05 20.36 -8.81 1.05 -0.05 2.05 1.59 1.51 1.50 1.50
0.49 -0.03 0.86 -13.25 17.90 -9.22 1.13 -0.08 1.97 1.59 1.50 1.51 1.50
0.52 -0.01 0.84 -10.34 14.62 -7.82 1.18 -0.03 1.93 1.60 1.50 1.50 1.50
0.51 0.01 0.83 -5.03 9.52 -4.65 1.18 0.01 1.90 1.59 1.51 1.51 1.50
0.49 0.01 0.86 1.20 7.39 -2.92 1.11 0.02 1.97 1.59 1.51 1.51 1.49
0.45 -0.01 0.89 3.71 6.64 -2.09 1.04 -0.01 2.04 1.61 1.50 1.51 1.51
0.41 0.01 0.93 3.17 8.45 -3.75 0.93 0.03 2.17 1.60 1.52 1.50 1.51
0.37 0.03 0.99 3.99 15.72 -10.03 0.85 0.07 2.27 1.61 1.50 1.52 1.50
0.34 0.03 1.01 1.21 22.50 -17.67 0.80 0.07 2.33 1.59 1.50 1.51 1.50
0.37 0.04 1.00 -4.00 28.49 -24.25 0.81 0.10 2.31 1.60 1.51 1.51 1.51
0.36 0.05 1.00 -3.77 32.63 -29.71 0.82 0.12 2.29 1.60 1.52 1.51 1.51
0.36 0.05 0.96 -3.31 33.72 -35.93 0.80 0.13 2.19 1.60 1.51 1.52 1.51
0.36 0.07 0.98 -2.89 31.74 -43.51 0.82 0.16 2.26 1.58 1.50 1.51 1.50
0.25 0.14 0.90 0.76 31.44 -54.58 0.57 0.28 2.30 1.60 1.51 1.52 1.51
0.27 0.17 1.09 -2.06 50.59 -75.45 0.57 0.39 2.53 1.61 1.52 1.52 1.50
0.24 0.17 1.17 -0.73 71.68 -96.55 0.55 0.39 2.68 1.60 1.52 1.52 1.51
0.24 0.06 1.17 -3.42 98.21 -114.64 0.60 0.07 2.66 1.61 1.50 1.53 1.50
0.35 -0.11 1.04 -22.43 93.47 -118.49 0.81 -0.26 2.38 1.60 1.51 1.53 1.50
0.41 -0.08 1.01 -37.62 90.94 -126.67 0.94 -0.19 2.31 1.61 1.52 1.53 1.52
0.41 0.05 0.93 -43.20 88.56 -145.13 0.95 0.10 2.17 1.59 1.52 1.52 1.51
0.44 0.01 1.04 -45.39 88.62 -171.68 1.01 0.03 2.38 1.61 1.51 1.52 1.51
0.41 -0.10 1.10 -59.20 92.92 -204.52 0.92 -0.21 2.52 1.61 1.53 1.52 1.53
0.42 0.01 1.12 -75.52 110.53 -238.24 0.97 0.02 2.57 1.60 1.52 1.53 1.50
0.35 -0.10 1.01 -65.76 124.95 -256.16 0.81 -0.26 2.30 1.60 1.51 1.53 1.52
0.36 -0.31 0.79 -102.37 130.44 -250.30 0.85 -0.68 1.80 1.59 1.52 1.52 1.52
0.51 -0.53 0.75 -122.54 112.65 -239.51 1.17 -1.21 1.72 1.60 1.52 1.53 1.51
0.62 -0.51 0.83 -135.32 97.42 -238.73 1.38 -1.16 1.92 1.61 1.52 1.54 1.52
0.61 -0.43 0.91 -158.73 82.09 -249.23 1.40 -1.00 2.10 1.61 1.52 1.55 1.51
0.57 -0.31 0.89 -178.55 73.02 -266.52 1.31 -0.75 2.07 1.61 1.52 1.55 1.51
0.46 -0.15 0.91 -166.42 97.60 -281.36 1.03 -0.36 2.09 1.62 1.52 1.55 1.52
0.36 -0.21 0.87 -142.13 139.58 -286.72 0.82 -0.48 1.99 1.61 1.53 1.55 1.52
0.40 -0.65 0.65 -156.35 118.91 -269.59 0.97 -1.49 1.51 1.61 1.52 1.55 1.53
0.63 -0.82 0.79 -191.88 89.21 -234.55 1.45 -1.88 1.82 1.62 1.53 1.58 1.52
0.71 -0.91 0.92 -246.12 69.34 -227.84 1.60 -2.07 2.14 1.62 1.54 1.58 1.53
0.70 -0.81 0.93 -286.72 55.12 -244.46 1.60 -1.87 2.15 1.61 1.54 1.56 1.53
0.56 -0.58 0.85 -286.72 59.22 -265.73 1.29 -1.32 1.95 1.62 1.53 1.58 1.54
0.44 -0.41 0.78 -286.72 93.16 -286.35 0.99 -1.01 1.81 1.62 1.54 1.57 1.52
0.36 -0.47 0.79 -286.72 132.96 -286.72 0.82 -1.07 1.82 1.62 1.53 1.59 1.53
0.43 -0.55 0.82 -284.47 135.75 -286.72 1.09 -1.32 1.87 1.62 1.54 1.58 1.54
0.65 -0.90 0.76 -286.72 118.90 -286.61 1.48 -2.06 1.74 1.63 1.54 1.60 1.54
0.63 -0.74 0.96 -286.72 120.53 -246.82 1.47 -1.70 2.15 1.63 1.54 1.60 1.54
0.80 -0.91 0.93 -286.72 111.76 -214.35 1.85 -2.03 2.13 1.64 1.55 1.62 1.53
0.77 -0.63 0.70 -286.72 69.37 -200.92 1.76 -1.45 1.61 1.64 1.54 1.61 1.55
0.60 -0.24 0.66 -286.72 51.44 -202.51 1.32 -0.51 1.57 1.65 1.54 1.61 1.54
0.38 0.01 0.71 -286.72 105.10 -221.36 0.88 0.02 1.63 1.63 1.54 1.61 1.56
0.27 0.08 0.66 -286.72 185.97 -242.17 0.69 0.14 1.54 1.65 1.55 1.60 1.55
0.63 -0.03 1.00 -286.72 169.40 -209.77 1.44 -0.07 2.31 1.65 1.55 1.59 1.56
0.69 -0.14 0.83 -286.72 92.32 -156.04 1.58 -0.33 1.83 1.65 1.55 1.60 1.56
0.70 -0.19 0.78 -286.72 46.61 -73.26 1.57 -0.50 1.82 1.64 1.55 1.60 1.57
0.69 -0.32 0.96 -286.72 43.65 -26.89 1.59 -0.74 2.20 1.67 1.56 1.60 1.58
0.59 -0.26 0.88 -286.72 39.17 -5.08 1.35 -0.54 1.99 1.66 1.56 1.61 1.58
0.45 -0.04 0.80 -286.72 65.42 -8.11 1.03 -0.10 1.85 1.66 1.56 1.61 1.58
0.39 0.18 0.75 -286.72 98.39 -18.07 0.97 0.57 1.74 1.65 1.56 1.61 1.58
0.42 0.47 0.72 -286.72 140.47 -34.64 0.99 1.10 1.68 1.67 1.57 1.60 1.58
0.50 0.51 0.71 -286.72 173.09 -52.52 1.15 1.16 1.63 1.67 1.57 1.62 1.61
0.52 0.54 0.54 -241.60 179.40 -68.13 1.14 1.19 1.17 1.67 1.58 1.65 1.63
0.59 0.66 0.48 -159.39 199.81 -78.74 1.35 1.52 1.10 1.67 1.59 1.68 1.65
0.72 0.57 0.46 -82.11 189.74 -95.16 1.53 1.30 1.25 1.67 1.63 1.71 1.67
0.72 0.25 0.42 21.11 182.21 -95.72 1.72 0.47 0.95 1.66 1.67 1.75 1.69
0.87 0.04 0.45 14.87 162.24 -117.52 1.99 0.10 1.04 1.67 1.71 1.79 1.70
0.89 0.06 0.36 -9.86 124.08 -101.54 2.11 0.21 0.75 1.68 1.75 1.82 1.72
0.97 0.10 0.42 63.04 132.82 -82.29 2.23 0.23 0.96 1.69 1.78 1.86 1.73
0.85 0.15 0.40 90.40 116.05 -99.04 1.85 0.42 0.90 1.67 1.83 1.88 1.76
0.77 0.24 0.43 82.61 109.20 -123.47 1.76 0.54 0.99 1.67 1.87 1.93 1.81
0.70 0.20 0.28 117.63 130.03 -127.74 1.61 0.45 0.63 1.69 1.93 1.97 1.86
0.83 -0.01 0.17 133.74 150.38 -119.89 2.00 -0.04 0.46 1.67 1.99 2.03 1.91
0.93 -0.19 0.15 111.11 154.46 -104.51 2.12 -0.43 0.35 1.67 2.04 2.10 1.95
1.03 -0.11 -0.01 83.48 142.36 -68.63 2.57 -0.30 -0.16 1.68 2.08 2.12 2.00
1.08 -0.13 -0.03 57.81 107.70 -35.47 2.48 -0.29 -0.06 1.67 2.12 2.16 2.04
0.94 -0.04 -0.11 46.38 80.25 -18.82 2.15 -0.09 -0.23 1.69 2.13 2.19 2.06
0.92 0.11 -0.11 43.44 85.15 -19.66 2.10 0.22 -0.29 1.69 2.18 2.22 2.10
0.86 -0.05 0.06 22.92 84.61 -14.94 1.96 -0.11 0.14 1.71 2.19 2.26 2.12
0.84 -0.10 0.02 24.06 79.56 -14.10 1.95 -0.22 0.10 1.70 2.24 2.28 2.13
0.86 -0.10 -0.23 20.06 54.21 -9.55 1.96 -0.22 -0.52 1.72 2.24 2.27 2.16
1.13 -0.10 -0.18 44.49 58.54 -4.52 2.59 -0.23 -0.42 1.78 2.25 2.28 2.18
1.20 -0.06 -0.43 106.87 17.69 1.05 2.65 -0.12 -0.93 1.82 2.25 2.28 2.18
0.99 0.16 -0.53 139.85 -32.64 0.86 2.27 0.36 -1.22 1.85 2.25 2.30 2.17
0.84 -0.07 -0.62 129.00 -47.02 6.40 1.93 -0.15 -1.41 1.91 2.24 2.30 2.16
1.07 -0.09 -0.48 95.95 -24.12 31.55 2.45 -0.22 -1.10 1.94 2.25 2.28 2.16
1.07 -0.09 -0.46 67.35 -0.55 31.16 2.45 -0.21 -0.99 1.97 2.26 2.27 2.16
0.99 0.19 -0.47 55.55 23.85 25.01 2.22 0.47 -1.08 2.01 2.24 2.28 2.14
1.03 0.30 -0.41 35.64 31.47 2.29 2.36 0.69 -0.94 2.02 2.24 2.26 2.13
1.02 0.30 -0.34 25.68 30.38 -12.07 2.35 0.77 -0.74 2.03 2.22 2.27 2.14
1.02 0.25 -0.29 25.81 12.71 -18.49 2.34 0.57 -0.66 2.05 2.24 2.27 2.15
0.98 0.16 -0.17 18.14 5.16 -15.55 2.26 0.36 -0.40 2.04 2.24 2.27 2.13
0.94 0.09 -0.12 6.79 6.37 -0.44 2.10 0.22 -0.36 2.05 2.23 2.26 2.13
0.97 0.17 -0.10 -8.52 14.70 7.11 2.22 0.38 -0.23 2.05 2.23 2.27 2.13
1.06 0.27 -0.17 -11.44 16.56 6.18 2.46 0.65 -0.36 2.06 2.21 2.26 2.12
1.05 0.27 -0.17 -3.61 11.87 -2.67 2.41 0.59 -0.36 2.04 2.23 2.25 2.13
0.99 0.09 -0.12 0.90 8.79 -9.29 2.26 0.21 -0.27 2.05 2.21 2.25 2.12
1.02 0.03 -0.12 -6.15 8.13 -7.07 2.33 0.08 -0.27 2.04 2.20 2.25 2.12
0.96 0.11 -0.10 -12.80 8.08 -1.44 2.19 0.24 -0.23 2.06 2.20 2.25 2.12
0.95 0.20 -0.12 -7.73 10.28 0.57 2.18 0.46 -0.28 2.04 2.21 2.26 2.11
1.03 0.17 -0.17 1.89 7.27 -0.76 2.37 0.38 -0.40 2.04 2.19 2.25 2.12
1.02 0.16 -0.17 1.89 -0.08 -4.02 2.33 0.36 -0.40 2.04 2.21 2.24 2.12
0.98 0.17 -0.16 1.22 -3.44 -6.65 2.23 0.37 -0.36 2.05 2.20 2.26 2.11
0.96 0.14 -0.14 -0.69 -5.10 -8.72 2.22 0.30 -0.32 2.06 2.20 2.24 2.11
0.90 0.12 -0.08 -3.59 -7.40 -9.40 2.06 0.27 -0.18 2.04 2.20 2.24 2.12
0.86 0.07 -0.02 -5.38 -0.36 -6.93 1.94 0.20 -0.07 2.05 2.19 2.25 2.10
0.99 0.09 -0.13 -7.92 4.86 -2.61 2.27 0.21 -0.29 2.04 2.21 2.23 2.10
1.02 0.10 -0.15 -9.05 -3.33 -1.95 2.34 0.23 -0.35 2.05 2.20 2.23 2.10
0.98 0.12 -0.13 -8.29 -11.10 -3.55 2.26 0.26 -0.30 2.04 2.19 2.25 2.11
0.96 0.09 -0.10 -7.82 -15.47 -5.73 2.20 0.20 -0.23 2.03 2.21 2.23 2.11
0.91 0.07 -0.06 -8.48 -15.29 -5.84 2.04 0.18 -0.11 2.03 2.19 2.24 2.11
0.87 0.07 -0.02 -9.37 -8.65 -2.69 2.00 0.15 -0.06 2.05 2.18 2.25 2.10
0.97 0.09 -0.10 -9.80 -4.73 1.13 2.23 0.22 -0.23 2.04 2.19 2.23 2.10
1.01 0.14 -0.14 -9.02 -9.95 1.50 2.32 0.32 -0.33 2.03 2.19 2.25 2.11
0.99 0.17 -0.13 -6.12 -18.02 -2.50 2.26 0.39 -0.30 2.05 2.18 2.23 2.12
0.98 0.15 -0.12 -2.70 -22.66 -7.61 2.25 0.35 -0.27 2.03 2.20 2.24 2.10
0.95 0.10 -0.08 -0.23 -28.37 -10.68 2.13 0.22 -0.18 2.02 2.20 2.23 2.10
0.91 0.03 -0.03 -3.05 -25.71 -7.46 2.09 0.08 -0.07 2.03 2.19 2.22 2.11
0.92 0.08 -0.04 -7.87 -20.55 -2.90 2.10 0.19 -0.09 2.04 2.18 2.23 2.11
0.96 0.15 -0.07 -8.36 -17.66 -1.83 2.22 0.35 -0.18 2.04 2.18 2.25 2.09
0.99 0.18 -0.12 -6.38 -19.83 -6.31 2.27 0.42 -0.26 2.04 2.19 2.23 2.11
1.05 0.22 -0.18 -4.98 -23.68 -14.03 2.42 0.50 -0.44 2.03 2.19 2.23 2.10
1.10 0.15 -0.26 -1.34 -39.25 -23.21 2.52 0.33 -0.59 2.00 2.18 2.23 2.10
1.08 0.05 -0.27 -9.35 -57.63 -28.88 2.48 0.13 -0.63 2.01 2.18 2.23 2.10
0.80 0.09 -0.19 -19.30 -66.63 -28.94 1.89 0.18 -0.09 2.02 2.18 2.23 2.09
0.60 0.10 0.08 -11.01 -37.75 -17.00 1.37 0.23 0.19 1.99 2.19 2.23 2.09
0.87 0.09 -0.09 -9.89 -3.26 -8.00 2.06 0.21 -0.24 2.00 2.19 2.21 2.10
1.07 0.11 -0.22 -14.87 0.59 -5.12 2.46 0.25 -0.50 1.99 2.19 2.21 2.08
1.06 0.15 -0.20 -22.50 -16.42 -7.86 2.43 0.34 -0.46 1.99 2.18 2.21 2.10
1.10 0.18 -0.26 -20.71 -27.67 -13.02 2.57 0.39 -0.55 1.97 2.17 2.22 2.08
1.19 0.17 -0.26 -19.58 -37.83 -22.12 2.72 0.39 -0.60 1.95 2.17 2.21 2.08
1.13 0.18 -0.25 -15.75 -59.67 -34.65 2.53 0.45 -0.58 1.93 2.17 2.21 2.10
1.03 0.21 -0.19 -13.15 -74.14 -48.99 2.36 0.48 -0.43 1.91 2.16 2.20 2.08
0.92 0.15 -0.10 -9.38 -80.57 -53.71 2.11 0.35 -0.24 1.87 2.15 2.22 2.07
0.93 0.07 -0.12 -4.07 -74.50 -53.15 2.10 0.17 -0.25 1.85 2.15 2.18 2.07
0.93 0.06 -0.12 -11.89 -67.94 -49.29 2.14 0.14 -0.27 1.84 2.13 2.17 2.06
0.95 0.13 -0.13 -18.17 -61.64 -48.19 2.16 0.29 -0.34 1.82 2.11 2.16 2.02
0.97 0.18 -0.10 -24.34 -57.86 -52.42 2.22 0.42 -0.23 1.80 2.06 2.13 2.01
0.99 0.26 -0.04 -18.62 -63.81 -62.98 2.28 0.61 -0.09 1.78 2.04 2.09 1.99
0.99 0.21 -0.00 -6.06 -77.44 -79.54 2.28 0.42 0.04 1.76 1.99 2.05 1.95
0.94 0.02 0.07 12.01 -100.30 -95.49 2.15 0.04 0.15 1.76 1.95 2.01 1.91
0.85 -0.15 0.11 21.64 -121.85 -92.69 1.93 -0.37 0.27 1.74 1.92 1.95 1.88
0.76 -0.29 0.12 30.97 -128.32 -78.40 1.75 -0.67 0.28 1.75 1.88 1.90 1.83
0.78 -0.31 0.17 28.55 -126.59 -63.74 1.78 -0.70 0.40 1.74 1.86 1.86 1.80
0.79 -0.35 0.07 27.77 -128.73 -59.61 1.88 -0.83 0.08 1.72 1.83 1.80 1.77
0.83 -0.44 0.01 44.13 -122.76 -53.37 1.91 -1.00 0.03 1.71 1.81 1.77 1.74
0.87 -0.51 -0.02 65.27 -128.71 -39.72 2.01 -1.13 -0.04 1.71 1.77 1.76 1.69
1.07 -0.55 0.41 181.02 -283.68 -70.55 2.46 -1.25 0.94 1.70 1.76 1.72 1.66
0.69 -0.54 0.25 164.88 -286.72 -48.58 1.59 -1.28 0.55 1.67 1.74 1.71 1.65
0.65 -0.71 0.38 176.25 -286.72 -31.35 1.58 -1.71 0.80 1.67 1.68 1.71 1.64
0.63 -0.59 0.40 232.33 -286.72 6.90 1.44 -1.34 0.93 1.65 1.67 1.67 1.63
0.54 -0.74 0.54 286.68 -286.72 58.77 1.10 -1.44 1.30 1.65 1.63 1.67 1.61
0.50 -0.94 0.54 286.68 -276.46 102.86 1.15 -2.15 1.24 1.64 1.60 1.65 1.59
0.32 -1.09 0.63 286.68 -230.70 138.81 0.60 -2.65 1.33 1.63 1.59 1.62 1.56
0.22 -1.71 0.89 286.68 -216.73 149.45 0.48 -3.93 2.04 1.64 1.56 1.61 1.56
0.28 -1.74 0.91 286.68 -204.68 163.89 0.65 -3.99 2.09 1.63 1.55 1.62 1.53
0.41 -1.51 0.75 286.68 -163.29 207.67 1.00 -3.38 1.72 1.63 1.53 1.60 1.52
0.45 -1.39 0.49 286.68 -143.74 272.76 1.04 -3.18 1.12 1.63 1.52 1.58 1.51
0.44 -1.46 0.39 286.68 -124.29 286.68 0.96 -3.40 0.87 1.62 1.52 1.57 1.50
0.51 -1.66 0.40 286.68 -113.32 286.68 1.17 -3.82 0.91 1.61 1.51 1.58 1.52
0.43 -2.00 0.59 286.68 -153.55 286.68 0.96 -4.59 1.44 1.61 1.51 1.55 1.51
0.43 -2.00 0.71 286.68 -190.99 286.68 1.00 -4.59 1.69 1.61 1.51 1.55 1.51
0.36 -1.66 0.53 232.93 -189.22 286.68 0.83 -3.80 1.22 1.61 1.50 1.54 1.51
0.31 -1.21 0.44 190.97 -178.16 286.68 0.68 -2.70 0.96 1.61 1.52 1.54 1.50
0.40 -0.93 0.34 211.73 -152.52 286.68 0.92 -2.13 0.79 1.60 1.50 1.53 1.50
0.40 -0.85 0.17 252.32 -156.04 286.68 0.88 -1.85 0.37 1.60 1.52 1.53 1.50
0.40 -0.96 0.29 286.68 -172.94 286.68 0.91 -2.20 0.65 1.59 1.52 1.52 1.50
0.14 -1.16 0.29 282.20 -233.57 286.68 0.32 -2.67 0.65 1.61 1.52 1.53 1.51
0.11 -0.90 0.67 245.78 -256.25 286.68 0.31 -2.16 1.58 1.59 1.52 1.50 1.51
0.08 -0.76 0.67 172.38 -269.06 286.68 0.18 -1.75 1.55 1.60 1.52 1.51 1.50
0.15 -0.40 0.77 128.35 -248.90 286.39 0.32 -0.80 1.74 1.58 1.50 1.52 1.50
0.21 -0.24 0.67 107.45 -224.52 265.44 0.48 -0.54 1.54 1.60 1.51 1.50 1.50
0.22 -0.19 0.63 115.39 -221.31 261.21 0.43 -0.54 1.40 1.59 1.51 1.50 1.51
0.12 -0.46 0.58 138.51 -249.72 270.39 0.24 -1.08 1.25 1.58 1.52 1.51 1.51
0.10 -0.21 0.70 145.08 -279.73 279.72 0.22 -0.48 1.60 1.59 1.52 1.50 1.51
-0.07 -0.24 0.76 170.82 -285.34 274.02 -0.18 -0.38 1.77 1.58 1.51 1.50 1.50
-0.22 0.07 1.25 166.82 -286.30 250.04 -0.51 0.17 2.87 1.58 1.50 1.50 1.49
-0.17 0.28 1.76 142.08 -212.82 171.68 -0.36 0.41 4.19 1.60 1.51 1.49 1.49
-0.14 0.21 1.84 55.97 -142.00 104.26 -0.33 0.48 4.23 1.59 1.51 1.50 1.49
-0.12 0.23 1.73 -10.70 -96.94 52.04 -0.27 0.53 3.96 1.59 1.50 1.49 1.50
-0.14 0.24 1.40 -38.16 -67.01 23.82 -0.29 0.53 3.18 1.59 1.50 1.49 1.49
-0.18 0.19 1.27 -18.51 -51.34 23.63 -0.42 0.44 2.91 1.59 1.49 1.51 1.49
0.05 0.26 1.16 8.86 -45.12 30.33 -0.21 1.17 2.74 1.58 1.52 1.48 1.49
-0.15 0.18 1.45 41.53 -50.38 36.51 -0.34 0.41 3.33 1.58 1.51 1.50 1.49
-0.15 0.16 1.65 41.10 -32.05 19.36 -0.36 0.37 3.78 1.59 1.51 1.50 1.49
-0.12 0.11 1.68 20.43 -3.58 -7.41 -0.26 0.24 3.82 1.60 1.51 1.49 1.49
-0.06 0.02 1.55 -6.89 17.31 -26.53 -0.14 0.06 3.56 1.59 1.50 1.50 1.49
0.04 -0.05 1.38 -20.66 31.53 -36.51 0.12 -0.13 3.13 1.59 1.51 1.50 1.49
0.16 -0.11 1.19 -18.89 37.62 -33.59 0.37 -0.26 2.73 1.59 1.50 1.49 1.50
0.27 -0.12 1.04 -8.00 32.06 -21.68 0.62 -0.27 2.40 1.60 1.50 1.49 1.49
0.36 -0.11 0.97 6.85 26.81 -11.16 0.84 -0.26 2.21 1.58 1.50 1.50 1.50
0.46 -0.15 0.93 12.53 18.86 -8.95 1.06 -0.34 2.14 1.60 1.50 1.50 1.51
0.54 -0.18 0.88 6.38 12.39 -14.63 1.25 -0.38 2.01 1.59 1.52 1.50 1.49
0.59 -0.13 0.86 -3.11 4.07 -22.29 1.33 -0.30 1.97 1.59 1.50 1.50 1.49
0.59 -0.15 0.81 -8.03 0.63 -27.80 1.36 -0.34 1.85 1.60 1.50 1.50 1.49
0.59 -0.15 0.79 -8.74 -5.30 -27.11 1.35 -0.34 1.80 1.59 1.51 1.50 1.50
0.59 -0.18 0.77 -4.94 -9.55 -21.22 1.34 -0.40 1.77 1.59 1.51 1.50 1.49
0.58 -0.18 0.79 -0.51 -11.66 -13.76 1.33 -0.42 1.86 1.60 1.50 1.50 1.50
0.56 -0.18 0.84 4.09 -8.13 -7.67 1.29 -0.43 1.95 1.61 1.50 1.51 1.49
0.53 -0.20 0.90 2.33 -5.33 -5.99 1.21 -0.45 2.07 1.60 1.49 1.51 1.49
0.48 -0.21 0.94 -3.84 -1.41 -7.04 1.08 -0.47 2.14 1.59 1.50 1.50 1.50
0.45 -0.21 0.92 -11.44 2.43 -10.70 1.02 -0.48 2.12 1.60 1.50 1.50 1.50
0.43 -0.17 0.88 -16.56 -1.02 -10.52 0.98 -0.39 2.02 1.61 1.49 1.51 1.49
0.40 -0.09 0.86 -12.84 -2.85 -5.52 0.93 -0.21 1.96 1.61 1.50 1.50 1.49
0.40 -0.09 0.86 -1.23 -4.72 2.02 0.92 -0.20 1.98 1.59 1.52 1.49 1.51
0.40 -0.05 0.86 3.54 0.35 5.18 0.92 -0.12 2.00 1.60 1.50 1.50 1.50
0.40 -0.06 0.89 2.55 5.51 0.90 0.90 -0.13 2.06 1.60 1.52 1.51 1.50
0.37 -0.06 0.91 -1.78 11.51 -5.14 0.86 -0.14 2.08 1.59 1.50 1.50 1.50
0.37 -0.06 0.90 -4.30 15.22 -8.59 0.87 -0.15 2.07 1.59 1.52 1.50 1.49
0.39 -0.07 0.86 -3.62 16.46 -7.95 0.92 -0.17 2.00 1.60 1.50 1.52 1.50
0.42 -0.04 0.86 0.12 12.91 -5.88 0.97 -0.10 1.97 1.60 1.51 1.50 1.50
0.43 -0.02 0.89 4.69 7.20 -5.88 0.97 -0.04 2.06 1.59 1.51 1.50 1.50
0.40 0.00 0.97 5.79 5.55 -11.56 0.91 0.00 2.23 1.59 1.51 1.50 1.51
0.31 0.02 1.05 4.51 12.90 -21.05 0.71 0.05 2.42 1.60 1.50 1.50 1.50
0.22 0.06 1.13 3.93 33.34 -34.64 0.51 0.16 2.62 1.60 1.50 1.50 1.51
0.15 0.10 1.21 8.13 57.79 -46.90 0.34 0.23 2.77 1.60 1.50 1.51 1.50
0.10 0.13 1.23 8.57 72.69 -59.10 0.21 0.18 2.86 1.60 1.50 1.51 1.50
0.13 -0.02 1.24 -1.12 66.31 -70.25 0.30 -0.04 2.84 1.60 1.50 1.52 1.51
0.09 0.04 1.26 -17.12 62.33 -90.98 0.21 0.09 2.89 1.61 1.50 1.52 1.51
0.08 0.09 1.28 -27.61 67.63 -124.55 0.18 0.27 2.93 1.60 1.50 1.53 1.50
0.08 0.10 1.33 -39.50 80.78 -161.01 0.18 0.22 3.04 1.61 1.50 1.52 1.50
0.13 0.12 1.27 -49.81 106.08 -189.52 0.30 0.16 2.94 1.59 1.51 1.53 1.50
0.17 0.06 1.28 -58.49 136.97 -217.05 0.40 0.13 2.95 1.59 1.52 1.51 1.51
0.19 0.02 1.19 -60.90 138.97 -237.28 0.43 0.05 2.73 1.60 1.50 1.52 1.51
0.22 -0.10 1.19 -84.12 147.55 -268.65 0.50 -0.32 2.68 1.60 1.52 1.52 1.52
0.26 -0.40 1.13 -133.40 144.38 -286.72 0.61 -0.91 2.59 1.60 1.52 1.52 1.52
0.36 -0.49 0.96 -177.92 129.43 -286.72 0.82 -1.18 2.15 1.60 1.52 1.55 1.52
0.37 -0.49 0.89 -190.67 129.96 -286.72 0.85 -1.12 2.04 1.60 1.53 1.53 1.52
0.41 -0.29 0.90 -184.08 153.85 -286.72 0.94 -0.74 2.03 1.60 1.52 1.54 1.52
0.37 -0.35 0.89 -199.08 149.86 -286.54 0.89 -0.78 2.12 1.61 1.52 1.55 1.52
0.43 -0.42 1.03 -210.69 146.23 -279.45 1.00 -0.96 2.36 1.60 1.51 1.54 1.52
0.46 -0.55 1.03 -240.50 155.13 -286.72 1.04 -1.20 2.40 1.62 1.52 1.55 1.53
0.38 -0.58 0.92 -258.34 150.46 -286.72 0.87 -1.33 2.11 1.61 1.53 1.55 1.52
0.36 -0.56 0.67 -265.88 143.19 -286.72 0.87 -1.28 1.48 1.61 1.53 1.56 1.52
0.42 -0.54 0.69 -261.48 148.65 -286.72 0.96 -1.23 1.58 1.63 1.52 1.58 1.53
0.60 -0.69 0.79 -258.30 129.27 -266.04 1.38 -1.61 1.85 1.62 1.53 1.60 1.52
0.61 -0.75 0.93 -276.35 116.03 -225.49 1.62 -1.81 2.17 1.62 1.53 1.60 1.53
0.65 -0.81 1.07 -286.25 89.23 -201.24 1.49 -1.86 2.45 1.62 1.53 1.61 1.53
0.39 -0.71 0.95 -286.72 56.10 -218.23 0.86 -1.61 2.15 1.62 1.53 1.61 1.52
0.25 -0.48 0.99 -286.72 81.51 -249.78 0.58 -1.10 2.26 1.61 1.53 1.60 1.53
0.21 -0.44 0.78 -286.72 103.00 -281.51 0.55 -1.07 1.70 1.62 1.53 1.60 1.53
0.44 -0.60 0.90 -286.72 117.90 -274.00 1.01 -1.38 2.06 1.64 1.53 1.62 1.53
0.77 -0.62 0.93 -286.72 139.69 -251.19 1.76 -1.79 2.25 1.63 1.55 1.62 1.54
0.73 -0.74 0.95 -286.72 91.99 -193.30 1.70 -1.75 2.18 1.64 1.56 1.65 1.55
0.65 -0.70 0.88 -286.72 64.82 -142.76 1.49 -1.61 2.01 1.65 1.55 1.65 1.54
0.48 -0.55 0.88 -286.72 53.26 -121.88 1.04 -1.29 1.99 1.64 1.56 1.65 1.55
0.30 -0.40 0.94 -286.72 71.49 -128.70 0.69 -0.92 2.16 1.65 1.56 1.66 1.55
0.19 -0.19 1.05 -286.72 124.80 -150.72 0.50 -0.32 2.49 1.64 1.56 1.67 1.57
0.28 -0.26 0.87 -286.72 174.61 -165.28 0.64 -0.59 2.00 1.65 1.56 1.67 1.56
0.53 -0.28 0.79 -286.72 198.27 -138.07 1.22 -0.65 1.76 1.65 1.57 1.69 1.58
0.73 -0.27 0.77 -286.72 212.78 -94.54 1.71 -0.58 1.83 1.67 1.60 1.75 1.60
0.60 -0.11 0.68 -286.72 195.96 -49.21 1.39 -0.25 1.56 1.66 1.64 1.77 1.67
0.55 -0.07 0.86 -248.65 209.45 -18.68 1.28 -0.22 1.95 1.67 1.69 1.79 1.69
0.49 -0.21 0.86 -225.98 203.89 -20.89 1.12 -0.48 1.98 1.67 1.74 1.81 1.71
0.58 -0.14 0.86 -221.93 220.82 -32.88 1.33 -0.25 2.00 1.68 1.78 1.83 1.72
0.65 0.02 0.71 -209.00 249.98 -54.05 1.49 0.06 1.63 1.66 1.83 1.88 1.72
0.66 0.17 0.46 -170.88 248.18 -64.86 1.51 0.39 0.95 1.67 1.88 1.93 1.74
0.88 0.28 0.33 -122.71 226.21 -66.92 2.02 0.53 0.71 1.67 1.92 1.96 1.78
0.88 0.18 0.29 -45.04 222.49 -61.35 2.01 0.41 0.68 1.67 1.96 2.00 1.82
0.96 0.02 0.30 -12.17 186.16 -52.33 2.16 0.01 0.69 1.69 1.99 2.04 1.85
0.93 -0.04 0.31 5.80 135.90 -58.53 2.13 -0.10 0.71 1.67 2.01 2.08 1.87
0.95 -0.03 0.21 1.42 97.39 -60.11 2.15 -0.09 0.46 1.68 2.03 2.10 1.92
0.93 -0.00 0.23 28.56 94.33 -46.04 2.08 0.00 0.54 1.68 2.05 2.12 1.94
0.69 -0.05 0.31 48.32 99.12 -41.25 1.59 -0.10 0.72 1.67 2.08 2.13 1.98
0.79 -0.09 0.18 73.18 126.06 -31.12 1.89 -0.23 0.37 1.69 2.09 2.17 1.98
0.83 -0.13 0.06 81.07 129.72 -14.81 1.91 -0.29 0.13 1.68 2.12 2.18 2.02
0.88 -0.12 -0.17 90.19 139.94 -3.75 2.00 -0.23 -0.40 1.68 2.13 2.19 2.04
0.97 -0.02 -0.29 87.13 132.52 3.14 2.25 -0.06 -0.67 1.68 2.14 2.20 2.05
0.87 -0.03 -0.31 70.55 132.09 1.01 2.01 -0.06 -0.72 1.69 2.15 2.21 2.05
1.00 0.05 -0.37 43.62 122.69 0.64 2.26 0.16 -0.83 1.68 2.18 2.21 2.09
0.90 0.11 -0.26 58.26 99.06 3.42 2.07 0.24 -0.60 1.69 2.18 2.25 2.08
0.83 0.12 -0.30 70.34 64.43 3.28 1.87 0.26 -0.71 1.69 2.20 2.23 2.11
0.85 0.14 -0.25 41.49 48.94 6.34 1.93 0.32 -0.58 1.71 2.20 2.26 2.10
0.81 0.16 -0.46 29.97 54.06 5.02 1.87 0.38 -1.05 1.72 2.20 2.26 2.12
0.97 0.15 -0.41 22.30 75.64 7.11 2.20 0.29 -0.85 1.72 2.20 2.27 2.12
0.91 0.14 -0.39 30.23 60.31 13.38 2.10 0.31 -0.90 1.74 2.22 2.27 2.13
0.90 0.14 -0.41 54.43 58.80 14.65 2.02 0.26 -0.84 1.77 2.24 2.26 2.13
0.87 0.21 -0.27 65.63 51.15 3.91 1.97 0.45 -0.64 1.78 2.24 2.27 2.14
1.19 0.44 -0.40 82.61 43.22 -6.23 2.73 1.02 -0.92 1.81 2.24 2.27 2.15
0.92 0.32 -0.39 106.32 48.83 -7.61 2.28 0.84 -0.78 1.84 2.26 2.30 2.15
1.00 0.32 -0.47 136.74 21.10 -2.28 2.29 0.74 -1.09 1.87 2.24 2.29 2.14
0.87 0.20 -0.60 110.57 -17.46 8.11 1.91 0.42 -1.36 1.91 2.24 2.26 2.15
0.90 0.26 -0.44 87.38 -21.00 20.71 2.05 0.66 -1.05 1.94 2.23 2.28 2.13
0.85 0.37 -0.45 74.17 -6.29 18.91 1.96 0.84 -1.04 1.98 2.23 2.29 2.14
0.85 0.39 -0.47 69.58 7.67 8.29 1.96 0.89 -1.06 1.99 2.24 2.26 2.13
0.98 0.35 -0.51 70.07 21.35 1.53 2.24 0.81 -1.17 2.03 2.23 2.27 2.12
1.07 0.29 -0.52 70.74 9.70 3.30 2.42 0.58 -1.25 2.04 2.24 2.27 2.14
1.06 0.23 -0.48 57.01 -5.29 4.42 2.37 0.48 -1.07 2.06 2.22 2.30 2.12
0.86 0.27 -0.34 37.28 -10.63 3.85 1.98 0.62 -0.78 2.06 2.23 2.26 2.13
0.88 0.32 -0.29 27.64 2.00 3.83 1.98 0.70 -0.70 2.07 2.23 2.27 2.11
0.93 0.24 -0.29 21.17 13.90 3.70 2.13 0.55 -0.67 2.07 2.24 2.26 2.13
0.93 0.24 -0.29 13.34 15.06 3.49 2.14 0.55 -0.66 2.07 2.23 2.26 2.12
0.95 0.24 -0.27 8.32 17.42 7.19 2.18 0.50 -0.63 2.06 2.22 2.26 2.12
0.99 0.19 -0.30 0.54 10.68 7.22 2.28 0.45 -0.69 2.07 2.23 2.26 2.12
0.96 0.28 -0.30 -6.90 2.60 4.22 2.19 0.66 -0.66 2.06 2.22 2.26 2.12
0.91 0.29 -0.25 -6.71 0.52 0.25 2.06 0.64 -0.58 2.06 2.22 2.27 2.12
0.90 0.28 -0.25 -7.23 4.24 -1.86 2.06 0.65 -0.57 2.07 2.21 2.26 2.12
0.94 0.27 -0.27 -4.68 5.59 -2.33 2.19 0.64 -0.63 2.07 2.22 2.25 2.12
1.00 0.27 -0.30 -2.50 -1.16 -4.03 2.29 0.62 -0.69 2.05 2.21 2.25 2.11
0.95 0.26 -0.26 -2.33 -8.85 -8.05 2.18 0.60 -0.61 2.06 2.20 2.28 2.10
0.89 0.24 -0.21 -1.46 -9.49 -10.75 2.04 0.54 -0.49 2.08 2.21 2.25 2.11
0.91 0.21 -0.21 -2.09 -6.33 -11.14 2.10 0.47 -0.49 2.05 2.20 2.27 2.11
0.95 0.19 -0.22 -1.58 -6.24 -8.62 2.18 0.43 -0.51 2.07 2.20 2.26 2.10
0.93 0.17 -0.21 -0.83 -8.97 -7.00 2.13 0.38 -0.47 2.05 2.22 2.25 2.11
0.90 0.14 -0.16 -2.50 -7.97 -6.85 2.07 0.32 -0.37 2.06 2.19 2.26 2.10
0.92 0.15 -0.17 -3.01 -5.49 -4.74 2.09 0.36 -0.41 2.06 2.19 2.26 2.10
0.93 0.15 -0.18 -1.92 -3.47 -0.74 2.15 0.34 -0.40 2.06 2.21 2.25 2.11
0.93 0.17 -0.18 -4.32 -2.82 0.62 2.13 0.40 -0.41 2.05 2.20 2.26 2.10
0.96 0.22 -0.20 -5.78 -1.37 1.43 2.22 0.52 -0.47 2.04 2.20 2.26 2.10
0.95 0.24 -0.21 -0.10 -3.88 0.46 2.17 0.56 -0.49 2.05 2.21 2.24 2.11
0.94 0.22 -0.21 3.46 -5.12 -0.70 2.16 0.50 -0.48 2.06 2.19 2.24 2.10
0.95 0.21 -0.21 3.63 -5.65 -1.02 2.18 0.47 -0.49 2.06 2.19 2.24 2.10
0.94 0.20 -0.19 1.50 -6.82 -0.74 2.16 0.46 -0.44 2.06 2.21 2.24 2.10
0.92 0.22 -0.17 -0.93 -4.87 -0.75 2.11 0.51 -0.39 2.04 2.20 2.25 2.09
0.97 0.25 -0.21 -3.18 -3.07 -1.83 2.24 0.57 -0.49 2.06 2.19 2.26 2.09
0.99 0.26 -0.22 -2.92 -6.89 -4.21 2.26 0.60 -0.50 2.04 2.19 2.24 2.10
0.92 0.24 -0.19 -0.94 -9.77 -5.72 2.11 0.53 -0.43 2.04 2.20 2.24 2.10
0.94 0.18 -0.18 -0.91 -7.75 -2.64 2.16 0.41 -0.42 2.04 2.20 2.24 2.09
0.93 0.21 -0.18 -4.24 -7.36 0.75 2.13 0.48 -0.40 2.04 2.20 2.25 2.11
0.93 0.24 -0.18 -3.22 -5.01 1.92 2.14 0.55 -0.41 2.03 2.19 2.25 2.10
0.95 0.23 -0.18 -1.76 -4.87 -0.14 2.19 0.54 -0.40 2.05 2.20 2.24 2.08
0.91 0.22 -0.14 -0.86 -4.18 -2.44 2.09 0.50 -0.33 2.03 2.19 2.25 2.10
0.95 0.20 -0.16 -0.99 -0.81 -2.59 2.19 0.47 -0.36 2.02 2.17 2.24 2.10
0.97 0.19 -0.19 -2.17 -1.51 -1.12 2.24 0.44 -0.43 2.03 2.18 2.23 2.09
0.98 0.20 -0.20 -2.27 -3.27 0.26 2.25 0.47 -0.45 2.03 2.19 2.25 2.08
0.97 0.21 -0.20 -1.59 -6.23 1.00 2.22 0.49 -0.47 2.05 2.18 2.25 2.08
0.93 0.22 -0.17 -1.41 -7.33 0.67 2.13 0.51 -0.38 2.03 2.18 2.23 2.10
0.91 0.22 -0.14 0.25 -4.25 0.29 2.09 0.49 -0.34 2.02 2.20 2.24 2.10
0.94 0.21 -0.17 -1.15 -0.78 -0.37 2.17 0.48 -0.38 2.03 2.18 2.24 2.08
0.95 0.23 -0.17 -1.65 0.21 -0.63 2.18 0.52 -0.39 2.02 2.17 2.24 2.08
0.94 0.23 -0.16 0.34 0.24 -0.73 2.16 0.52 -0.38 2.04 2.18 2.24 2.08
0.95 0.21 -0.17 2.08 1.66 -0.52 2.18 0.48 -0.40 2.03 2.18 2.23 2.08
0.97 0.19 -0.18 1.23 0.49 0.24 2.22 0.44 -0.41 2.03 2.19 2.25 2.09
0.96 0.21 -0.18 -1.65 -1.00 1.80 2.19 0.48 -0.41 2.03 2.18 2.23 2.08
0.95 0.25 -0.18 -3.77 -1.60 1.15 2.18 0.57 -0.42 2.04 2.18 2.23 2.07
0.94 0.26 -0.18 -2.56 -2.21 -0.35 2.12 0.60 -0.42 2.01 2.19 2.23 2.10
0.94 0.25 -0.18 0.26 -2.73 -1.37 2.17 0.56 -0.41 2.01 2.20 2.23 2.09
0.94 0.23 -0.16 -0.81 -3.16 -2.36 2.16 0.52 -0.38 2.02 2.19 2.25 2.10
0.94 0.22 -0.14 -2.62 -1.91 -2.40 2.16 0.50 -0.33 2.03 2.18 2.23 2.09
0.95 0.21 -0.14 -3.73 -0.08 -1.75 2.16 0.49 -0.33 2.03 2.18 2.23 2.09
