start recording
0.20 0.41 1.22 105.56 -102.39 177.93 0.41 0.91 2.96 1.63 1.50 1.50 1.50
0.19 0.24 1.42 103.44 -77.87 150.04 0.43 0.55 3.27 1.63 1.52 1.50 1.50
0.28 0.24 1.48 82.97 -54.54 121.46 0.64 0.55 3.40 1.64 1.50 1.50 1.47
0.33 0.20 1.47 45.50 -52.90 91.19 0.77 0.42 3.42 1.61 1.54 1.47 1.45
0.36 0.30 1.56 11.89 -43.47 59.50 0.83 0.69 3.57 1.63 1.50 1.50 1.46
0.35 0.43 1.53 -9.55 -34.71 32.52 0.77 0.98 3.53 1.63 1.54 1.46 1.50
0.42 0.45 1.45 -11.58 -8.35 25.52 0.97 1.03 3.32 1.59 1.51 1.50 1.47
0.51 0.38 1.27 3.09 -3.57 25.91 1.20 0.86 2.87 1.58 1.52 1.50 1.47
0.62 0.24 1.15 11.35 10.83 17.08 1.43 0.55 2.63 1.67 1.45 1.48 1.52
0.73 0.15 1.04 4.19 15.79 3.48 1.68 0.35 2.34 1.65 1.49 1.51 1.47
0.77 0.07 0.96 -4.25 21.63 -9.81 1.78 0.15 2.17 1.62 1.45 1.47 1.49
0.80 0.04 0.85 -11.59 15.69 -13.10 1.84 0.09 1.95 1.56 1.55 1.50 1.45
0.81 0.05 0.77 -10.10 12.01 -10.53 1.86 0.13 1.75 1.60 1.46 1.47 1.46
0.78 0.10 0.73 -4.17 11.59 -8.95 1.79 0.23 1.68 1.62 1.51 1.49 1.48
0.77 0.09 0.69 -2.43 13.74 -12.34 1.76 0.19 1.60 1.66 1.47 1.49 1.51
0.80 0.01 0.67 -6.31 8.76 -16.49 1.83 0.00 1.55 1.60 1.58 1.46 1.54
0.81 -0.06 0.63 -12.51 2.82 -19.57 1.85 -0.13 1.44 1.59 1.55 1.50 1.47
0.86 -0.11 0.60 -17.86 -2.73 -20.15 1.99 -0.25 1.36 1.64 1.52 1.48 1.48
0.87 -0.08 0.56 -19.74 -9.06 -18.09 1.99 -0.18 1.29 1.59 1.56 1.48 1.49
0.82 -0.06 0.56 -16.66 -10.60 -16.95 1.87 -0.14 1.30 1.65 1.50 1.50 1.52
0.80 -0.10 0.61 -18.32 -5.45 -17.33 1.85 -0.22 1.41 1.57 1.52 1.53 1.49
0.77 -0.07 0.68 -21.59 -1.45 -18.47 1.77 -0.15 1.55 1.59 1.47 1.53 1.47
0.73 0.02 0.71 -25.56 3.12 -21.81 1.65 0.06 1.66 1.60 1.49 1.51 1.47
0.67 0.11 0.86 -25.69 11.79 -27.12 1.54 0.24 1.98 1.65 1.56 1.48 1.47
0.62 0.11 0.91 -38.77 22.21 -40.00 1.43 0.26 2.08 1.65 1.50 1.48 1.47
0.68 0.14 0.91 -54.51 18.42 -50.33 1.56 0.31 2.08 1.62 1.57 1.47 1.54
0.65 0.17 0.92 -66.30 10.73 -59.53 1.50 0.42 2.11 1.59 1.47 1.49 1.53
0.61 0.27 0.91 -67.74 16.77 -72.68 1.40 0.61 2.08 1.60 1.47 1.52 1.53
0.54 0.34 1.03 -64.97 41.87 -92.57 1.25 0.78 2.36 1.58 1.55 1.50 1.48
0.49 0.31 1.12 -75.03 97.12 -134.95 1.10 0.62 2.55 1.60 1.56 1.48 1.53
0.60 0.19 0.98 -105.27 100.21 -161.67 1.38 0.44 2.26 1.66 1.55 1.52 1.47
0.74 -0.07 1.07 -154.18 95.88 -189.52 1.68 -0.26 2.38 1.64 1.56 1.49 1.49
0.92 -0.38 0.75 -251.68 21.39 -200.93 2.12 -0.88 1.73 1.62 1.56 1.51 1.53
1.00 -0.19 0.67 -286.72 -13.79 -211.49 2.20 -0.40 1.46 1.60 1.50 1.54 1.53
0.93 -0.03 0.55 -286.72 -34.66 -222.63 2.14 -0.08 1.25 1.67 1.46 1.56 1.52
0.84 0.17 0.37 -286.72 -49.75 -236.24 1.98 0.33 0.90 1.67 1.47 1.59 1.47
0.81 0.05 0.52 -286.72 -37.25 -254.77 1.81 0.09 1.20 1.63 1.58 1.54 1.47
0.78 -0.04 0.64 -286.72 -1.71 -286.27 1.79 -0.08 1.46 1.63 1.53 1.55 1.53
0.67 -0.18 0.65 -286.72 49.40 -286.72 1.59 -0.39 1.47 1.66 1.54 1.61 1.52
0.73 -0.34 0.56 -286.72 88.59 -286.72 1.67 -0.77 1.28 1.68 1.52 1.59 1.56
0.82 -0.27 0.53 -286.72 96.27 -286.72 1.81 -0.59 1.25 1.69 1.49 1.62 1.56
0.83 -0.19 0.42 -286.72 81.46 -286.72 1.91 -0.44 0.96 1.71 1.58 1.61 1.55
0.77 -0.18 0.49 -286.72 82.39 -244.85 1.72 -0.33 1.22 1.69 1.56 1.63 1.61
0.84 -0.19 0.62 -286.72 82.82 -193.25 1.92 -0.43 1.42 1.64 1.63 1.67 1.56
0.85 -0.26 0.61 -286.72 58.62 -166.27 1.96 -0.60 1.39 1.68 1.62 1.72 1.61
0.76 -0.17 0.74 -286.72 53.32 -158.27 1.71 -0.41 1.78 1.71 1.60 1.69 1.66
0.85 -0.21 0.69 -286.72 39.60 -159.38 1.94 -0.49 1.59 1.72 1.61 1.74 1.73
0.97 -0.17 0.57 -286.72 22.41 -143.73 2.16 -0.37 1.27 1.64 1.66 1.74 1.68
0.96 -0.16 0.51 -286.72 20.22 -106.72 2.20 -0.37 1.18 1.70 1.67 1.72 1.68
0.88 -0.19 0.41 -286.72 18.46 -62.42 2.06 -0.46 0.91 1.68 1.74 1.81 1.74
0.86 -0.09 0.32 -286.72 4.59 -29.38 1.98 -0.20 0.74 1.65 1.81 1.79 1.79
0.83 0.08 0.31 -286.72 8.96 -11.71 1.85 0.21 0.74 1.71 1.82 1.78 1.77
0.65 0.26 0.47 -286.72 22.85 -12.68 1.49 0.60 1.07 1.74 1.74 1.89 1.71
0.58 0.27 0.73 -286.72 48.27 -19.97 1.32 0.62 1.76 1.76 1.80 1.81 1.82
0.53 0.33 0.85 -286.15 28.73 -18.33 1.22 0.74 1.87 1.69 1.87 1.89 1.77
0.53 0.15 0.77 -247.51 38.33 -15.33 1.22 0.35 1.76 1.75 1.85 1.89 1.82
0.65 0.14 0.68 -231.65 47.64 -15.76 1.61 0.28 1.54 1.66 1.95 1.89 1.89
0.79 0.19 0.44 -225.15 35.27 -11.29 1.82 0.43 1.02 1.71 1.92 2.00 1.86
0.88 0.39 0.31 -205.30 24.64 -3.04 2.09 1.00 0.70 1.75 1.94 1.98 1.91
0.81 0.56 0.41 -159.83 31.22 -0.03 1.86 1.28 0.94 1.77 1.98 2.00 1.94
0.68 0.60 0.50 -134.18 49.85 -27.71 1.56 1.37 1.18 1.71 2.04 2.02 1.93
0.67 0.68 0.78 -77.05 74.24 -67.75 1.49 1.50 1.84 1.75 2.01 2.15 1.92
0.66 0.51 0.88 -41.55 47.39 -105.05 1.52 1.18 2.01 1.68 2.06 2.12 1.93
0.62 0.36 0.78 -0.89 38.74 -110.66 1.53 0.77 1.84 1.71 2.03 2.10 2.04
0.75 0.09 0.70 -6.90 40.69 -87.37 1.73 0.20 1.60 1.70 2.07 2.14 2.03
0.93 0.12 0.68 -1.74 39.61 -54.18 2.08 0.10 1.55 1.66 2.16 2.12 2.10
0.87 0.13 0.50 16.84 28.24 -41.27 1.99 0.30 1.14 1.68 2.18 2.10 2.09
0.81 0.29 0.42 44.20 20.11 -38.44 1.86 0.68 0.93 1.67 2.12 2.17 2.08
0.77 0.38 0.39 69.44 37.46 -51.20 1.76 0.80 0.88 1.73 2.20 2.20 2.03
0.84 0.35 0.41 84.35 61.98 -61.51 1.94 0.81 0.94 1.73 2.10 2.25 2.04
0.89 0.12 0.41 101.72 79.20 -69.06 1.99 0.29 0.93 1.75 2.11 2.25 2.04
1.02 0.01 0.39 81.68 81.12 -57.72 2.35 0.02 0.89 1.67 2.18 2.25 2.08
1.02 0.00 0.42 53.42 79.62 -48.67 2.31 0.03 0.96 1.68 2.20 2.29 2.15
0.87 0.09 0.24 30.59 49.14 -54.50 1.99 0.20 0.55 1.73 2.24 2.21 2.08
0.84 0.10 0.24 31.82 49.18 -52.18 1.93 0.24 0.55 1.73 2.24 2.26 2.13
0.88 0.04 0.20 24.66 76.07 -43.28 2.02 0.05 0.38 1.66 2.27 2.20 2.12
0.98 -0.04 0.21 15.85 84.37 -23.73 2.24 -0.08 0.49 1.69 2.18 2.28 2.18
0.93 -0.02 0.07 4.12 69.94 -17.88 2.10 -0.07 0.10 1.74 2.17 2.21 2.12
1.06 0.00 0.11 9.08 75.86 -13.34 2.44 0.00 0.26 1.80 2.17 2.31 2.08
0.94 0.05 0.09 20.13 61.67 -13.71 2.14 0.06 0.10 1.78 2.17 2.23 2.15
0.88 0.01 0.11 38.31 42.75 -10.60 2.03 0.02 0.25 1.77 2.23 2.23 2.19
0.85 -0.13 0.08 80.20 48.74 -8.69 1.95 -0.31 0.17 1.84 2.20 2.24 2.11
0.92 -0.17 -0.03 136.36 42.82 1.45 2.15 -0.38 0.06 1.91 2.17 2.22 2.16
0.91 -0.09 -0.23 89.43 32.79 15.36 2.10 -0.21 -0.52 1.87 2.14 2.22 2.12
1.02 -0.01 -0.39 74.92 38.80 9.25 2.33 0.02 -0.95 1.92 2.20 2.25 2.14
1.13 0.11 -0.37 72.54 38.96 5.89 2.59 0.25 -0.85 1.92 2.16 2.27 2.18
1.00 0.07 -0.37 72.42 33.69 -1.90 2.32 0.12 -0.80 1.95 2.25 2.23 2.10
1.08 0.05 -0.30 57.65 34.23 -5.30 2.48 0.13 -0.68 2.04 2.26 2.22 2.07
1.03 0.09 -0.25 45.60 24.53 -1.51 2.37 0.20 -0.57 2.07 2.20 2.18 2.13
0.98 0.08 -0.22 38.19 15.60 0.04 2.27 0.23 -0.50 2.07 2.15 2.29 2.06
1.07 0.09 -0.21 28.51 11.13 2.96 2.44 0.21 -0.49 2.07 2.25 2.26 2.12
1.07 0.19 -0.21 17.76 2.77 3.29 2.46 0.46 -0.47 2.10 2.24 2.18 2.13
0.95 0.15 -0.08 16.42 -1.92 1.99 2.17 0.35 -0.18 1.99 2.23 2.25 2.05
0.99 0.12 -0.06 11.76 4.07 2.01 2.28 0.27 -0.14 2.03 2.14 2.21 2.16
1.01 0.11 -0.06 3.70 6.81 0.86 2.31 0.26 -0.12 2.03 2.24 2.26 2.08
0.97 0.16 -0.02 -1.47 13.18 0.65 2.22 0.38 -0.05 2.04 2.16 2.31 2.04
1.06 0.17 -0.07 0.31 19.32 0.74 2.47 0.37 -0.16 2.01 2.27 2.19 2.09
1.06 0.14 -0.08 -0.11 12.69 -0.82 2.44 0.32 -0.18 2.09 2.18 2.19 2.07
1.05 0.11 -0.08 -0.32 5.88 -1.25 2.41 0.26 -0.18 2.11 2.13 2.30 2.06
1.03 0.13 -0.07 -3.12 -1.23 -2.67 2.32 0.30 -0.15 2.00 2.25 2.19 2.11
0.91 0.16 -0.02 -3.41 0.42 -3.82 2.09 0.38 -0.04 2.08 2.12 2.23 2.14
0.94 0.15 -0.03 0.10 8.01 -6.12 2.15 0.33 -0.07 1.99 2.25 2.20 2.10
0.99 0.09 -0.07 1.34 11.90 -5.35 2.29 0.21 -0.16 2.12 2.13 2.26 2.06
1.04 0.08 -0.11 -0.51 3.46 -4.01 2.40 0.19 -0.25 2.12 2.14 2.22 2.12
0.99 0.07 -0.06 -4.36 -4.27 -2.39 2.25 0.15 -0.12 2.11 2.12 2.26 2.06
0.94 0.09 -0.02 -7.97 -6.91 -3.08 2.17 0.20 -0.04 2.11 2.18 2.17 2.05
0.96 0.11 0.01 -6.14 -6.39 -4.41 2.20 0.26 0.02 2.02 2.24 2.17 2.14
0.98 0.13 0.01 -3.01 -7.61 -5.84 2.26 0.30 0.02 2.06 2.18 2.23 2.12
0.99 0.15 0.01 0.32 -8.95 -6.92 2.26 0.33 0.02 2.10 2.18 2.16 2.14
0.97 0.13 0.03 2.85 -9.52 -7.97 2.21 0.28 0.09 2.11 2.17 2.20 2.12
0.97 0.02 0.04 0.16 -6.70 -6.62 2.23 0.04 0.10 2.05 2.20 2.23 2.07
1.03 0.02 -0.01 -11.88 -5.58 -2.42 2.36 0.09 -0.04 2.01 2.14 2.17 2.10
1.10 0.15 -0.08 -18.64 -11.58 -4.75 2.53 0.36 -0.18 2.00 2.20 2.23 2.05
1.04 0.15 -0.07 -17.14 -21.50 -13.33 2.40 0.34 -0.16 1.99 2.20 2.28 2.06
1.11 0.13 -0.13 -20.63 -27.75 -23.60 2.57 0.31 -0.32 2.10 2.12 2.23 2.10
1.16 0.16 -0.20 -27.72 -42.91 -33.54 2.65 0.37 -0.46 2.10 2.13 2.27 2.05
0.95 0.12 -0.07 -38.27 -59.03 -42.95 2.09 0.29 -0.11 2.03 2.13 2.26 2.06
0.64 0.14 0.13 -40.49 -37.90 -37.73 1.47 0.31 0.30 2.06 2.12 2.28 2.04
0.78 0.07 0.05 -40.96 6.11 -28.39 1.83 0.15 0.09 1.96 2.19 2.23 2.03
0.98 0.04 -0.13 -45.05 30.70 -20.55 2.31 0.08 -0.28 1.93 2.18 2.27 2.06
1.11 0.16 -0.28 -48.17 27.97 -17.25 2.55 0.37 -0.63 2.00 2.18 2.15 2.10
1.20 0.29 -0.43 -43.79 14.02 -23.64 2.78 0.69 -0.99 1.93 2.20 2.17 2.11
1.23 0.25 -0.49 -31.58 -19.87 -36.09 2.83 0.56 -1.12 1.87 2.17 2.19 2.06
1.10 0.18 -0.39 -29.07 -52.45 -48.56 2.45 0.39 -0.88 1.88 2.10 2.23 2.08
1.02 0.06 -0.36 -26.88 -64.44 -60.98 2.34 0.15 -0.82 1.92 2.09 2.18 2.08
0.86 0.21 -0.28 -22.09 -69.26 -63.28 2.00 0.45 -0.60 1.79 2.12 2.15 2.05
0.78 0.29 -0.31 -18.43 -63.56 -64.48 1.84 0.63 -0.68 1.80 2.08 2.11 2.03
0.86 0.31 -0.37 -15.36 -58.69 -55.99 1.97 0.70 -0.84 1.79 2.04 2.14 1.95
0.95 0.26 -0.32 -2.35 -54.15 -56.24 2.29 0.57 -0.57 1.80 1.99 2.06 1.99
0.93 0.10 -0.24 5.87 -73.24 -57.85 2.13 0.23 -0.54 1.79 1.99 1.99 1.91
0.91 -0.07 -0.12 18.22 -92.71 -73.68 1.92 -0.19 -0.28 1.74 1.93 1.97 1.92
0.72 -0.20 -0.06 29.38 -124.27 -88.65 1.65 -0.46 -0.13 1.80 1.88 1.95 1.84
0.78 -0.30 -0.05 59.96 -115.60 -75.54 1.80 -0.76 -0.03 1.74 1.95 1.93 1.75
0.66 -0.39 -0.12 54.26 -114.42 -57.97 1.39 -0.94 -0.26 1.68 1.89 1.89 1.71
1.23 -0.23 0.48 192.55 -286.72 -95.74 2.81 -0.52 1.10 1.67 1.88 1.82 1.68
0.54 -0.37 0.08 245.11 -286.72 -54.23 1.19 -0.79 0.14 1.74 1.80 1.81 1.63
0.70 -0.65 0.25 286.68 -286.72 -25.83 1.61 -1.49 0.57 1.70 1.78 1.79 1.62
0.63 -0.47 0.29 286.68 -286.72 11.61 1.34 -1.13 0.67 1.64 1.78 1.75 1.64
0.48 -0.79 -0.00 286.68 -280.83 36.06 1.11 -1.82 -0.01 1.68 1.72 1.78 1.64
0.31 -1.22 0.11 286.68 -248.98 70.11 0.76 -2.94 0.41 1.71 1.61 1.80 1.57
0.26 -1.57 0.39 286.68 -219.27 90.51 0.60 -3.60 0.89 1.69 1.60 1.79 1.54
0.36 -1.94 0.51 286.68 -194.86 99.03 0.82 -4.42 1.24 1.64 1.59 1.75 1.52
0.56 -1.88 0.45 286.68 -169.72 131.10 1.33 -4.51 1.01 1.63 1.62 1.71 1.53
0.68 -1.85 0.25 286.68 -161.96 177.90 1.55 -4.26 0.57 1.65 1.54 1.70 1.54
0.62 -2.00 0.15 286.68 -177.25 231.26 1.44 -4.59 0.24 1.65 1.54 1.70 1.49
0.42 -2.00 0.04 286.68 -181.82 254.39 0.96 -4.59 0.08 1.65 1.52 1.63 1.53
0.46 -2.00 0.13 286.68 -180.54 283.72 0.97 -4.43 0.35 1.63 1.55 1.62 1.51
0.57 -1.93 0.16 286.68 -178.60 286.68 1.30 -4.44 0.36 1.60 1.50 1.56 1.48
0.60 -1.88 0.13 286.68 -179.86 286.68 1.44 -4.20 0.30 1.62 1.49 1.61 1.47
0.73 -1.61 0.01 286.44 -202.57 286.68 1.68 -3.70 0.03 1.62 1.49 1.55 1.50
0.64 -1.36 -0.04 279.93 -225.36 286.68 1.47 -3.07 -0.17 1.64 1.50 1.54 1.54
0.54 -1.25 0.08 270.64 -244.02 286.68 1.24 -2.90 0.17 1.62 1.55 1.52 1.50
0.40 -1.16 0.17 236.12 -279.32 286.68 0.91 -2.67 0.40 1.62 1.54 1.56 1.48
0.28 -1.00 0.35 189.14 -277.47 286.68 0.74 -2.24 0.80 1.62 1.50 1.52 1.51
0.24 -0.74 0.37 159.26 -260.90 286.68 0.54 -1.69 0.85 1.59 1.55 1.51 1.48
0.18 -0.50 0.53 147.88 -248.04 285.49 0.31 -1.17 1.27 1.65 1.52 1.48 1.49
0.03 -0.32 0.80 147.41 -217.29 266.41 0.08 -0.74 1.83 1.63 1.52 1.52 1.51
-0.03 -0.22 1.02 139.64 -188.58 241.17 -0.01 -0.48 2.33 1.63 1.51 1.51 1.46
0.08 -0.22 1.14 116.84 -160.96 220.90 0.18 -0.51 2.62 1.59 1.44 1.52 1.55
0.14 -0.01 1.22 103.72 -138.29 208.21 0.29 -0.02 2.81 1.61 1.44 1.50 1.53
0.06 0.01 1.55 92.95 -114.18 180.70 0.15 0.02 3.56 1.65 1.43 1.52 1.46
-0.03 0.00 1.77 61.64 -86.44 144.08 -0.06 0.01 4.05 1.63 1.57 1.49 1.45
-0.10 0.03 1.83 25.03 -67.68 118.08 -0.19 0.14 4.20 1.65 1.48 1.47 1.53
-0.03 0.30 1.80 10.41 -39.17 105.35 -0.07 0.70 4.13 1.61 1.50 1.47 1.47
-0.02 0.47 1.64 27.08 -13.39 94.00 -0.05 1.03 3.72 1.59 1.49 1.50 1.46
0.13 0.45 1.62 35.92 11.94 81.55 0.29 1.02 3.73 1.59 1.44 1.49 1.55
0.21 0.40 1.64 15.14 21.03 51.28 0.49 0.86 3.72 1.64 1.55 1.51 1.51
0.24 0.35 1.49 -15.82 31.68 12.12 0.56 0.81 3.42 1.62 1.47 1.55 1.50
0.35 0.34 1.28 -37.87 36.75 -10.53 0.80 0.78 2.89 1.57 1.50 1.52 1.53
0.50 0.28 1.06 -33.99 48.25 -15.91 1.19 0.63 2.39 1.64 1.53 1.51 1.48
0.67 0.18 0.86 -14.42 48.85 -8.17 1.54 0.40 1.98 1.65 1.46 1.47 1.50
0.81 0.04 0.79 -0.65 39.11 -2.30 1.91 0.08 1.81 1.62 1.52 1.47 1.54
0.89 -0.05 0.76 1.83 25.27 -6.04 2.04 -0.11 1.73 1.64 1.43 1.55 1.44
0.89 -0.04 0.75 -4.76 16.28 -12.92 2.05 -0.08 1.70 1.59 1.51 1.52 1.51
0.87 -0.03 0.67 -11.35 15.18 -16.98 1.99 -0.08 1.55 1.58 1.58 1.49 1.48
0.88 -0.07 0.67 -15.29 14.32 -15.93 2.01 -0.16 1.54 1.61 1.48 1.53 1.45
0.86 -0.05 0.62 -16.35 6.84 -10.41 1.96 -0.11 1.42 1.65 1.53 1.52 1.50
0.83 -0.04 0.59 -9.04 -3.00 -4.41 1.90 -0.08 1.36 1.62 1.55 1.48 1.52
0.80 -0.03 0.63 -4.09 -10.11 -1.10 1.83 -0.08 1.46 1.58 1.47 1.53 1.44
0.78 -0.04 0.65 -4.61 -12.78 -0.45 1.78 -0.10 1.48 1.59 1.58 1.47 1.52
0.74 -0.05 0.66 -6.64 -11.07 -0.04 1.69 -0.10 1.51 1.63 1.51 1.49 1.52
0.68 -0.04 0.66 -11.15 -5.57 -1.03 1.57 -0.10 1.51 1.64 1.52 1.49 1.49
0.65 -0.01 0.65 -9.18 1.26 -0.98 1.50 -0.02 1.49 1.64 1.56 1.47 1.48
0.67 0.02 0.62 -2.74 6.12 1.80 1.53 0.06 1.43 1.64 1.50 1.48 1.45
0.70 0.03 0.60 3.67 4.80 3.68 1.60 0.08 1.38 1.69 1.44 1.55 1.45
0.71 0.02 0.62 2.47 -0.16 1.05 1.63 0.05 1.42 1.61 1.51 1.51 1.46
0.70 0.00 0.65 -2.13 -2.00 -5.20 1.61 0.00 1.51 1.62 1.47 1.51 1.51
0.69 0.02 0.70 -7.72 -1.33 -9.37 1.59 0.04 1.62 1.69 1.48 1.50 1.52
0.67 0.03 0.72 -8.44 1.31 -10.27 1.55 0.07 1.66 1.65 1.55 1.49 1.49
0.68 0.01 0.75 -9.55 2.29 -11.83 1.55 0.02 1.72 1.66 1.53 1.52 1.53
0.69 0.03 0.72 -9.51 3.83 -12.48 1.58 0.06 1.66 1.63 1.53 1.47 1.53
0.70 0.05 0.73 -3.93 7.53 -9.80 1.62 0.12 1.69 1.59 1.57 1.49 1.47
0.71 0.01 0.77 -2.78 10.95 -10.98 1.64 0.02 1.76 1.59 1.52 1.50 1.49
0.73 0.03 0.78 -9.91 9.43 -14.65 1.66 0.08 1.81 1.65 1.45 1.51 1.46
0.71 0.03 0.77 -19.73 7.18 -20.62 1.62 0.08 1.77 1.64 1.51 1.50 1.52
0.70 0.06 0.76 -25.72 6.04 -25.38 1.61 0.14 1.75 1.60 1.58 1.48 1.51
0.70 0.12 0.75 -21.97 9.18 -26.44 1.59 0.28 1.72 1.65 1.52 1.48 1.52
0.65 0.10 0.80 -11.92 15.81 -27.72 1.49 0.23 1.84 1.66 1.44 1.55 1.45
0.62 0.13 0.88 -10.83 19.86 -34.09 1.40 0.31 2.03 1.66 1.52 1.48 1.54
0.56 0.12 1.01 -16.09 33.83 -49.39 1.28 0.27 2.32 1.66 1.53 1.51 1.49
0.57 0.10 0.97 -35.47 27.86 -60.43 1.32 0.23 2.22 1.59 1.58 1.48 1.55
0.59 0.12 1.05 -56.01 19.08 -76.49 1.36 0.27 2.41 1.60 1.57 1.49 1.50
0.54 0.11 1.03 -81.61 14.33 -98.48 1.25 0.26 2.35 1.59 1.52 1.53 1.47
0.55 0.05 1.01 -95.57 22.09 -123.84 1.27 0.17 2.32 1.67 1.49 1.50 1.54
0.57 0.08 1.09 -111.06 44.09 -149.90 1.32 0.19 2.51 1.67 1.50 1.49 1.55
0.56 0.07 1.12 -134.56 77.64 -188.14 1.27 0.10 2.60 1.67 1.54 1.48 1.48
0.62 -0.06 1.15 -177.56 79.63 -230.25 1.41 -0.13 2.65 1.65 1.54 1.49 1.52
0.65 -0.07 1.10 -233.92 66.49 -274.29 1.52 -0.18 2.57 1.58 1.56 1.50 1.50
0.69 -0.31 0.95 -286.72 40.18 -286.72 1.59 -0.72 2.19 1.70 1.46 1.55 1.54
0.79 -0.34 0.89 -286.72 20.40 -286.72 1.81 -0.68 2.07 1.65 1.50 1.52 1.53
0.72 -0.24 0.68 -286.72 13.48 -286.72 1.67 -0.60 1.48 1.66 1.49 1.53 1.56
0.67 -0.24 0.46 -286.72 22.80 -286.72 1.55 -0.55 1.04 1.60 1.58 1.53 1.53
0.79 -0.18 0.58 -286.72 51.96 -286.72 1.86 -0.42 1.36 1.64 1.59 1.52 1.53
0.89 -0.42 0.52 -286.72 55.91 -286.72 2.05 -0.96 1.20 1.61 1.56 1.59 1.55
1.11 -0.47 0.48 -286.72 18.83 -286.72 2.59 -1.03 1.08 1.61 1.56 1.61 1.51
1.05 -0.41 0.52 -286.72 -8.34 -260.43 2.41 -0.93 1.18 1.65 1.53 1.64 1.51
0.94 -0.31 0.46 -286.72 -23.80 -231.43 2.14 -0.70 1.10 1.67 1.56 1.61 1.56
0.77 -0.16 0.38 -286.72 -24.77 -215.25 1.78 -0.37 0.86 1.69 1.57 1.61 1.57
0.63 -0.02 0.67 -286.72 4.39 -205.38 1.45 -0.05 1.57 1.70 1.52 1.66 1.54
0.49 0.06 0.72 -286.72 27.42 -187.00 1.08 0.03 1.62 1.66 1.56 1.61 1.57
0.59 0.00 0.81 -286.72 39.06 -165.57 1.36 0.01 1.86 1.70 1.56 1.63 1.54
0.72 -0.09 0.75 -286.72 33.83 -128.34 1.65 -0.21 1.76 1.71 1.61 1.68 1.60
0.77 -0.29 0.84 -286.72 28.25 -99.55 1.77 -0.67 1.92 1.68 1.61 1.62 1.63
0.76 -0.31 0.87 -286.72 4.72 -70.84 1.75 -0.69 1.96 1.67 1.61 1.71 1.57
0.73 -0.16 0.78 -286.72 -10.31 -52.67 1.68 -0.36 1.79 1.66 1.65 1.67 1.60
0.59 0.02 0.74 -286.72 -8.44 -46.29 1.38 0.11 1.66 1.73 1.58 1.70 1.69
0.47 0.21 0.68 -286.72 12.09 -33.38 1.06 0.51 1.63 1.72 1.63 1.68 1.65
0.41 0.29 0.70 -286.72 45.23 -24.05 0.95 0.67 1.61 1.72 1.65 1.66 1.70
0.37 0.45 0.61 -286.72 80.01 -24.95 0.92 1.02 1.40 1.74 1.66 1.76 1.63
0.57 0.43 0.55 -286.72 102.10 -24.89 1.32 0.99 1.26 1.72 1.72 1.75 1.66
0.68 0.48 0.58 -276.12 104.23 -20.08 1.63 1.06 1.36 1.73 1.77 1.76 1.68
0.68 0.46 0.56 -224.15 84.79 -21.39 1.56 1.06 1.29 1.74 1.73 1.88 1.73
0.69 0.50 0.57 -178.62 65.06 -32.63 1.58 1.11 1.31 1.69 1.81 1.93 1.78
0.64 0.56 0.58 -131.85 49.40 -57.41 1.45 1.29 1.34 1.76 1.82 1.91 1.82
0.66 0.63 0.63 -84.48 42.74 -83.47 1.50 1.45 1.44 1.67 1.91 1.94 1.81
0.55 0.71 0.69 -45.72 33.16 -115.31 1.31 1.48 1.53 1.67 1.90 1.99 1.88
0.62 0.50 0.55 -36.64 70.20 -119.53 1.41 1.16 1.27 1.72 1.97 1.98 1.87
0.78 0.19 0.80 -3.00 89.79 -108.18 1.76 0.44 1.90 1.65 2.07 2.00 1.97
0.87 0.13 0.67 8.17 59.96 -118.61 2.00 0.29 1.55 1.74 2.04 2.03 1.96
0.86 0.04 0.53 19.77 55.14 -102.86 1.94 0.14 1.24 1.70 2.12 2.15 2.01
0.86 0.11 0.55 15.50 57.03 -80.82 1.98 0.24 1.27 1.71 2.14 2.18 2.04
0.76 0.18 0.52 11.40 58.85 -88.37 1.74 0.46 1.18 1.75 2.05 2.22 1.99
0.78 0.24 0.56 33.01 78.38 -86.10 1.73 0.50 1.23 1.67 2.10 2.18 2.06
0.80 0.21 0.60 29.06 97.87 -93.68 1.84 0.48 1.38 1.72 2.18 2.23 2.12
0.88 0.12 0.34 50.13 106.18 -74.25 2.24 0.35 0.78 1.74 2.14 2.23 2.08
0.95 -0.01 0.37 79.05 107.78 -64.01 2.19 -0.01 0.85 1.74 2.14 2.28 2.07
0.84 -0.08 0.20 55.38 82.51 -55.83 1.93 -0.15 0.46 1.72 2.18 2.20 2.11
0.91 0.01 0.18 29.04 90.11 -38.15 2.08 0.02 0.42 1.66 2.28 2.18 2.20
0.93 0.03 0.09 16.83 81.68 -34.23 2.23 0.06 0.23 1.76 2.20 2.20 2.13
0.91 0.02 0.17 17.12 79.50 -28.64 2.10 0.14 0.43 1.69 2.21 2.30 2.08
0.90 0.08 0.27 41.60 93.84 -17.11 2.06 0.19 0.61 1.71 2.22 2.28 2.17
0.83 -0.02 0.17 55.12 102.79 -7.24 1.95 -0.08 0.42 1.79 2.27 2.21 2.22
0.80 -0.13 0.14 81.18 101.43 2.92 1.83 -0.31 0.32 1.84 2.26 2.24 2.10
0.99 -0.05 -0.05 73.78 99.05 -0.49 2.33 -0.14 -0.17 1.87 2.26 2.20 2.19
0.98 0.07 -0.11 79.21 82.27 -6.34 2.26 0.17 -0.25 1.85 2.18 2.26 2.18
1.09 0.05 -0.19 94.18 79.55 -7.44 2.47 0.07 -0.41 1.88 2.25 2.25 2.16
1.07 0.11 -0.16 108.65 66.14 -4.51 2.43 0.27 -0.31 2.00 2.20 2.21 2.16
1.02 0.01 -0.23 102.65 45.23 -3.46 2.33 0.02 -0.52 1.95 2.17 2.31 2.12
1.03 0.06 -0.26 84.62 33.17 3.08 2.36 0.10 -0.53 1.98 2.29 2.17 2.16
0.94 0.01 -0.18 60.51 35.28 3.60 2.16 0.01 -0.41 2.01 2.25 2.28 2.16
1.01 0.22 -0.21 48.85 47.38 1.88 2.29 0.39 -0.41 1.98 2.29 2.19 2.18
1.08 0.18 -0.25 43.94 59.78 3.79 2.47 0.41 -0.57 2.11 2.15 2.19 2.08
1.11 0.21 -0.34 36.88 55.68 1.08 2.54 0.48 -0.81 2.10 2.18 2.28 2.09
1.07 0.19 -0.31 32.33 39.33 -4.17 2.47 0.47 -0.72 2.04 2.30 2.19 2.13
0.92 0.23 -0.27 26.78 26.56 -5.16 2.12 0.53 -0.61 2.08 2.16 2.31 2.06
0.98 0.27 -0.25 24.62 30.03 -2.58 2.22 0.63 -0.58 2.01 2.19 2.26 2.16
0.97 0.22 -0.28 20.86 34.51 2.89 2.22 0.51 -0.64 2.12 2.25 2.21 2.15
0.99 0.17 -0.26 16.34 30.29 9.37 2.26 0.45 -0.58 2.04 2.26 2.25 2.06
0.96 0.18 -0.24 8.98 30.53 11.69 2.19 0.42 -0.55 2.11 2.23 2.21 2.08
0.98 0.24 -0.25 -0.45 35.08 9.97 2.24 0.56 -0.58 2.13 2.24 2.21 2.10
0.98 0.26 -0.25 -3.54 33.92 5.98 2.24 0.62 -0.58 2.09 2.26 2.19 2.09
1.03 0.21 -0.27 -3.86 32.00 3.52 2.36 0.48 -0.62 2.10 2.21 2.20 2.09
1.05 0.23 -0.32 -2.62 17.22 0.31 2.41 0.54 -0.72 2.04 2.20 2.24 2.09
0.97 0.21 -0.25 0.59 7.85 -0.31 2.23 0.48 -0.56 2.06 2.17 2.20 2.08
0.94 0.23 -0.23 2.13 6.37 -2.40 2.16 0.53 -0.53 2.05 2.23 2.21 2.07
0.97 0.22 -0.23 4.81 5.43 -3.69 2.21 0.50 -0.53 2.11 2.24 2.17 2.12
0.99 0.15 -0.24 8.33 1.40 -3.02 2.28 0.35 -0.56 2.11 2.20 2.17 2.13
0.96 0.13 -0.22 3.76 -6.31 -2.13 2.20 0.30 -0.51 2.11 2.20 2.21 2.13
0.90 0.16 -0.17 -0.78 -5.58 -1.15 2.05 0.37 -0.40 2.16 2.16 2.24 2.09
0.93 0.21 -0.18 -0.18 -1.59 -1.29 2.12 0.47 -0.41 2.12 2.16 2.25 2.11
1.02 0.21 -0.23 2.50 -3.33 -2.78 2.36 0.48 -0.52 2.09 2.19 2.22 2.08
1.04 0.19 -0.23 0.48 -12.86 -7.16 2.39 0.44 -0.52 2.12 2.15 2.26 2.07
0.96 0.19 -0.16 -3.07 -17.96 -8.20 2.20 0.45 -0.36 2.10 2.20 2.17 2.13
0.97 0.20 -0.17 -4.46 -16.73 -9.30 2.23 0.47 -0.40 2.12 2.23 2.20 2.06
0.89 0.18 -0.12 -5.77 -14.74 -11.24 2.04 0.42 -0.27 2.06 2.16 2.25 2.16
0.88 0.16 -0.12 -3.79 -5.38 -9.35 2.09 0.34 -0.28 2.04 2.20 2.21 2.10
1.01 0.14 -0.19 -7.31 -3.29 -7.72 2.31 0.32 -0.43 2.06 2.22 2.24 2.08
1.02 0.18 -0.21 -7.85 -12.56 -8.34 2.32 0.42 -0.49 2.03 2.24 2.18 2.13
0.99 0.23 -0.21 -9.48 -17.60 -11.59 2.28 0.52 -0.47 2.03 2.19 2.24 2.16
0.98 0.20 -0.19 -9.30 -19.79 -14.99 2.28 0.46 -0.41 2.05 2.15 2.25 2.14
0.96 0.19 -0.23 -12.64 -21.33 -17.92 2.22 0.45 -0.51 2.03 2.19 2.23 2.12
0.99 0.24 -0.29 -14.08 -21.74 -18.75 2.27 0.56 -0.66 2.13 2.18 2.18 2.14
0.98 0.22 -0.33 -12.81 -24.66 -19.04 2.27 0.51 -0.76 2.00 2.25 2.14 2.13
1.03 0.33 -0.42 -15.97 -25.20 -26.62 2.38 0.75 -0.97 2.09 2.16 2.14 2.06
1.05 0.38 -0.47 -13.36 -39.20 -37.92 2.41 0.90 -1.10 2.03 2.25 2.15 2.13
1.04 0.30 -0.47 -8.20 -62.32 -52.75 2.38 0.70 -1.07 2.04 2.22 2.17 2.05
1.03 0.30 -0.42 -8.62 -77.69 -63.13 2.31 0.69 -0.94 2.00 2.17 2.19 2.10
0.82 0.36 -0.31 -2.37 -90.35 -75.68 1.89 0.83 -0.72 1.96 2.23 2.14 2.13
0.74 0.44 -0.26 20.68 -77.12 -86.02 1.69 1.00 -0.56 1.90 2.19 2.23 2.05
0.84 0.38 -0.34 58.94 -45.12 -93.77 1.96 0.84 -0.83 1.84 2.19 2.21 2.01
0.94 0.12 -0.50 93.73 -49.31 -95.93 2.15 0.28 -1.15 1.89 2.09 2.17 2.03
0.94 -0.63 -0.31 89.74 -88.77 -51.27 2.14 -1.55 -0.67 1.80 2.11 2.10 2.06
0.79 -0.40 -0.14 30.13 -114.74 -13.12 1.82 -0.91 -0.33 1.79 2.11 2.05 1.93
0.78 -0.07 -0.26 7.91 -86.39 -14.47 1.78 -0.05 -0.59 1.71 2.06 2.02 1.92
0.78 0.05 -0.33 31.73 -61.06 -22.81 1.80 0.13 -0.75 1.75 1.94 2.03 1.84
0.73 0.46 -0.27 78.64 -31.91 -55.89 1.71 1.15 -0.71 1.77 1.91 1.95 1.89
0.28 -0.38 -0.67 177.00 -17.12 -81.75 0.62 -0.88 -1.54 1.73 1.93 1.92 1.80
0.90 0.29 -0.38 286.68 -286.72 -144.72 2.06 0.67 -0.87 1.73 1.86 1.98 1.76
0.64 -0.53 -0.26 286.68 -286.72 -132.32 1.70 -1.20 -0.51 1.67 1.88 1.95 1.72
1.08 -0.92 -0.06 286.68 -286.72 -119.23 2.47 -2.11 -0.14 1.67 1.83 1.89 1.66
0.81 -0.86 0.11 286.68 -286.72 -24.57 1.95 -1.88 0.44 1.72 1.72 1.86 1.68
0.80 -1.15 0.48 286.68 -286.72 26.11 1.84 -2.65 1.10 1.66 1.75 1.81 1.60
0.59 -0.97 0.65 286.68 -262.79 46.91 1.39 -2.20 1.51 1.64 1.62 1.78 1.54
0.52 -0.85 0.17 286.68 -194.30 52.15 1.20 -1.96 0.39 1.65 1.61 1.79 1.58
0.69 -1.06 0.28 286.68 -135.76 60.70 1.70 -2.43 0.71 1.66 1.64 1.73 1.50
0.75 -1.38 0.24 286.68 -124.38 77.01 1.72 -3.16 0.55 1.61 1.62 1.69 1.56
0.66 -1.38 0.33 286.68 -111.26 85.65 1.51 -3.18 0.81 1.64 1.58 1.71 1.50
0.67 -1.52 0.48 286.68 -106.14 92.35 1.56 -3.59 1.10 1.67 1.52 1.63 1.50
0.73 -1.54 0.41 246.22 -109.74 95.41 1.67 -3.54 0.94 1.61 1.53 1.66 1.48
0.77 -1.33 0.23 176.32 -106.23 107.76 1.74 -2.94 0.50 1.63 1.49 1.62 1.52
0.76 -1.11 0.08 153.69 -104.09 120.02 1.74 -2.54 0.17 1.60 1.50 1.60 1.49
0.65 -0.97 -0.08 188.82 -101.59 139.23 1.70 -2.21 -0.21 1.64 1.53 1.56 1.50
0.70 -1.27 0.04 237.84 -99.29 159.65 1.62 -2.91 0.10 1.59 1.53 1.60 1.52
0.56 -1.46 0.18 236.78 -112.54 169.50 1.35 -3.51 0.48 1.62 1.49 1.59 1.47
0.61 -1.53 0.26 181.83 -129.72 174.92 1.41 -3.52 0.60 1.60 1.49 1.54 1.50
0.67 -1.45 0.01 138.16 -156.07 190.01 1.59 -3.42 -0.03 1.61 1.49 1.56 1.47
0.75 -1.32 -0.22 140.18 -192.23 233.67 1.73 -3.02 -0.51 1.60 1.49 1.53 1.49
0.77 -1.21 -0.36 190.32 -210.28 278.23 1.77 -2.78 -0.89 1.60 1.55 1.51 1.54
0.72 -1.26 -0.56 234.90 -232.46 286.68 1.72 -2.84 -1.30 1.61 1.48 1.53 1.53
0.66 -1.28 -0.41 255.82 -264.29 286.68 1.52 -2.94 -0.93 1.63 1.48 1.51 1.51
0.32 -1.32 -0.09 234.02 -286.72 286.68 0.70 -3.04 -0.14 1.60 1.51 1.55 1.52
0.32 -1.03 0.43 164.32 -286.72 285.60 0.74 -2.36 1.00 1.61 1.45 1.50 1.54
0.26 -0.50 0.49 110.31 -286.39 251.46 0.43 -1.09 1.20 1.65 1.53 1.51 1.44
0.06 -0.18 0.75 112.02 -261.83 238.65 0.14 -0.42 1.73 1.59 1.56 1.47 1.56
-0.24 -0.11 1.26 118.04 -216.92 217.48 -0.59 -0.34 3.02 1.62 1.55 1.46 1.55
-0.40 0.18 1.59 106.15 -166.70 198.95 -0.93 0.42 3.65 1.55 1.58 1.47 1.48
-0.44 0.41 1.74 90.41 -128.26 180.15 -1.23 0.88 3.93 1.64 1.54 1.51 1.49
-0.46 0.49 1.90 83.04 -111.53 144.02 -1.10 1.12 4.40 1.62 1.54 1.47 1.53
-0.41 0.58 2.00 57.47 -92.50 103.79 -0.95 1.33 4.59 1.66 1.53 1.46 1.45
-0.45 0.59 2.00 40.22 -69.65 69.67 -1.05 1.31 4.59 1.62 1.52 1.47 1.51
-0.35 0.55 2.00 32.87 -36.30 43.41 -0.81 1.25 4.59 1.57 1.58 1.47 1.51
-0.23 0.42 1.95 29.56 6.89 20.20 -0.48 0.89 4.45 1.63 1.50 1.53 1.45
0.06 0.20 1.70 19.10 39.08 0.00 0.14 0.45 3.90 1.60 1.54 1.51 1.47
0.36 0.06 1.48 14.81 50.37 -9.52 0.83 0.13 3.41 1.67 1.49 1.47 1.54
0.58 -0.11 1.29 10.80 50.22 -15.57 1.37 -0.37 2.95 1.62 1.44 1.55 1.48
0.70 -0.24 1.17 1.10 41.11 -20.18 1.61 -0.56 2.68 1.57 1.62 1.47 1.47
0.76 -0.31 1.06 -11.14 30.35 -22.08 1.78 -0.73 2.39 1.57 1.47 1.49 1.53
0.84 -0.29 0.91 -17.74 23.37 -17.58 1.92 -0.67 2.09 1.58 1.50 1.52 1.47
0.87 -0.25 0.79 -15.13 15.30 -7.10 1.99 -0.56 1.79 1.62 1.49 1.48 1.47
0.86 -0.20 0.74 -8.26 10.64 0.13 1.97 -0.50 1.69 1.58 1.46 1.46 1.51
0.84 -0.22 0.74 -7.99 10.10 4.43 1.94 -0.50 1.69 1.60 1.45 1.51 1.49
0.78 -0.18 0.71 -11.83 6.94 5.17 1.79 -0.40 1.64 1.68 1.51 1.48 1.52
0.74 -0.18 0.71 -18.08 -1.22 3.19 1.69 -0.41 1.63 1.63 1.54 1.48 1.51
0.68 -0.12 0.69 -23.73 -8.43 2.06 1.55 -0.27 1.58 1.59 1.50 1.48 1.48
0.61 -0.04 0.66 -23.41 -14.03 1.83 1.40 -0.09 1.51 1.66 1.46 1.48 1.54
0.57 0.01 0.65 -17.03 -9.64 1.65 1.30 0.02 1.50 1.67 1.44 1.48 1.52
0.53 0.02 0.66 -8.30 -4.36 4.47 1.21 0.05 1.51 1.58 1.50 1.53 1.44
0.51 -0.02 0.70 3.19 4.17 7.01 1.18 -0.04 1.60 1.63 1.52 1.46 1.54
0.54 -0.08 0.70 5.50 8.18 7.31 1.27 -0.19 1.61 1.65 1.54 1.46 1.53
0.58 -0.12 0.69 1.28 5.57 2.50 1.33 -0.29 1.59 1.59 1.47 1.50 1.52
0.63 -0.16 0.69 -6.20 3.30 -3.94 1.44 -0.36 1.58 1.63 1.57 1.45 1.55
0.65 -0.11 0.66 -7.48 0.66 -4.51 1.49 -0.23 1.52 1.63 1.59 1.49 1.44
0.66 -0.07 0.69 1.94 5.97 -0.63 1.51 -0.17 1.59 1.60 1.53 1.52 1.53
0.66 -0.13 0.70 4.50 11.92 0.14 1.51 -0.29 1.65 1.58 1.53 1.51 1.48
0.68 -0.12 0.79 -1.22 11.02 -2.80 1.54 -0.30 1.83 1.69 1.56 1.47 1.48
0.66 -0.12 0.84 -14.60 6.17 -8.86 1.53 -0.28 1.92 1.65 1.54 1.48 1.48
0.63 -0.09 0.84 -23.44 4.39 -13.03 1.45 -0.20 1.95 1.70 1.44 1.53 1.48
0.60 0.00 0.86 -23.17 7.60 -12.23 1.38 0.01 1.97 1.58 1.61 1.46 1.53
0.58 0.02 0.89 -19.93 11.07 -11.80 1.33 0.00 2.03 1.69 1.53 1.47 1.53
0.59 0.01 0.84 -17.67 13.44 -11.60 1.36 0.01 1.91 1.59 1.43 1.46 1.47
0.61 -0.00 0.84 -10.41 13.87 -8.91 1.40 -0.01 1.92 1.68 1.47 1.51 1.52
0.61 -0.04 0.86 -8.63 12.63 -10.62 1.39 -0.11 1.99 1.65 1.58 1.47 1.50
0.61 -0.05 0.91 -13.77 12.64 -17.57 1.41 -0.12 2.08 1.64 1.47 1.51 1.50
0.63 -0.08 0.97 -24.67 12.86 -27.49 1.40 -0.07 2.23 1.68 1.49 1.50 1.51
0.57 -0.02 1.03 -41.64 19.36 -45.89 1.30 -0.04 2.36 1.60 1.58 1.46 1.57
0.53 0.10 1.09 -52.10 35.24 -63.33 1.21 0.22 2.50 1.58 1.48 1.49 1.47
0.50 0.12 1.16 -58.27 56.50 -78.73 1.11 0.18 2.67 1.65 1.53 1.53 1.51
0.52 0.02 1.12 -80.77 57.94 -90.40 1.19 0.04 2.56 1.68 1.46 1.49 1.53
0.59 0.02 1.16 -105.72 43.70 -105.80 1.33 0.05 2.66 1.60 1.53 1.50 1.49
0.56 0.03 1.17 -141.37 30.14 -137.76 1.28 0.07 2.68 1.66 1.56 1.54 1.52
0.53 0.04 1.17 -188.37 15.16 -179.56 1.26 0.08 2.71 1.69 1.44 1.56 1.49
0.55 -0.04 1.21 -255.37 6.90 -236.38 1.26 -0.10 2.78 1.69 1.49 1.48 1.51
0.56 -0.01 1.16 -286.72 17.36 -286.72 1.29 -0.02 2.67 1.63 1.46 1.54 1.52
0.51 0.00 0.93 -286.72 37.88 -286.72 1.24 0.04 2.11 1.63 1.53 1.52 1.56
0.60 0.06 0.77 -286.72 67.03 -286.72 1.37 0.15 1.77 1.67 1.56 1.50 1.52
0.64 0.06 0.60 -286.72 74.93 -286.72 1.49 0.15 1.37 1.65 1.50 1.53 1.55
0.71 -0.11 0.58 -286.72 79.02 -286.72 1.64 -0.25 1.33 1.61 1.61 1.52 1.58
0.78 -0.11 0.61 -286.72 69.41 -273.94 1.85 -0.24 1.37 1.61 1.50 1.58 1.55
0.76 -0.10 0.52 -286.72 18.71 -244.36 1.75 -0.22 1.20 1.71 1.48 1.62 1.48
0.70 0.06 0.50 -286.72 -8.68 -233.70 1.71 0.03 1.21 1.67 1.50 1.61 1.54
0.67 0.05 0.56 -286.72 -12.99 -229.34 1.52 0.06 1.31 1.60 1.60 1.54 1.59
0.66 -0.06 0.68 -286.72 1.22 -224.23 1.50 -0.13 1.56 1.68 1.50 1.62 1.51
0.70 -0.03 0.72 -281.90 19.53 -209.22 1.61 -0.03 1.66 1.62 1.56 1.61 1.53
0.71 -0.16 0.63 -285.09 6.66 -198.99 1.64 -0.36 1.45 1.63 1.61 1.55 1.60
0.76 -0.08 0.55 -286.72 -4.14 -175.13 1.74 -0.20 1.29 1.63 1.50 1.59 1.61
0.74 -0.07 0.60 -286.72 -22.69 -149.33 1.70 -0.17 1.39 1.61 1.52 1.61 1.59
0.63 -0.05 0.69 -271.94 -37.51 -136.48 1.42 -0.13 1.55 1.72 1.52 1.66 1.53
0.59 -0.06 0.87 -253.52 -37.34 -124.37 1.33 -0.14 1.99 1.66 1.52 1.64 1.52
0.56 -0.08 0.91 -254.72 -37.81 -123.38 1.28 -0.18 2.08 1.63 1.52 1.60 1.57
0.57 0.06 0.86 -268.81 -22.25 -125.31 1.24 0.14 1.96 1.62 1.57 1.65 1.52
0.61 0.05 0.79 -278.21 -8.30 -122.13 1.40 0.11 1.82 1.64 1.54 1.62 1.55
0.62 0.15 0.78 -285.10 -5.97 -118.61 1.36 0.35 1.77 1.63 1.59 1.58 1.53
0.59 0.12 0.77 -286.61 6.12 -120.17 1.36 0.27 1.78 1.68 1.52 1.57 1.58
0.58 0.13 0.68 -286.72 -6.18 -117.90 1.32 0.26 1.55 1.68 1.58 1.58 1.62
0.61 0.12 0.78 -286.72 -17.53 -98.16 1.40 0.28 1.79 1.74 1.53 1.62 1.57
0.58 0.18 0.79 -286.72 -18.65 -82.28 1.32 0.42 1.82 1.70 1.56 1.61 1.56
0.57 0.28 0.77 -286.72 -3.54 -74.92 1.32 0.65 1.78 1.70 1.57 1.58 1.60
0.49 0.39 0.77 -284.57 16.76 -70.19 1.13 0.89 1.77 1.68 1.60 1.56 1.62
0.43 0.52 0.83 -250.92 51.22 -74.51 0.95 1.14 1.86 1.68 1.57 1.61 1.59
0.48 0.48 0.75 -211.23 76.51 -79.35 1.09 1.10 1.72 1.73 1.54 1.63 1.56
0.57 0.44 0.74 -181.48 80.77 -77.04 1.36 1.00 1.68 1.66 1.63 1.58 1.60
0.72 0.38 0.76 -146.41 80.30 -77.42 1.64 0.88 1.75 1.68 1.58 1.69 1.58
0.61 0.40 0.71 -130.09 66.98 -83.69 1.40 0.88 1.58 1.66 1.61 1.66 1.66
0.58 0.33 0.66 -93.35 74.63 -94.38 1.33 0.77 1.50 1.69 1.64 1.61 1.68
0.62 0.32 0.62 -82.39 67.77 -103.66 1.43 0.73 1.43 1.71 1.63 1.74 1.66
0.70 0.29 0.52 -78.42 70.26 -112.60 1.61 0.62 1.17 1.72 1.69 1.75 1.68
0.84 0.25 0.53 -76.97 76.99 -107.07 1.94 0.57 1.22 1.78 1.67 1.80 1.67
0.85 0.22 0.54 -58.07 71.92 -97.18 1.98 0.54 1.21 1.77 1.71 1.77 1.77
0.87 0.24 0.47 -22.36 50.54 -99.15 1.99 0.54 1.08 1.75 1.77 1.81 1.74
0.78 0.13 0.46 -1.40 42.97 -96.79 1.87 0.28 1.09 1.75 1.81 1.87 1.76
0.75 0.21 0.54 4.75 43.56 -99.54 1.76 0.45 1.20 1.69 1.94 1.81 1.85
0.78 0.12 0.37 29.56 58.39 -89.17 1.79 0.27 0.85 1.70 1.92 1.96 1.84
0.83 -0.02 0.43 35.36 77.31 -78.20 2.15 0.01 0.92 1.78 1.93 1.94 1.94
0.94 0.07 0.35 41.69 87.19 -77.10 2.15 0.16 0.80 1.71 2.07 1.92 1.97
0.92 0.02 0.30 26.00 91.94 -68.38 2.18 0.03 0.70 1.70 2.00 2.04 1.97
0.96 0.10 0.34 15.24 106.27 -65.08 2.19 0.23 0.79 1.79 2.00 2.04 1.99
0.93 0.04 0.27 24.24 98.32 -66.11 2.13 0.06 0.60 1.76 2.09 2.09 2.05
0.95 -0.06 0.18 25.12 79.34 -53.08 2.15 -0.13 0.50 1.74 2.06 2.20 2.01
1.09 -0.08 0.25 19.16 67.21 -40.40 2.50 -0.19 0.57 1.76 2.16 2.11 2.00
1.02 0.03 0.30 8.81 51.87 -36.22 2.26 0.08 0.70 1.67 2.23 2.18 2.07
0.88 0.04 0.13 11.43 56.18 -41.09 2.03 0.10 0.29 1.68 2.24 2.18 2.08
0.99 0.13 0.30 16.84 86.07 -39.22 2.25 0.28 0.71 1.73 2.21 2.17 2.12
1.03 -0.04 0.08 57.92 94.01 -33.63 2.36 -0.08 0.18 1.76 2.21 2.17 2.12
1.13 -0.09 0.06 48.90 89.74 -14.03 2.60 -0.20 0.16 1.68 2.30 2.24 2.13
1.16 -0.07 0.11 49.33 69.86 -4.70 2.54 -0.15 0.24 1.75 2.18 2.31 2.11
1.01 0.09 0.09 53.26 61.69 -6.16 2.32 0.21 0.21 1.66 2.23 2.30 2.19
0.87 0.15 0.15 76.04 59.96 -13.06 2.12 0.27 0.31 1.75 2.24 2.23 2.21
1.00 0.13 0.17 79.31 90.23 -17.29 2.29 0.30 0.38 1.80 2.21 2.35 2.16
0.98 0.10 0.04 91.84 91.38 -10.86 2.12 0.22 0.04 1.78 2.29 2.29 2.16
1.01 0.05 -0.14 100.23 77.99 4.38 2.32 0.11 -0.31 1.71 2.29 2.30 2.13
1.13 0.02 -0.12 106.74 64.59 19.26 2.59 0.04 -0.29 1.75 2.31 2.32 2.13
1.10 0.12 -0.17 115.21 33.63 23.40 2.43 0.26 -0.36 1.76 2.35 2.23 2.20
1.02 0.22 -0.01 121.41 19.57 16.39 2.34 0.50 -0.03 1.82 2.26 2.27 2.15
0.77 0.17 -0.12 116.10 10.19 8.86 1.75 0.35 -0.24 1.86 2.19 2.25 2.17
0.88 0.08 -0.23 108.57 32.20 11.21 2.01 0.18 -0.53 1.98 2.23 2.24 2.22
0.99 -0.02 -0.42 100.26 36.16 14.92 2.34 -0.04 -1.05 1.94 2.20 2.22 2.13
1.20 0.17 -0.47 74.11 34.26 25.95 2.76 0.39 -1.08 2.05 2.16 2.35 2.10
1.06 0.30 -0.44 54.65 15.74 18.26 2.39 0.69 -0.95 2.01 2.25 2.29 2.17
0.96 0.34 -0.34 51.33 16.78 4.66 2.19 0.81 -0.76 2.07 2.21 2.29 2.18
1.03 0.15 -0.36 52.89 15.86 3.81 2.35 0.35 -0.82 2.03 2.20 2.34 2.10
0.99 0.16 -0.28 37.11 7.25 4.31 2.26 0.43 -0.60 2.05 2.18 2.22 2.16
0.87 0.17 -0.17 34.16 9.65 7.96 1.99 0.40 -0.40 2.01 2.17 2.24 2.12
1.01 0.13 -0.19 19.46 15.48 8.54 2.32 0.30 -0.43 2.15 2.27 2.22 2.12
0.96 0.23 -0.17 7.30 13.88 8.24 2.19 0.53 -0.39 2.13 2.15 2.26 2.19
1.01 0.20 -0.15 6.34 12.64 3.54 2.32 0.46 -0.34 2.15 2.16 2.33 2.08
0.98 0.16 -0.12 4.16 10.81 -1.78 2.21 0.36 -0.30 2.08 2.26 2.27 2.15
0.97 0.13 -0.13 1.34 9.84 -1.01 2.22 0.29 -0.30 2.01 2.31 2.20 2.18
0.95 0.11 -0.11 -0.05 9.80 0.53 2.19 0.25 -0.23 2.03 2.17 2.25 2.16
0.94 0.11 -0.09 -3.37 12.84 2.70 2.16 0.25 -0.21 2.08 2.24 2.22 2.14
1.03 0.14 -0.14 -6.59 10.81 4.16 2.36 0.32 -0.33 2.08 2.26 2.29 2.12
1.05 0.22 -0.17 -3.64 -0.46 0.80 2.39 0.50 -0.37 2.01 2.24 2.24 2.12
1.04 0.17 -0.17 1.72 -8.36 -5.90 2.38 0.40 -0.39 2.10 2.14 2.20 2.14
0.90 0.13 -0.06 1.53 -15.19 -10.30 2.01 0.28 -0.15 2.08 2.16 2.30 2.07
0.90 0.07 -0.05 1.40 -6.65 -7.18 2.06 0.16 -0.10 2.02 2.25 2.24 2.10
0.93 0.09 -0.07 -3.36 -0.34 -2.35 2.12 0.21 -0.17 2.13 2.14 2.28 2.09
1.00 0.13 -0.12 -3.08 -0.14 1.66 2.31 0.30 -0.28 2.04 2.16 2.31 2.08
1.00 0.17 -0.10 -2.16 -4.66 1.12 2.30 0.40 -0.22 2.07 2.24 2.18 2.14
1.02 0.14 -0.09 -1.44 -9.63 -1.00 2.36 0.33 -0.21 2.01 2.29 2.18 2.16
0.97 0.13 -0.02 -3.46 -16.23 -4.58 2.19 0.29 -0.04 2.03 2.16 2.17 2.08
0.89 0.12 0.04 -3.37 -10.79 -5.93 2.04 0.27 0.08 2.01 2.22 2.24 2.10
0.92 0.08 0.03 -2.61 -2.45 -2.09 2.11 0.18 0.06 2.06 2.21 2.28 2.08
1.00 0.14 -0.03 -4.38 1.34 1.38 2.30 0.32 -0.08 2.08 2.21 2.19 2.13
0.98 0.15 -0.03 -6.14 -0.92 1.00 2.26 0.34 -0.06 2.00 2.23 2.25 2.13
1.02 0.17 -0.05 -6.53 -3.16 -0.08 2.33 0.38 -0.11 2.10 2.24 2.17 2.09
0.99 0.14 -0.05 -8.09 -6.12 -3.62 2.26 0.32 -0.11 2.01 2.19 2.19 2.07
0.98 0.15 -0.06 -9.38 -8.97 -6.34 2.23 0.34 -0.14 2.08 2.25 2.18 2.10
0.95 0.14 -0.07 -9.64 -7.31 -7.11 2.17 0.31 -0.15 2.06 2.19 2.18 2.07
0.89 0.15 -0.04 -13.32 -4.83 -7.83 2.03 0.36 -0.09 1.99 2.26 2.20 2.07
0.90 0.14 -0.06 -13.09 5.42 -3.05 2.10 0.32 -0.15 1.99 2.23 2.26 2.08
0.94 0.13 -0.10 -18.01 9.20 1.59 2.16 0.29 -0.22 2.10 2.14 2.25 2.11
0.96 0.04 -0.12 -25.32 11.13 7.81 2.22 0.10 -0.29 2.04 2.18 2.20 2.07
1.15 0.01 -0.28 -37.26 8.66 18.53 2.64 0.02 -0.65 2.00 2.14 2.17 2.08
1.20 0.08 -0.38 -61.37 -11.55 6.14 2.58 0.31 -0.93 2.06 2.18 2.19 2.07
1.26 0.37 -0.46 -77.43 -37.49 -22.19 2.89 0.84 -1.05 1.94 2.26 2.19 2.12
1.08 0.40 -0.40 -69.49 -62.21 -43.20 2.48 0.92 -0.92 1.99 2.21 2.23 2.12
0.92 0.38 -0.34 -57.01 -69.12 -61.20 2.13 0.83 -0.76 2.04 2.17 2.25 2.10
0.93 0.32 -0.29 -50.36 -65.93 -67.24 2.13 0.73 -0.67 1.91 2.26 2.16 2.11
0.93 0.16 -0.24 -45.35 -62.11 -63.94 2.12 0.34 -0.57 1.93 2.23 2.15 2.14
0.98 0.07 -0.23 -47.80 -62.62 -54.07 2.25 0.17 -0.53 1.86 2.20 2.20 2.08
1.05 0.17 -0.22 -51.08 -65.91 -46.38 2.38 0.47 -0.50 1.95 2.11 2.28 2.05
1.03 0.34 -0.24 -50.77 -67.24 -51.35 2.36 0.77 -0.56 1.89 2.14 2.14 2.03
1.00 0.44 -0.24 -42.00 -76.56 -59.50 2.46 1.11 -0.51 1.89 2.05 2.24 2.00
0.96 0.73 -0.30 -14.81 -79.97 -76.54 2.21 1.69 -0.68 1.81 2.04 2.15 2.05
0.94 0.58 -0.36 26.24 -89.37 -90.98 2.16 1.33 -0.82 1.82 2.07 2.11 2.03
0.90 0.32 -0.28 76.66 -95.79 -102.36 1.99 0.64 -0.61 1.74 2.00 2.13 2.00
0.84 0.13 -0.22 111.48 -102.70 -106.41 1.93 0.30 -0.51 1.74 1.97 2.07 1.98
0.83 -0.13 -0.09 130.60 -108.40 -110.16 1.92 -0.37 -0.18 1.72 1.99 2.03 1.88
0.78 -0.36 0.02 117.41 -124.04 -98.07 1.80 -0.83 0.05 1.74 1.96 2.01 1.93
0.74 -0.32 0.04 95.53 -111.08 -87.91 1.72 -0.73 0.13 1.80 1.90 1.99 1.82
0.64 -0.61 0.27 108.98 -113.07 -93.28 1.48 -1.41 0.62 1.74 1.94 1.87 1.84
0.72 -0.23 -0.00 156.67 -194.70 -111.51 1.67 -0.48 -0.05 1.72 1.85 1.86 1.78
0.73 -0.38 -0.06 201.86 -196.59 -81.39 1.69 -0.87 -0.15 1.69 1.82 1.81 1.74
0.91 -0.58 -0.04 223.47 -228.04 -68.85 2.09 -1.34 -0.09 1.69 1.80 1.83 1.74
0.88 -0.55 0.06 286.68 -264.07 -20.80 2.04 -1.40 0.12 1.67 1.79 1.80 1.73
0.81 -0.83 0.09 286.68 -286.72 8.95 1.85 -1.90 0.20 1.68 1.84 1.73 1.64
0.67 -0.88 0.13 286.68 -286.72 47.76 1.53 -2.02 0.28 1.74 1.71 1.78 1.61
0.60 -0.81 0.11 286.68 -258.61 97.47 1.37 -1.86 0.26 1.62 1.71 1.70 1.62
0.55 -0.98 0.12 286.68 -205.25 149.87 1.16 -2.26 0.28 1.61 1.65 1.71 1.63
0.35 -1.40 0.09 286.68 -167.08 148.94 0.79 -3.22 0.22 1.64 1.62 1.66 1.58
0.40 -1.98 0.26 286.68 -179.53 127.63 0.89 -4.59 0.74 1.61 1.60 1.68 1.58
0.51 -2.00 0.18 286.68 -198.18 155.85 1.21 -4.59 0.42 1.68 1.57 1.65 1.53
0.76 -2.00 0.21 286.68 -186.50 195.88 1.73 -4.59 0.49 1.69 1.52 1.65 1.49
0.82 -2.00 -0.16 286.68 -207.54 235.59 1.67 -4.59 -0.47 1.61 1.54 1.59 1.52
0.77 -1.92 -0.49 286.68 -200.09 286.68 1.76 -4.41 -1.13 1.63 1.49 1.55 1.53
0.92 -2.00 -0.63 286.68 -206.34 286.68 2.06 -4.59 -1.47 1.64 1.50 1.56 1.55
0.87 -2.00 -0.56 286.68 -235.09 286.68 2.00 -4.59 -1.29 1.61 1.52 1.54 1.51
0.60 -2.00 -0.42 286.68 -256.37 286.68 1.37 -4.59 -0.89 1.59 1.58 1.52 1.53
0.49 -2.00 -0.18 286.68 -286.72 286.68 1.12 -4.59 -0.42 1.65 1.47 1.53 1.53
0.29 -1.47 -0.19 219.74 -286.72 286.68 0.65 -3.25 -0.41 1.62 1.53 1.55 1.47
0.18 -0.77 0.00 189.93 -286.72 286.68 0.41 -1.77 0.00 1.58 1.56 1.50 1.53
0.16 -0.76 0.05 196.67 -286.72 286.68 0.36 -1.75 0.13 1.63 1.55 1.53 1.52
-0.02 -0.50 0.38 218.85 -286.72 286.68 -0.09 -1.13 1.02 1.63 1.46 1.48 1.47
-0.36 -0.47 0.91 234.24 -286.72 286.68 -0.83 -1.07 2.09 1.55 1.60 1.48 1.53
-0.54 -0.08 1.50 193.16 -247.56 235.92 -1.37 -0.25 3.64 1.58 1.48 1.48 1.51
-0.56 0.02 1.97 108.18 -177.56 167.17 -1.29 0.05 4.52 1.63 1.51 1.47 1.45
-0.54 0.15 2.00 41.98 -136.83 128.19 -1.28 0.11 4.59 1.55 1.58 1.46 1.53
-0.43 0.17 1.83 25.44 -105.56 108.58 -0.98 0.40 4.19 1.62 1.53 1.52 1.51
-0.25 0.20 1.75 47.43 -86.04 110.37 -0.61 0.54 3.97 1.58 1.47 1.55 1.47
-0.20 0.14 1.78 76.81 -60.33 106.16 -0.46 0.33 4.08 1.55 1.56 1.52 1.51
-0.09 -0.03 1.91 71.83 -35.99 82.20 -0.21 -0.07 4.38 1.55 1.61 1.47 1.53
0.05 -0.11 1.92 37.74 -14.74 46.51 0.18 -0.28 4.36 1.57 1.54 1.50 1.47
0.23 -0.09 1.74 -4.56 8.56 17.77 0.52 -0.20 3.99 1.65 1.46 1.49 1.54
0.38 -0.03 1.49 -28.74 27.33 0.81 0.92 -0.12 3.36 1.59 1.59 1.46 1.49
0.57 -0.09 1.18 -36.16 26.92 -0.97 1.30 -0.22 2.70 1.62 1.54 1.53 1.53
0.66 -0.10 1.04 -26.37 18.74 5.22 1.50 -0.19 2.37 1.58 1.43 1.51 1.54
0.66 -0.01 0.97 -12.07 10.35 10.61 1.50 -0.02 2.25 1.65 1.46 1.49 1.54
0.67 -0.03 0.97 -5.03 10.86 5.54 1.54 -0.08 2.22 1.58 1.45 1.48 1.47
0.68 -0.09 0.91 -14.43 9.95 -4.93 1.58 -0.20 2.06 1.63 1.45 1.55 1.47
0.70 -0.10 0.82 -30.33 2.93 -12.01 1.61 -0.22 1.88 1.62 1.46 1.54 1.46
0.69 -0.04 0.74 -34.83 -1.58 -15.50 1.59 -0.06 1.66 1.61 1.46 1.56 1.46
0.64 -0.01 0.68 -25.02 -3.16 -11.69 1.47 -0.02 1.57 1.61 1.49 1.47 1.48
0.60 -0.02 0.69 -10.57 -5.51 -4.75 1.37 -0.05 1.59 1.54 1.59 1.47 1.56
0.57 -0.06 0.71 -5.33 -10.47 -1.85 1.32 -0.13 1.64 1.67 1.42 1.56 1.46
0.57 -0.03 0.72 -6.55 -13.56 -4.21 1.30 -0.06 1.66 1.60 1.45 1.53 1.52
0.54 -0.04 0.70 -9.79 -11.42 -9.72 1.23 -0.09 1.60 1.65 1.42 1.55 1.48
0.53 -0.05 0.70 -10.81 -7.23 -14.42 1.22 -0.11 1.62 1.62 1.60 1.49 1.50
0.51 -0.04 0.73 -7.11 -2.99 -15.57 1.17 -0.09 1.67 1.56 1.51 1.56 1.48
0.55 -0.06 0.74 -3.54 2.37 -15.51 1.29 -0.16 1.71 1.55 1.54 1.55 1.47
0.60 -0.07 0.73 -3.05 4.86 -14.86 1.38 -0.16 1.67 1.55 1.58 1.49 1.55
0.64 -0.07 0.75 -1.70 5.77 -13.36 1.47 -0.17 1.73 1.60 1.53 1.54 1.53
0.67 -0.11 0.76 -3.33 5.30 -12.36 1.54 -0.26 1.76 1.62 1.49 1.47 1.52
0.67 -0.12 0.78 -6.61 1.37 -11.81 1.55 -0.29 1.78 1.65 1.48 1.48 1.50
0.66 -0.12 0.79 -11.18 -3.45 -12.35 1.51 -0.29 1.81 1.67 1.44 1.55 1.46
0.64 -0.11 0.79 -13.55 -5.97 -12.80 1.46 -0.26 1.82 1.58 1.48 1.51 1.52
0.63 -0.10 0.83 -10.15 -0.71 -9.47 1.44 -0.22 1.91 1.54 1.51 1.55 1.48
0.63 -0.09 0.86 -4.67 8.63 -4.02 1.45 -0.22 1.98 1.61 1.59 1.48 1.52
0.65 -0.10 0.86 -2.05 12.75 1.39 1.51 -0.24 1.98 1.63 1.47 1.49 1.48
0.67 -0.10 0.84 -4.10 8.18 4.12 1.54 -0.23 1.92 1.67 1.48 1.50 1.54
0.66 -0.07 0.81 -7.47 -0.63 1.10 1.52 -0.16 1.86 1.65 1.44 1.50 1.50
0.65 -0.03 0.80 -10.88 -8.04 -6.41 1.47 -0.06 1.84 1.60 1.45 1.54 1.53
0.60 -0.03 0.84 -12.85 -7.69 -9.44 1.37 -0.06 1.92 1.63 1.55 1.48 1.52
0.58 -0.05 0.83 -12.70 -0.04 -11.66 1.34 -0.11 1.91 1.54 1.59 1.47 1.54
0.59 -0.06 0.84 -10.16 5.49 -8.55 1.35 -0.14 1.95 1.64 1.55 1.48 1.48
0.59 -0.08 0.83 -7.16 7.73 -5.53 1.35 -0.18 1.91 1.61 1.54 1.51 1.47
0.59 -0.05 0.80 -5.79 5.88 -4.65 1.38 -0.12 1.83 1.67 1.44 1.54 1.47
0.61 -0.05 0.79 -3.36 1.90 -4.66 1.40 -0.12 1.80 1.67 1.44 1.55 1.48
0.60 -0.06 0.79 -2.59 0.25 -6.38 1.41 -0.14 1.82 1.68 1.44 1.56 1.47
0.58 -0.09 0.84 -3.67 -0.08 -9.84 1.39 -0.15 1.89 1.59 1.50 1.56 1.50
0.58 -0.08 0.83 -10.02 3.47 -12.88 1.34 -0.18 1.90 1.65 1.44 1.58 1.44
0.57 -0.04 0.84 -12.34 5.48 -14.57 1.33 -0.06 1.93 1.59 1.58 1.53 1.47
0.55 -0.01 0.85 -13.31 11.45 -19.77 1.25 -0.02 1.95 1.64 1.52 1.48 1.48
0.56 0.00 0.81 -13.85 17.99 -23.69 1.29 -0.03 1.88 1.55 1.60 1.49 1.56
0.59 0.03 0.84 -10.38 22.16 -24.75 1.36 0.04 1.91 1.68 1.45 1.58 1.46
0.56 0.02 0.87 -9.36 23.75 -29.63 1.27 0.05 1.99 1.65 1.54 1.54 1.48
0.53 -0.00 0.94 -12.36 30.58 -41.48 1.18 -0.01 2.17 1.68 1.44 1.58 1.47
0.47 -0.01 1.07 -16.74 52.06 -57.51 1.09 -0.03 2.45 1.57 1.54 1.57 1.52
0.44 -0.03 1.15 -26.47 83.55 -76.16 1.01 -0.05 2.64 1.60 1.48 1.55 1.55
0.41 -0.01 1.13 -30.01 115.55 -94.55 0.93 -0.02 2.59 1.66 1.44 1.56 1.48
0.46 -0.07 1.18 -38.33 134.46 -111.72 1.02 -0.16 2.74 1.61 1.50 1.53 1.54
0.54 -0.21 1.15 -70.79 125.31 -132.40 1.24 -0.49 2.64 1.63 1.58 1.53 1.53
0.55 -0.21 1.16 -110.94 110.64 -159.56 1.26 -0.48 2.67 1.61 1.45 1.55 1.53
0.56 -0.23 1.15 -163.07 100.60 -202.31 1.32 -0.55 2.61 1.62 1.57 1.54 1.55
0.59 -0.23 1.02 -212.43 97.72 -243.86 1.36 -0.52 2.34 1.57 1.52 1.64 1.54
0.64 -0.22 0.96 -254.59 94.62 -278.25 1.50 -0.52 2.21 1.65 1.54 1.64 1.54
0.66 -0.18 0.91 -285.15 89.77 -286.72 1.52 -0.42 2.08 1.59 1.49 1.66 1.54
0.64 -0.22 0.75 -286.68 101.42 -286.72 1.59 -0.58 1.81 1.62 1.61 1.70 1.50
0.70 -0.22 0.69 -286.72 108.74 -286.72 1.61 -0.50 1.59 1.64 1.62 1.75 1.59
0.74 -0.29 0.64 -286.72 116.97 -286.72 1.72 -0.66 1.47 1.62 1.53 1.80 1.53
0.76 -0.34 0.56 -286.72 106.93 -286.72 1.75 -0.79 1.28 1.62 1.62 1.70 1.61
0.72 -0.29 0.62 -286.72 116.14 -286.72 1.65 -0.67 1.37 1.70 1.56 1.72 1.66
0.65 -0.24 0.51 -286.72 123.01 -284.86 1.63 -0.46 1.17 1.62 1.65 1.76 1.66
0.65 -0.24 0.52 -286.72 133.68 -264.16 1.48 -0.56 1.20 1.64 1.68 1.72 1.71
0.71 -0.36 0.55 -281.47 141.65 -237.39 1.63 -0.83 1.34 1.62 1.69 1.75 1.67
0.78 -0.43 0.65 -283.81 138.49 -220.06 1.79 -0.99 1.49 1.68 1.75 1.81 1.74
0.78 -0.44 0.70 -286.72 128.29 -217.81 1.82 -1.00 1.53 1.66 1.76 1.77 1.76
0.78 -0.54 0.68 -286.72 118.94 -212.13 1.79 -1.24 1.56 1.62 1.79 1.85 1.71
0.84 -0.50 0.65 -286.68 110.73 -210.04 1.90 -1.18 1.46 1.66 1.79 1.85 1.79
0.79 -0.49 0.61 -282.99 102.86 -193.10 1.82 -1.11 1.40 1.72 1.75 1.93 1.76
0.84 -0.47 0.59 -269.99 92.50 -160.65 1.93 -1.00 1.35 1.69 1.79 1.88 1.81
0.65 -0.38 0.63 -275.18 90.19 -115.04 1.49 -0.87 1.46 1.71 1.88 1.93 1.84
0.68 -0.40 0.70 -267.22 111.40 -94.87 1.56 -0.91 1.64 1.62 1.94 1.95 1.93
0.65 -0.43 0.59 -273.32 130.33 -86.15 1.49 -1.06 1.31 1.61 2.03 1.95 1.89
0.80 -0.47 0.45 -286.72 123.14 -70.80 1.84 -1.07 1.03 1.68 1.90 2.04 1.92
0.90 -0.30 0.38 -286.72 115.18 -57.12 2.14 -0.74 0.88 1.62 2.01 2.08 1.91
0.96 -0.31 0.37 -286.72 106.97 -40.68 2.20 -0.70 0.85 1.71 2.01 2.10 2.02
0.83 -0.25 0.42 -282.37 82.57 -29.10 1.87 -0.51 0.90 1.72 2.00 2.17 1.94
0.58 -0.23 0.48 -261.94 70.66 -26.49 1.33 -0.53 1.11 1.64 2.10 2.18 2.03
0.61 -0.16 0.63 -252.75 71.04 -25.17 1.46 -0.37 1.44 1.64 2.05 2.18 2.00
0.61 -0.30 0.69 -233.02 90.12 -18.86 1.49 -0.61 1.59 1.63 2.12 2.24 2.02
0.68 -0.23 0.63 -223.21 106.65 -3.73 1.55 -0.53 1.44 1.69 2.17 2.24 2.08
0.82 -0.20 0.55 -213.82 112.41 13.55 1.91 -0.44 1.32 1.67 2.14 2.24 2.04
0.76 0.03 0.58 -180.11 104.18 17.82 1.75 0.07 1.33 1.66 2.20 2.19 2.13
0.79 0.15 0.53 -141.57 92.56 -0.62 1.82 0.36 1.16 1.72 2.12 2.29 2.10
0.83 0.13 0.41 -101.46 81.65 -14.40 1.90 0.30 0.93 1.65 2.13 2.20 2.08
0.81 0.04 0.45 -70.49 77.59 -34.31 1.86 0.04 1.04 1.62 2.28 2.21 2.13
0.86 -0.09 0.44 -56.94 86.01 -30.10 2.01 -0.19 1.01 1.72 2.15 2.30 2.12
0.77 -0.11 0.67 -39.76 90.89 -35.74 1.77 -0.25 1.53 1.69 2.19 2.27 2.13
0.71 -0.08 0.52 -25.96 94.93 -35.38 1.71 -0.14 1.29 1.69 2.25 2.21 2.21
0.77 -0.09 0.47 -18.45 109.13 -9.50 1.76 -0.21 1.07 1.66 2.18 2.27 2.17
0.88 -0.18 0.42 5.56 112.48 10.64 2.03 -0.39 0.95 1.77 2.18 2.32 2.20
0.89 -0.10 0.33 21.93 101.27 16.64 2.03 -0.23 0.76 1.74 2.20 2.30 2.15
0.90 -0.02 0.25 32.79 98.24 8.13 2.08 -0.08 0.62 1.76 2.27 2.29 2.15
0.90 -0.06 0.26 42.10 92.35 1.57 2.02 -0.14 0.60 1.81 2.27 2.23 2.13
0.88 -0.20 0.17 45.46 83.04 7.69 2.02 -0.46 0.38 1.80 2.23 2.26 2.12
0.91 -0.12 0.07 40.61 84.53 15.31 2.14 -0.14 0.07 1.75 2.29 2.22 2.21
0.97 -0.10 -0.02 37.19 85.49 26.70 2.23 -0.24 -0.04 1.84 2.18 2.23 2.21
0.98 -0.03 -0.04 25.07 75.06 35.08 2.24 -0.16 -0.06 1.84 2.27 2.28 2.12
0.98 -0.04 -0.03 23.31 69.61 38.29 2.25 -0.08 -0.06 1.86 2.19 2.25 2.13
0.98 0.09 -0.11 25.82 63.42 32.87 2.25 0.32 -0.32 1.98 2.21 2.25 2.17
1.06 0.12 -0.11 28.28 52.17 27.49 2.41 0.24 -0.22 1.91 2.22 2.24 2.12
0.93 0.07 -0.06 31.10 40.22 23.72 2.13 0.16 -0.13 1.99 2.18 2.32 2.11
0.85 0.07 -0.05 33.57 41.51 22.72 1.98 0.15 -0.07 1.98 2.27 2.25 2.12
0.85 0.11 -0.09 38.24 56.66 27.29 1.94 0.24 -0.21 2.03 2.29 2.19 2.16
0.93 0.11 -0.19 39.02 67.32 34.34 2.17 0.36 -0.50 2.07 2.24 2.23 2.13
1.04 0.18 -0.29 36.60 64.21 36.92 2.40 0.41 -0.67 2.12 2.19 2.32 2.12
1.02 0.25 -0.31 29.67 58.21 35.05 2.34 0.58 -0.72 2.06 2.16 2.20 2.10
1.00 0.33 -0.33 31.28 51.95 30.25 2.30 0.76 -0.75 2.10 2.23 2.23 2.16
1.02 0.37 -0.34 34.77 46.61 25.19 2.34 0.84 -0.79 2.07 2.15 2.29 2.15
0.98 0.29 -0.31 31.25 39.24 16.29 2.29 0.69 -0.70 2.05 2.27 2.24 2.15
0.99 0.27 -0.29 23.95 34.17 12.21 2.28 0.63 -0.67 2.06 2.17 2.26 2.15
0.97 0.26 -0.26 18.59 28.28 12.05 2.21 0.59 -0.59 2.11 2.25 2.24 2.08
0.93 0.32 -0.23 9.43 33.63 7.27 2.14 0.73 -0.52 2.04 2.29 2.23 2.14
1.02 0.35 -0.28 11.70 36.38 2.90 2.35 0.80 -0.64 2.11 2.17 2.24 2.14
1.05 0.34 -0.30 15.59 29.97 -2.89 2.40 0.71 -0.66 2.14 2.27 2.19 2.08
1.02 0.20 -0.27 16.71 22.37 -6.13 2.35 0.45 -0.62 2.11 2.16 2.30 2.07
1.07 0.15 -0.31 11.16 17.03 -5.33 2.47 0.33 -0.73 2.06 2.22 2.20 2.14
1.10 0.14 -0.34 2.94 5.20 -4.98 2.52 0.33 -0.78 2.07 2.24 2.28 2.09
1.03 0.19 -0.29 -2.69 -4.64 -6.36 2.37 0.43 -0.64 2.10 2.23 2.20 2.09
0.81 0.17 -0.13 -1.05 -5.79 -8.36 1.83 0.39 -0.28 2.12 2.17 2.23 2.16
0.87 0.18 -0.14 -1.19 7.20 -11.36 1.99 0.40 -0.32 2.03 2.16 2.21 2.10
1.01 0.16 -0.22 -0.28 11.32 -11.25 2.33 0.37 -0.53 2.03 2.16 2.26 2.16
1.02 0.13 -0.21 -0.60 3.85 -11.59 2.34 0.30 -0.49 2.11 2.16 2.19 2.14
1.05 0.12 -0.23 -0.65 -5.08 -11.81 2.42 0.27 -0.55 2.01 2.21 2.25 2.07
1.06 0.11 -0.24 0.94 -16.02 -12.10 2.44 0.25 -0.55 2.13 2.15 2.25 2.17
1.01 0.10 -0.20 -0.03 -26.37 -13.75 2.32 0.23 -0.46 2.12 2.17 2.32 2.08
0.86 0.10 -0.08 0.81 -27.66 -15.38 1.95 0.24 -0.18 2.05 2.21 2.21 2.15
0.85 0.09 -0.06 6.78 -17.02 -13.57 1.95 0.21 -0.14 2.03 2.21 2.21 2.13
0.91 0.03 -0.08 10.57 -10.83 -9.57 2.11 0.07 -0.17 2.09 2.23 2.20 2.12
0.97 -0.01 -0.08 4.51 -8.64 -4.19 2.24 -0.04 -0.17 2.05 2.23 2.17 2.08
1.03 0.06 -0.10 -4.03 -12.36 0.65 2.36 0.15 -0.24 2.05 2.16 2.21 2.13
1.03 0.17 -0.10 -3.83 -18.10 1.35 2.34 0.40 -0.23 2.02 2.20 2.25 2.10
0.99 0.17 -0.05 3.13 -21.23 -2.82 2.27 0.38 -0.11 2.06 2.19 2.24 2.11
0.95 0.11 -0.01 7.10 -21.59 -5.13 2.19 0.23 -0.01 2.12 2.22 2.18 2.07
0.90 0.05 0.06 6.04 -16.47 -1.81 2.07 0.11 0.13 2.08 2.24 2.27 2.12
0.93 0.07 0.05 -0.47 -4.81 2.98 2.13 0.16 0.10 2.08 2.18 2.22 2.10
0.99 0.11 0.00 -4.87 3.13 6.28 2.30 0.26 0.01 2.10 2.12 2.29 2.08
1.04 0.15 -0.04 -5.22 0.93 6.15 2.40 0.34 -0.10 2.00 2.16 2.24 2.14
1.07 0.19 -0.12 -0.81 -6.95 5.17 2.46 0.44 -0.27 2.11 2.24 2.18 2.08
0.99 0.17 -0.09 4.09 -14.08 1.53 2.26 0.40 -0.19 2.02 2.21 2.24 2.09
0.91 0.13 -0.04 9.14 -14.32 -0.24 2.09 0.30 -0.10 2.03 2.14 2.19 2.09
0.89 0.08 -0.03 9.88 -9.39 1.07 2.06 0.18 -0.07 2.07 2.16 2.24 2.08
0.93 0.05 -0.05 3.58 -3.68 5.40 2.13 0.11 -0.11 2.10 2.22 2.19 2.07
0.96 0.09 -0.07 -2.68 -2.10 10.21 2.21 0.20 -0.16 2.02 2.19 2.22 2.10
1.02 0.15 -0.10 -6.24 -4.23 12.30 2.35 0.36 -0.24 2.08 2.12 2.30 2.05
1.02 0.20 -0.09 -2.89 -9.69 10.85 2.34 0.46 -0.22 2.06 2.11 2.27 2.14
1.01 0.16 -0.07 2.42 -14.09 8.51 2.32 0.36 -0.16 1.98 2.26 2.17 2.16
0.97 0.13 -0.04 2.46 -16.02 7.39 2.22 0.30 -0.09 2.04 2.13 2.27 2.08
0.92 0.13 -0.00 -0.38 -12.38 6.93 2.11 0.25 -0.00 2.01 2.20 2.21 2.10
0.95 0.13 -0.00 -1.84 -5.64 9.34 2.17 0.29 -0.02 2.08 2.13 2.21 2.14
0.96 0.16 -0.03 -4.67 -2.51 10.78 2.21 0.38 -0.08 2.03 2.16 2.22 2.12
1.04 0.22 -0.04 -6.95 -0.68 7.80 2.34 0.48 -0.15 2.03 2.24 2.17 2.13
1.03 0.21 -0.08 -3.66 -5.58 4.29 2.37 0.48 -0.17 2.08 2.14 2.25 2.07
1.00 0.21 -0.04 -1.44 -10.51 0.78 2.30 0.45 -0.11 2.06 2.15 2.24 2.12
0.97 0.16 -0.02 -1.18 -9.35 -0.94 2.24 0.40 -0.03 2.01 2.13 2.23 2.11
0.96 0.17 -0.02 -1.16 -6.52 -1.87 2.21 0.38 -0.04 2.05 2.16 2.24 2.12
0.96 0.15 -0.02 -0.08 -4.09 -1.85 2.20 0.32 -0.07 1.99 2.25 2.18 2.12
0.97 0.13 -0.03 -2.10 -0.84 -0.41 2.22 0.29 -0.06 1.99 2.14 2.19 2.05
1.00 0.14 -0.04 -3.72 0.14 -0.23 2.29 0.32 -0.08 2.00 2.21 2.20 2.10
1.00 0.14 -0.04 -3.85 -1.58 -0.46 2.29 0.30 -0.10 2.03 2.11 2.25 2.10
0.99 0.15 -0.04 -4.82 -2.04 -0.73 2.27 0.33 -0.09 2.06 2.19 2.23 2.06
0.99 0.16 -0.04 -4.23 -2.75 -1.84 2.26 0.38 -0.09 1.98 2.26 2.20 2.11
0.98 0.14 -0.05 -1.63 -2.86 -3.54 2.26 0.36 -0.11 1.99 2.14 2.19 2.11
0.98 0.12 -0.04 -0.36 -3.61 -2.59 2.24 0.28 -0.10 2.05 2.20 2.23 2.06
0.95 0.12 -0.02 0.15 -2.48 0.11 2.19 0.27 -0.04 2.00 2.20 2.27 2.05
0.96 0.13 -0.02 0.09 0.88 3.23 2.20 0.31 -0.05 2.09 2.15 2.23 2.09
0.99 0.16 -0.04 1.39 1.73 5.36 2.29 0.37 -0.10 2.08 2.13 2.22 2.12
0.99 0.17 -0.03 0.69 0.44 5.47 2.28 0.40 -0.07 2.07 2.14 2.18 2.06
1.00 0.20 -0.04 -0.86 -1.85 2.53 2.29 0.47 -0.08 2.06 2.16 2.23 2.08
0.99 0.21 -0.04 -0.41 -3.61 -0.58 2.28 0.47 -0.09 2.01 2.14 2.24 2.11
0.97 0.17 -0.04 0.46 -4.94 -3.32 2.23 0.40 -0.09 2.04 2.14 2.22 2.11
0.93 0.16 -0.02 1.92 -4.66 -2.97 2.13 0.37 -0.05 2.06 2.19 2.20 2.08
0.94 0.15 -0.04 3.83 -1.44 -2.16 2.15 0.36 -0.10 1.99 2.19 2.26 2.05
0.98 0.14 -0.05 6.01 -0.78 -1.65 2.24 0.33 -0.12 2.08 2.18 2.17 2.11
0.96 0.10 -0.03 5.01 -3.51 -0.73 2.21 0.23 -0.08 2.01 2.18 2.18 2.08
1.00 0.10 -0.03 -1.00 -3.56 3.26 2.29 0.23 -0.06 2.10 2.12 2.29 2.05
1.01 0.14 -0.03 -4.75 -4.87 5.24 2.32 0.32 -0.06 2.07 2.14 2.18 2.12
1.00 0.16 -0.02 -5.20 -7.33 4.80 2.28 0.39 -0.05 2.04 2.20 2.23 2.10
0.95 0.18 0.01 -2.51 -7.09 3.53 2.19 0.42 0.03 1.98 2.19 2.23 2.11
0.92 0.18 0.03 -0.64 -2.86 0.70 2.14 0.41 0.06 1.97 2.26 2.15 2.13
0.97 0.15 0.00 1.69 2.44 0.05 2.22 0.34 0.00 2.08 2.14 2.18 2.16
0.99 0.11 -0.02 0.39 2.79 0.95 2.27 0.26 -0.05 1.99 2.14 2.24 2.12
0.99 0.15 -0.03 -1.90 -0.19 2.45 2.28 0.36 -0.08 1.98 2.16 2.24 2.11
0.98 0.20 -0.02 -0.70 -2.54 1.68 2.24 0.45 -0.05 1.97 2.14 2.17 2.07
0.97 0.19 -0.02 1.85 -1.65 -0.60 2.23 0.44 -0.05 2.06 2.20 2.17 2.06
0.95 0.16 -0.00 3.08 -1.23 -2.07 2.18 0.36 0.01 2.04 2.20 2.23 2.07
0.98 0.16 -0.01 2.01 2.03 -2.20 2.25 0.36 -0.02 2.03 2.13 2.26 2.06
1.00 0.16 -0.03 -0.19 2.12 -1.33 2.29 0.35 -0.06 2.07 2.13 2.21 2.12
0.99 0.19 -0.02 -1.37 1.31 -0.48 2.27 0.43 -0.04 1.98 2.19 2.23 2.07
0.98 0.20 -0.01 -2.41 2.59 -0.92 2.26 0.45 -0.03 2.04 2.18 2.15 2.11
0.99 0.19 -0.01 -1.29 3.29 -1.31 2.27 0.45 -0.02 2.03 2.16 2.24 2.12
1.00 0.20 -0.02 -0.61 2.59 -2.23 2.31 0.47 -0.05 2.05 2.13 2.17 2.06
0.98 0.19 -0.02 1.12 0.94 -3.13 2.25 0.43 -0.03 1.99 2.11 2.16 2.09
0.98 0.16 -0.01 -0.52 1.42 -3.46 2.25 0.36 -0.02 2.06 2.24 2.24 2.12
0.98 0.16 -0.02 -1.78 1.32 -2.22 2.24 0.37 -0.04 2.03 2.19 2.18 2.11
0.98 0.18 -0.02 -2.63 1.45 -2.03 2.24 0.41 -0.05 2.05 2.19 2.15 2.11
0.97 0.17 -0.03 -1.50 1.33 -2.96 2.23 0.38 -0.06 1.97 2.24 2.15 2.13
0.95 0.15 -0.01 -1.92 1.10 -2.84 2.19 0.34 -0.03 1.97 2.25 2.15 2.14
0.97 0.14 -0.02 -3.38 2.83 -2.01 2.21 0.34 -0.05 2.04 2.15 2.23 2.11
1.00 0.16 -0.04 -3.92 2.33 -1.01 2.28 0.36 -0.10 2.02 2.18 2.24 2.05
0.97 0.17 -0.03 -2.98 0.06 -0.71 2.22 0.38 -0.05 2.04 2.19 2.17 2.10
0.97 0.16 -0.01 -1.36 0.17 -0.61 2.22 0.37 -0.03 2.04 2.11 2.21 2.12
0.97 0.16 -0.02 -0.73 0.12 -0.54 2.22 0.36 -0.04 2.09 2.10 2.28 2.04
0.96 0.15 -0.01 -0.96 0.67 -1.41 2.21 0.34 -0.03 2.10 2.11 2.26 2.06
0.97 0.15 -0.02 -2.05 1.45 -1.43 2.23 0.35 -0.04 1.99 2.19 2.24 2.06
