start recording
-0.16 0.41 1.13 20.35 -217.50 128.56 -0.36 1.02 2.65 1.60 1.50 1.50 1.49
-0.24 0.54 1.35 46.56 -172.79 120.17 -0.55 1.24 3.11 1.62 1.55 1.50 1.48
-0.30 0.63 1.62 68.30 -122.48 115.58 -0.67 1.51 3.69 1.62 1.47 1.49 1.50
-0.27 0.60 1.76 82.14 -76.23 94.22 -0.62 1.39 4.05 1.60 1.52 1.49 1.48
-0.20 0.52 1.94 63.28 -63.03 60.14 -0.45 1.20 4.45 1.59 1.50 1.49 1.52
-0.14 0.38 1.95 14.95 -48.66 10.24 -0.32 0.87 4.54 1.58 1.58 1.43 1.54
0.01 0.20 1.80 -11.20 -36.82 -21.42 0.02 0.46 4.13 1.61 1.52 1.46 1.51
0.17 0.13 1.64 -9.17 -19.42 -25.02 0.43 0.28 3.71 1.57 1.47 1.46 1.44
0.39 -0.05 1.50 12.65 4.30 -16.31 0.89 -0.12 3.44 1.62 1.44 1.50 1.49
0.59 -0.27 1.42 22.50 23.27 -5.56 1.40 -0.67 3.21 1.63 1.53 1.53 1.48
0.70 -0.41 1.29 15.13 34.68 -3.39 1.63 -0.95 2.96 1.60 1.41 1.53 1.46
0.77 -0.42 1.13 0.74 34.45 -5.43 1.77 -0.96 2.59 1.55 1.59 1.44 1.56
0.76 -0.35 1.03 -9.74 28.13 -4.73 1.72 -0.78 2.34 1.63 1.52 1.46 1.50
0.71 -0.26 0.93 -12.57 17.26 1.63 1.63 -0.59 2.13 1.65 1.46 1.45 1.51
0.70 -0.16 0.86 -10.66 11.56 7.91 1.61 -0.35 1.96 1.65 1.44 1.47 1.52
0.65 -0.06 0.79 -8.87 2.54 11.09 1.48 -0.14 1.80 1.69 1.42 1.55 1.44
0.61 -0.04 0.77 -7.10 0.39 5.44 1.41 -0.09 1.76 1.57 1.53 1.50 1.52
0.58 -0.05 0.77 -12.74 0.61 -2.38 1.33 -0.12 1.78 1.59 1.49 1.48 1.48
0.57 -0.05 0.71 -13.94 4.32 -5.97 1.30 -0.12 1.62 1.62 1.43 1.50 1.48
0.58 -0.09 0.69 -11.03 3.29 -4.56 1.32 -0.21 1.57 1.61 1.46 1.50 1.49
0.58 -0.12 0.69 -6.66 0.84 -3.12 1.33 -0.28 1.58 1.55 1.56 1.49 1.45
0.58 -0.15 0.72 -6.22 0.19 -3.96 1.34 -0.34 1.66 1.68 1.49 1.48 1.52
0.58 -0.16 0.77 -9.45 1.38 -6.63 1.31 -0.37 1.77 1.65 1.54 1.51 1.52
0.56 -0.12 0.77 -12.06 3.57 -7.39 1.28 -0.28 1.77 1.66 1.44 1.52 1.48
0.57 -0.09 0.77 -5.77 8.19 -2.84 1.30 -0.21 1.76 1.56 1.53 1.52 1.46
0.55 -0.03 0.81 3.12 12.65 2.49 1.27 -0.08 1.86 1.56 1.47 1.51 1.44
0.53 -0.04 0.84 4.28 19.20 0.38 1.23 -0.09 1.93 1.62 1.43 1.49 1.52
0.56 -0.03 0.87 -3.45 23.00 -7.91 1.22 -0.10 1.99 1.59 1.56 1.46 1.54
0.54 -0.00 0.90 -13.22 26.43 -17.97 1.24 -0.01 2.06 1.60 1.47 1.52 1.47
0.55 -0.04 0.93 -24.71 29.17 -27.95 1.27 -0.09 2.15 1.63 1.52 1.51 1.52
0.56 -0.02 0.92 -35.03 32.72 -37.83 1.29 -0.04 2.11 1.68 1.45 1.53 1.46
0.60 -0.00 0.94 -35.58 35.20 -43.63 1.38 -0.00 2.17 1.66 1.56 1.51 1.47
0.59 -0.01 0.96 -34.05 39.01 -47.92 1.34 0.02 2.21 1.61 1.48 1.47 1.53
0.58 0.05 1.02 -28.14 47.06 -49.95 1.33 0.12 2.33 1.56 1.56 1.52 1.45
0.53 0.08 1.16 -28.57 73.11 -63.53 1.21 0.14 2.65 1.57 1.51 1.53 1.45
0.51 -0.06 1.12 -48.26 87.54 -78.87 1.16 -0.13 2.56 1.65 1.56 1.47 1.46
0.55 -0.04 1.22 -76.43 84.53 -97.30 1.25 -0.10 2.76 1.58 1.50 1.49 1.55
0.58 -0.14 1.06 -120.77 78.02 -121.25 1.34 -0.33 2.43 1.59 1.57 1.46 1.57
0.72 -0.09 0.95 -154.67 42.92 -130.52 1.63 -0.21 2.18 1.63 1.48 1.53 1.51
0.72 -0.07 0.96 -186.46 17.48 -146.80 1.63 -0.25 2.19 1.56 1.59 1.50 1.48
0.68 0.12 0.98 -209.98 11.47 -174.60 1.56 0.28 2.26 1.68 1.45 1.53 1.48
0.67 0.12 0.98 -237.47 8.59 -212.78 1.50 0.15 2.29 1.64 1.53 1.49 1.55
0.59 0.02 0.99 -274.52 21.77 -257.14 1.36 0.04 2.27 1.59 1.59 1.49 1.55
0.54 -0.20 0.83 -286.72 50.39 -281.17 1.27 -0.46 1.94 1.71 1.44 1.59 1.45
0.63 -0.30 0.69 -286.72 69.97 -278.66 1.44 -0.69 1.58 1.65 1.56 1.50 1.56
0.78 -0.06 0.49 -286.72 55.00 -234.32 1.80 -0.08 1.05 1.60 1.52 1.58 1.53
0.88 0.13 0.54 -286.72 57.75 -186.45 2.01 0.30 1.23 1.66 1.53 1.55 1.56
0.86 0.01 0.57 -284.90 34.99 -166.89 1.93 0.03 1.33 1.70 1.45 1.63 1.45
0.80 0.01 0.66 -283.66 1.98 -164.95 1.81 -0.05 1.56 1.59 1.48 1.55 1.54
0.71 -0.10 0.92 -286.72 9.07 -192.29 1.63 -0.23 2.10 1.67 1.47 1.61 1.56
0.63 0.01 0.80 -286.72 26.98 -229.90 1.44 -0.02 1.78 1.62 1.55 1.62 1.53
0.64 -0.12 0.74 -286.72 60.59 -246.42 1.47 -0.27 1.71 1.61 1.49 1.58 1.50
0.71 -0.13 0.57 -286.72 47.00 -246.79 1.66 -0.28 1.31 1.61 1.50 1.59 1.54
0.79 0.01 0.53 -286.72 35.18 -227.82 1.81 0.02 1.23 1.64 1.51 1.62 1.56
0.70 0.02 0.59 -286.72 33.35 -196.27 1.61 0.10 1.36 1.60 1.60 1.62 1.57
0.72 -0.07 0.73 -286.72 14.04 -168.09 1.64 -0.17 1.67 1.63 1.54 1.64 1.52
0.63 -0.23 0.81 -286.72 -14.86 -147.67 1.45 -0.53 1.85 1.71 1.52 1.67 1.53
0.61 -0.18 0.89 -286.72 -2.19 -149.43 1.36 -0.37 2.00 1.72 1.51 1.69 1.52
0.59 -0.07 0.78 -286.72 23.43 -151.75 1.35 -0.15 1.80 1.65 1.55 1.61 1.53
0.54 0.03 0.74 -286.72 60.82 -159.63 1.25 0.11 1.70 1.69 1.52 1.69 1.52
0.61 -0.02 0.63 -286.72 72.47 -155.37 1.40 -0.04 1.44 1.62 1.60 1.65 1.56
0.60 0.05 0.61 -286.72 63.56 -139.82 1.34 0.12 1.37 1.65 1.54 1.66 1.57
0.56 0.23 0.67 -286.72 46.04 -107.14 1.28 0.53 1.53 1.67 1.54 1.66 1.55
0.54 0.22 0.77 -285.90 30.07 -76.14 1.25 0.50 1.78 1.66 1.61 1.67 1.61
0.55 0.10 0.87 -261.90 28.43 -52.88 1.30 0.22 2.02 1.65 1.61 1.72 1.61
0.56 0.14 0.91 -246.62 43.83 -49.12 1.29 0.33 2.09 1.70 1.59 1.66 1.60
0.48 0.27 0.87 -235.28 78.66 -60.28 1.10 0.68 1.95 1.68 1.65 1.68 1.68
0.50 0.27 0.67 -215.78 115.30 -70.67 1.15 0.62 1.54 1.70 1.65 1.75 1.66
0.69 0.29 0.54 -194.29 123.34 -72.30 1.58 0.66 1.26 1.72 1.74 1.75 1.65
0.73 0.36 0.47 -161.39 110.84 -76.40 1.68 0.82 1.08 1.73 1.69 1.85 1.67
0.72 0.36 0.47 -120.82 96.41 -78.29 1.68 0.85 1.13 1.67 1.74 1.84 1.73
0.82 0.30 0.46 -74.55 89.62 -86.41 1.85 0.70 1.05 1.67 1.79 1.85 1.75
0.83 0.29 0.49 -43.40 89.65 -94.08 1.91 0.67 1.13 1.71 1.78 1.84 1.79
0.82 0.16 0.46 -9.63 80.89 -113.92 1.81 0.38 1.03 1.68 1.89 1.93 1.86
0.79 0.09 0.42 10.40 79.88 -111.25 1.81 0.21 0.96 1.72 1.94 1.93 1.87
0.79 -0.03 0.35 27.74 90.75 -94.22 1.88 -0.18 0.76 1.65 1.93 2.06 1.89
0.93 -0.14 0.28 41.33 101.07 -69.70 2.13 -0.31 0.65 1.68 1.95 2.06 1.88
1.05 -0.12 0.33 39.77 114.49 -49.60 2.33 -0.26 0.72 1.69 1.99 2.08 1.99
0.98 0.01 0.14 22.23 114.47 -49.01 2.29 0.04 0.36 1.72 2.02 2.13 1.98
0.95 0.15 0.12 21.54 119.91 -58.48 2.18 0.35 0.28 1.65 2.13 2.06 2.06
0.90 0.21 0.14 29.20 128.98 -73.09 1.97 0.52 0.37 1.63 2.11 2.16 2.06
0.87 0.05 -0.04 58.39 133.46 -73.56 1.99 0.11 -0.10 1.63 2.14 2.17 2.03
0.98 -0.13 -0.01 62.53 129.61 -49.83 2.25 -0.32 -0.03 1.63 2.21 2.16 2.09
1.08 -0.34 -0.04 60.24 117.36 -23.27 2.47 -0.77 -0.08 1.66 2.12 2.25 2.06
0.97 -0.17 -0.14 36.85 124.45 -1.83 2.21 -0.36 -0.30 1.65 2.18 2.22 2.05
0.93 0.09 -0.20 16.28 143.83 -0.53 2.14 0.21 -0.46 1.63 2.27 2.17 2.19
0.99 0.14 -0.20 19.19 153.96 -4.09 2.28 0.31 -0.47 1.67 2.17 2.26 2.17
0.92 0.19 -0.01 41.99 144.25 -7.33 2.28 0.03 -0.51 1.65 2.24 2.26 2.12
0.99 -0.06 -0.21 60.18 127.62 -10.81 2.27 -0.14 -0.47 1.62 2.31 2.20 2.16
0.95 0.02 -0.27 59.40 108.90 -0.64 2.23 -0.05 -0.64 1.70 2.18 2.33 2.10
0.91 -0.03 -0.32 75.22 101.21 11.90 2.08 -0.08 -0.73 1.73 2.20 2.20 2.14
0.91 0.01 -0.40 80.90 100.25 17.83 2.09 0.07 -1.00 1.73 2.21 2.20 2.14
0.90 0.18 -0.40 98.01 93.65 22.71 2.08 0.42 -0.93 1.78 2.19 2.23 2.18
0.94 0.22 -0.39 114.73 82.91 18.84 2.16 0.49 -0.89 1.76 2.31 2.21 2.15
0.93 0.18 -0.54 140.80 52.11 10.51 2.10 0.26 -1.26 1.78 2.27 2.27 2.12
0.92 0.11 -0.68 115.58 30.13 9.22 2.11 0.26 -1.57 1.91 2.20 2.19 2.16
0.92 0.11 -0.61 86.05 23.86 7.79 2.18 0.31 -1.33 1.85 2.25 2.31 2.14
0.99 0.27 -0.56 64.11 19.99 7.96 2.26 0.61 -1.29 1.89 2.17 2.22 2.12
0.91 0.22 -0.57 62.21 20.87 8.65 2.27 0.57 -1.21 1.94 2.24 2.21 2.14
0.99 0.34 -0.51 55.44 16.26 9.38 2.29 0.76 -1.18 2.00 2.24 2.20 2.08
0.86 0.21 -0.48 45.50 17.89 14.63 1.97 0.47 -1.10 1.96 2.16 2.26 2.18
0.84 0.23 -0.40 29.02 23.27 12.36 1.93 0.56 -0.95 2.05 2.17 2.32 2.08
0.87 0.20 -0.43 17.77 27.72 11.80 2.00 0.46 -1.00 1.97 2.17 2.27 2.16
0.97 0.26 -0.49 13.25 26.87 10.25 2.22 0.57 -1.11 2.09 2.17 2.23 2.17
0.95 0.34 -0.47 8.51 17.62 5.01 2.17 0.77 -1.09 2.11 2.16 2.29 2.12
0.92 0.32 -0.46 12.53 12.56 1.07 2.13 0.71 -1.04 2.00 2.19 2.30 2.08
0.89 0.25 -0.41 11.06 8.44 -3.38 2.02 0.57 -0.93 1.99 2.25 2.19 2.10
0.88 0.19 -0.40 10.60 7.18 1.29 2.02 0.45 -0.92 2.00 2.18 2.21 2.10
0.90 0.23 -0.43 1.44 8.68 3.11 2.06 0.52 -0.99 2.11 2.14 2.32 2.07
0.90 0.27 -0.45 -3.36 6.47 2.41 2.06 0.61 -1.03 2.03 2.23 2.25 2.06
0.91 0.28 -0.46 -5.08 1.37 -1.90 2.09 0.64 -1.07 2.04 2.21 2.23 2.06
0.89 0.30 -0.45 -4.41 -5.07 -6.53 2.04 0.69 -1.02 1.98 2.18 2.25 2.14
0.90 0.25 -0.42 -1.41 -11.61 -9.79 2.07 0.58 -0.97 2.00 2.22 2.25 2.07
0.85 0.26 -0.37 -1.78 -14.34 -10.42 1.96 0.57 -0.85 2.09 2.18 2.19 2.12
0.85 0.20 -0.35 -0.54 -11.31 -7.13 1.95 0.47 -0.81 2.09 2.20 2.16 2.09
0.89 0.20 -0.38 -1.64 -10.22 -3.24 2.03 0.45 -0.88 2.01 2.20 2.30 2.11
0.88 0.21 -0.37 -7.03 -11.06 -2.28 2.01 0.54 -0.85 2.00 2.20 2.27 2.08
0.87 0.25 -0.38 -12.12 -8.95 -4.98 2.00 0.57 -0.87 2.08 2.25 2.26 2.12
0.95 0.27 -0.43 -11.11 -10.16 -6.18 2.18 0.62 -1.01 2.05 2.16 2.26 2.06
0.94 0.28 -0.44 -10.67 -16.76 -7.97 2.16 0.64 -1.02 2.03 2.19 2.29 2.06
0.97 0.36 -0.50 -11.61 -19.93 -12.06 2.24 0.83 -1.17 2.00 2.22 2.25 2.08
0.95 0.39 -0.54 -7.20 -27.06 -19.40 2.18 0.91 -1.24 2.00 2.23 2.16 2.13
0.92 0.34 -0.55 -7.06 -30.40 -26.47 2.12 0.78 -1.27 2.04 2.13 2.28 2.04
0.93 0.35 -0.60 -7.68 -33.59 -31.96 2.13 0.82 -1.40 2.00 2.13 2.26 2.11
0.92 0.26 -0.66 -8.07 -41.59 -35.20 2.11 0.59 -1.52 2.06 2.22 2.18 2.04
0.92 0.31 -0.74 -18.53 -52.50 -37.19 2.16 0.72 -1.68 2.05 2.10 2.27 2.04
0.94 0.42 -0.76 -21.53 -58.51 -39.23 2.16 0.97 -1.75 1.93 2.20 2.23 2.05
0.88 0.43 -0.75 -19.09 -68.03 -51.22 2.02 1.02 -1.70 1.98 2.23 2.18 2.14
0.84 0.53 -0.72 -14.37 -70.22 -70.68 1.92 1.21 -1.66 1.91 2.18 2.18 2.08
0.83 0.46 -0.65 4.62 -71.25 -86.26 1.90 1.05 -1.50 1.98 2.17 2.16 2.05
0.87 0.37 -0.62 24.14 -82.58 -102.68 1.99 0.79 -1.43 1.93 2.17 2.20 2.04
0.93 0.21 -0.61 30.27 -100.32 -113.31 2.14 0.47 -1.41 1.84 2.17 2.16 2.08
0.87 0.08 -0.52 21.57 -120.05 -119.25 2.05 0.23 -1.24 1.90 2.15 2.12 2.02
0.78 0.24 -0.45 16.18 -132.38 -121.63 1.78 0.55 -1.03 1.82 2.13 2.15 1.94
0.69 0.14 -0.36 13.46 -133.20 -117.85 1.52 0.37 -0.79 1.82 2.00 2.19 1.94
0.72 -0.04 -0.23 25.15 -118.64 -111.33 1.66 -0.10 -0.53 1.79 2.01 2.05 1.88
0.73 -0.16 -0.15 36.09 -103.50 -109.50 1.77 -0.34 -0.22 1.78 2.00 2.07 1.91
0.77 -0.30 -0.16 44.00 -97.68 -104.57 1.77 -0.70 -0.36 1.70 2.01 1.94 1.89
0.77 -0.41 -0.14 50.51 -95.59 -92.13 1.78 -0.95 -0.31 1.72 1.97 1.91 1.87
0.71 -0.56 -0.12 53.81 -92.47 -67.90 1.23 -1.46 -0.25 1.68 1.93 1.91 1.76
1.02 -0.47 0.13 113.86 -262.02 -94.59 2.35 -1.07 0.29 1.69 1.83 1.85 1.73
0.68 -0.65 0.04 146.38 -285.42 -67.22 1.50 -1.53 0.10 1.77 1.78 1.87 1.72
0.78 -0.65 0.20 123.99 -286.72 -74.94 1.79 -1.49 0.46 1.73 1.77 1.82 1.72
0.79 -0.65 0.11 186.08 -268.80 -33.94 1.87 -1.40 0.36 1.70 1.75 1.81 1.68
0.79 -0.45 0.26 239.29 -260.39 0.45 1.82 -1.04 0.59 1.61 1.75 1.76 1.64
0.79 -0.49 0.17 286.68 -235.50 32.65 1.81 -1.13 0.43 1.73 1.65 1.79 1.60
0.66 -0.90 0.39 286.68 -196.38 61.59 1.36 -2.16 0.93 1.68 1.69 1.71 1.58
0.37 -1.03 0.56 286.68 -139.36 42.64 0.85 -2.36 1.28 1.59 1.69 1.64 1.63
0.56 -1.22 0.43 286.68 -109.35 31.28 1.44 -2.76 1.00 1.68 1.55 1.74 1.53
0.74 -1.60 0.52 286.68 -100.39 60.18 1.69 -3.66 1.19 1.62 1.64 1.63 1.59
0.65 -1.73 0.57 286.68 -93.64 76.96 1.48 -3.97 1.34 1.62 1.54 1.63 1.51
0.67 -1.65 0.47 286.68 -89.76 108.90 1.53 -3.78 1.07 1.69 1.51 1.65 1.53
0.84 -1.53 0.32 286.68 -81.23 146.12 1.96 -3.49 0.75 1.59 1.54 1.67 1.52
0.83 -1.51 0.29 286.68 -83.34 178.90 1.99 -3.47 0.66 1.63 1.55 1.59 1.53
0.66 -1.50 0.25 286.68 -72.14 186.10 1.51 -3.44 0.57 1.64 1.50 1.60 1.51
0.65 -1.33 0.19 285.89 -62.60 184.91 1.47 -2.92 0.35 1.61 1.52 1.61 1.51
0.75 -1.04 0.08 279.44 -61.78 197.14 1.73 -2.40 0.18 1.65 1.54 1.54 1.47
0.76 -1.09 0.06 272.76 -82.31 214.93 1.72 -2.54 0.18 1.65 1.55 1.56 1.50
0.72 -0.95 0.12 260.23 -96.15 220.39 1.66 -2.17 0.27 1.66 1.48 1.54 1.53
0.72 -0.93 0.20 245.77 -100.92 224.61 1.63 -2.22 0.45 1.62 1.56 1.54 1.47
0.63 -0.83 0.30 223.07 -108.37 229.98 1.44 -1.91 0.68 1.66 1.54 1.52 1.48
0.59 -0.78 0.37 197.70 -97.91 223.74 1.35 -1.74 0.86 1.68 1.46 1.59 1.47
0.56 -0.46 0.33 172.03 -100.53 219.56 1.30 -1.05 0.79 1.62 1.46 1.51 1.52
0.69 -0.39 0.36 165.89 -90.50 212.68 1.59 -0.90 0.84 1.58 1.53 1.54 1.46
0.82 -0.28 0.39 158.10 -107.93 213.59 1.90 -0.68 0.95 1.67 1.45 1.58 1.48
0.80 -0.22 0.65 150.83 -122.13 216.24 1.85 -0.50 1.50 1.61 1.57 1.53 1.46
0.58 -0.10 0.86 121.64 -113.02 201.82 1.36 -0.14 1.99 1.64 1.48 1.47 1.47
0.45 0.17 1.12 90.46 -94.13 178.68 1.04 0.40 2.58 1.62 1.54 1.53 1.53
0.47 0.45 1.19 62.55 -81.73 157.67 1.13 1.06 2.78 1.67 1.47 1.49 1.46
0.45 0.62 1.25 51.82 -70.03 140.95 1.04 1.43 2.87 1.65 1.44 1.50 1.55
0.46 0.70 1.26 54.10 -55.20 122.15 1.05 1.61 2.89 1.67 1.46 1.54 1.46
0.49 0.68 1.32 49.53 -39.41 106.30 1.16 1.60 3.06 1.63 1.59 1.48 1.49
0.58 0.64 1.35 24.80 -31.71 84.42 1.33 1.46 3.09 1.58 1.49 1.51 1.52
0.58 0.67 1.29 -10.03 -32.88 57.49 1.31 1.56 2.93 1.62 1.53 1.46 1.50
0.54 0.75 1.04 -19.79 -24.75 42.81 1.25 1.73 2.39 1.58 1.51 1.50 1.53
0.55 0.81 0.95 -4.50 -19.29 34.04 1.31 1.85 2.17 1.61 1.43 1.51 1.54
0.57 0.71 0.94 13.00 -2.54 15.67 1.32 1.63 2.16 1.57 1.46 1.52 1.54
0.65 0.48 0.94 5.36 12.70 -2.54 1.50 1.11 2.12 1.60 1.58 1.52 1.45
0.75 0.38 0.78 -19.51 9.06 -13.03 1.75 0.90 1.78 1.67 1.48 1.50 1.50
0.80 0.36 0.65 -19.51 1.13 -16.20 1.83 0.83 1.49 1.61 1.56 1.47 1.56
0.77 0.32 0.58 -8.23 2.62 -17.67 1.76 0.69 1.34 1.58 1.58 1.48 1.54
0.78 0.18 0.54 0.16 8.26 -20.20 1.80 0.42 1.24 1.58 1.56 1.46 1.54
0.82 0.09 0.54 -1.44 9.23 -21.28 1.88 0.16 1.26 1.57 1.55 1.49 1.52
0.89 0.03 0.49 -7.91 6.98 -20.64 2.04 0.06 1.10 1.62 1.56 1.54 1.53
0.93 0.01 0.42 -8.35 0.52 -16.20 2.14 0.03 0.95 1.67 1.46 1.52 1.50
0.94 -0.01 0.42 -4.42 -1.51 -12.15 2.14 -0.07 0.96 1.66 1.49 1.50 1.50
0.90 -0.01 0.44 -9.62 -2.87 -9.27 2.06 -0.02 1.00 1.63 1.55 1.55 1.54
0.85 0.05 0.46 -9.94 2.09 -7.54 1.95 0.12 1.05 1.68 1.43 1.56 1.46
0.84 0.09 0.48 -7.89 6.07 -5.11 1.93 0.22 1.09 1.66 1.55 1.53 1.47
0.84 0.12 0.47 -3.77 10.41 -4.23 1.93 0.28 1.08 1.60 1.59 1.49 1.46
0.85 0.13 0.45 0.42 13.28 -2.23 1.96 0.31 1.04 1.64 1.46 1.56 1.47
0.86 0.12 0.47 2.82 17.67 -2.01 1.97 0.28 1.07 1.64 1.55 1.53 1.47
0.86 0.12 0.49 -1.58 17.64 -3.01 1.98 0.26 1.13 1.60 1.58 1.50 1.47
0.86 0.12 0.48 -14.11 6.04 -4.68 1.98 0.29 1.10 1.64 1.43 1.49 1.50
0.85 0.21 0.46 -17.76 -3.93 -3.58 1.94 0.48 1.06 1.63 1.52 1.49 1.53
0.81 0.28 0.48 -12.73 -7.63 -2.86 1.82 0.65 1.12 1.68 1.53 1.50 1.51
0.76 0.34 0.54 -2.93 -2.39 -5.67 1.75 0.77 1.23 1.63 1.53 1.52 1.49
0.75 0.30 0.63 0.06 9.74 -12.12 1.73 0.70 1.44 1.67 1.49 1.49 1.54
0.72 0.30 0.70 -6.38 25.50 -25.40 1.65 0.67 1.61 1.60 1.52 1.55 1.47
0.78 0.25 0.69 -16.81 26.08 -30.62 1.79 0.57 1.58 1.58 1.52 1.55 1.52
0.84 0.22 0.73 -25.19 20.75 -32.17 1.88 0.45 1.67 1.65 1.48 1.51 1.50
0.84 0.19 0.74 -42.02 7.15 -37.33 1.94 0.44 1.69 1.63 1.57 1.48 1.56
0.86 0.27 0.70 -64.38 -2.59 -44.28 1.98 0.62 1.59 1.62 1.59 1.48 1.56
0.84 0.31 0.70 -79.91 -8.86 -54.46 1.93 0.72 1.62 1.65 1.53 1.53 1.52
0.74 0.43 0.66 -92.93 -2.25 -71.11 1.69 0.98 1.52 1.59 1.51 1.53 1.48
0.65 0.51 0.70 -84.03 30.72 -93.40 1.56 1.19 1.60 1.59 1.52 1.58 1.48
0.70 0.45 0.77 -79.12 70.51 -114.78 1.60 1.02 1.76 1.66 1.54 1.50 1.51
0.92 0.19 0.63 -118.43 31.39 -117.22 2.21 0.52 1.45 1.59 1.54 1.52 1.52
1.04 0.10 0.72 -172.86 -25.71 -124.45 2.39 0.23 1.66 1.56 1.51 1.54 1.52
1.04 -0.06 0.71 -245.70 -66.73 -140.57 2.21 -0.43 1.55 1.60 1.48 1.53 1.49
1.04 -0.16 0.66 -286.72 -106.58 -165.43 2.39 -0.38 1.52 1.60 1.51 1.55 1.51
0.98 -0.12 0.48 -286.72 -127.49 -196.97 2.24 -0.27 1.11 1.63 1.48 1.58 1.48
0.93 0.08 0.28 -286.72 -128.56 -213.29 2.10 0.10 0.66 1.59 1.59 1.53 1.55
0.86 0.32 0.15 -286.72 -114.48 -223.55 1.98 0.74 0.35 1.60 1.49 1.56 1.51
0.79 0.42 0.16 -286.72 -82.01 -226.72 1.80 0.93 0.40 1.70 1.50 1.56 1.55
0.75 0.31 0.10 -286.72 -40.37 -210.15 1.72 0.71 0.22 1.65 1.58 1.59 1.49
0.82 0.43 0.14 -286.72 -48.06 -187.01 1.88 1.00 0.34 1.60 1.52 1.62 1.56
0.92 0.35 0.25 -286.72 -38.40 -150.57 2.11 0.81 0.58 1.63 1.50 1.58 1.55
0.98 0.16 0.51 -286.72 -52.05 -126.15 2.28 0.28 1.15 1.68 1.50 1.59 1.59
1.00 0.04 0.56 -286.72 -83.47 -108.21 2.30 0.09 1.30 1.60 1.50 1.60 1.52
0.95 0.03 0.60 -286.72 -109.19 -113.57 2.18 0.06 1.38 1.62 1.59 1.58 1.59
0.84 0.19 0.55 -286.72 -122.45 -126.90 1.82 0.31 1.23 1.67 1.56 1.59 1.53
0.65 0.32 0.61 -286.72 -90.62 -140.02 1.48 0.73 1.39 1.66 1.56 1.62 1.53
0.55 0.35 0.62 -268.01 -54.00 -156.24 1.30 0.80 1.32 1.62 1.54 1.67 1.54
0.48 0.30 0.60 -238.80 -35.45 -136.92 1.11 0.69 1.38 1.71 1.52 1.63 1.53
0.58 0.36 0.73 -227.74 -26.27 -112.48 1.38 0.80 1.69 1.60 1.59 1.58 1.60
0.72 0.17 0.85 -209.23 -13.10 -102.53 1.65 0.40 1.95 1.62 1.56 1.65 1.59
0.80 -0.05 0.81 -206.60 -19.27 -86.38 1.85 -0.13 1.88 1.62 1.57 1.64 1.56
0.85 -0.01 0.77 -238.51 -43.00 -69.58 1.90 -0.01 1.76 1.64 1.56 1.67 1.56
0.74 0.11 0.73 -260.10 -50.96 -57.53 1.70 0.24 1.67 1.73 1.58 1.67 1.58
0.59 0.20 0.80 -259.28 -40.03 -57.35 1.32 0.48 1.87 1.65 1.62 1.59 1.62
0.43 0.23 0.91 -245.24 0.07 -74.14 1.00 0.53 2.09 1.77 1.54 1.69 1.54
0.46 0.24 0.96 -234.27 41.37 -90.77 1.06 0.52 2.15 1.67 1.56 1.65 1.59
0.54 0.24 0.90 -237.02 76.15 -88.35 1.23 0.56 2.06 1.70 1.56 1.65 1.58
0.63 0.32 0.85 -231.81 92.88 -85.26 1.47 0.70 1.96 1.69 1.60 1.66 1.60
0.83 0.29 0.73 -204.62 86.23 -73.26 1.90 0.66 1.68 1.72 1.65 1.64 1.66
0.85 0.22 0.73 -159.51 80.49 -59.86 1.95 0.51 1.68 1.71 1.63 1.67 1.69
0.81 0.22 0.67 -120.84 69.74 -57.85 1.81 0.42 1.52 1.71 1.72 1.75 1.65
0.81 0.11 0.64 -105.27 65.03 -65.56 1.86 0.24 1.48 1.75 1.66 1.76 1.73
0.81 0.20 0.53 -86.67 76.27 -79.15 1.85 0.46 1.20 1.73 1.76 1.73 1.72
0.88 0.18 0.55 -52.94 76.36 -94.00 2.01 0.42 1.26 1.76 1.71 1.85 1.67
0.76 0.21 0.57 -28.06 76.56 -111.01 1.78 0.52 1.22 1.75 1.79 1.82 1.79
0.76 0.16 0.42 -3.72 86.36 -108.82 1.73 0.37 0.96 1.73 1.88 1.91 1.80
0.91 -0.05 0.39 19.54 104.28 -91.76 2.09 -0.12 0.86 1.67 1.84 1.91 1.86
0.95 -0.13 0.38 39.70 112.45 -76.54 2.17 -0.30 0.83 1.75 1.88 1.92 1.89
0.93 -0.15 0.28 26.03 111.48 -71.72 2.13 -0.34 0.65 1.65 2.03 1.96 1.92
1.00 -0.03 0.19 14.25 105.82 -57.98 2.37 -0.07 0.38 1.75 1.96 2.10 1.88
0.97 0.03 0.17 19.84 104.03 -55.58 2.23 0.06 0.39 1.67 2.03 2.05 1.97
1.01 -0.03 0.04 38.14 100.77 -45.16 2.27 -0.03 0.12 1.74 2.07 2.05 2.01
0.96 0.08 0.13 35.61 95.16 -34.20 2.20 0.19 0.31 1.66 2.05 2.11 2.05
0.90 -0.03 0.14 47.16 96.31 -34.64 2.15 -0.10 0.31 1.69 2.12 2.16 2.05
0.99 -0.03 0.08 42.55 87.81 -24.04 2.26 0.02 0.21 1.65 2.22 2.18 2.02
0.98 0.03 0.08 36.38 92.98 -22.28 2.25 0.07 0.19 1.71 2.21 2.16 2.04
0.90 -0.05 -0.04 27.99 96.43 -11.21 2.08 -0.10 -0.09 1.63 2.25 2.16 2.17
1.04 -0.01 -0.09 29.36 108.56 2.69 2.38 -0.03 -0.20 1.72 2.23 2.25 2.14
0.86 -0.09 -0.09 32.87 107.81 13.58 2.00 -0.25 -0.20 1.65 2.16 2.19 2.10
1.01 -0.04 -0.16 36.39 108.23 24.40 2.33 -0.09 -0.37 1.74 2.17 2.24 2.21
1.00 -0.01 -0.20 64.37 92.23 24.51 2.27 0.00 -0.50 1.70 2.31 2.21 2.11
0.90 0.13 -0.23 44.07 84.88 15.03 2.06 0.29 -0.52 1.67 2.20 2.32 2.13
0.96 0.21 -0.22 62.36 101.50 9.16 2.21 0.47 -0.51 1.73 2.27 2.20 2.22
0.84 0.16 -0.23 70.17 106.22 5.52 2.06 0.32 -0.62 1.69 2.34 2.22 2.23
0.89 0.10 -0.27 78.31 108.75 14.41 2.05 0.23 -0.61 1.75 2.29 2.32 2.13
0.86 0.01 -0.23 87.89 96.35 21.50 1.93 -0.03 -0.53 1.84 2.21 2.29 2.18
0.89 0.15 -0.34 92.79 82.77 27.51 2.04 0.33 -0.77 1.90 2.22 2.26 2.13
0.90 0.15 -0.51 101.34 69.58 28.60 2.01 0.39 -1.14 1.89 2.29 2.22 2.22
1.03 0.24 -0.59 85.59 66.33 20.50 2.35 0.56 -1.34 1.98 2.28 2.24 2.14
1.08 0.26 -0.67 72.70 51.73 11.67 2.54 0.67 -1.57 2.03 2.17 2.31 2.11
1.06 0.23 -0.63 59.06 34.16 7.23 2.39 0.58 -1.44 1.95 2.22 2.28 2.11
0.93 0.23 -0.55 41.76 24.92 6.58 2.14 0.53 -1.25 2.06 2.26 2.19 2.12
0.88 0.29 -0.52 30.84 30.40 7.36 2.03 0.65 -1.21 1.99 2.21 2.32 2.12
0.88 0.23 -0.53 24.47 29.97 5.38 2.02 0.52 -1.23 2.11 2.24 2.20 2.10
0.92 0.32 -0.52 19.79 34.25 2.12 2.11 0.77 -1.17 2.11 2.16 2.23 2.19
0.86 0.28 -0.47 19.64 30.28 -0.90 1.96 0.65 -1.07 2.10 2.25 2.27 2.16
0.88 0.27 -0.45 17.16 29.82 -1.50 2.03 0.62 -1.04 2.07 2.24 2.29 2.14
0.89 0.20 -0.43 8.12 31.02 0.46 2.04 0.43 -0.98 2.07 2.27 2.21 2.08
0.95 0.18 -0.48 -3.23 32.30 4.75 2.19 0.42 -1.09 2.04 2.26 2.25 2.11
0.97 0.20 -0.53 -8.09 21.35 9.82 2.24 0.47 -1.21 2.11 2.19 2.20 2.14
0.85 0.28 -0.47 -10.34 10.09 9.62 1.94 0.65 -1.08 2.01 2.18 2.25 2.17
0.77 0.31 -0.41 -10.85 9.35 2.02 1.78 0.71 -0.93 2.06 2.22 2.21 2.14
0.83 0.25 -0.41 -8.75 16.02 -6.28 1.90 0.58 -0.94 2.10 2.25 2.30 2.16
0.91 0.16 -0.41 -7.97 14.36 -5.05 2.09 0.36 -0.95 2.12 2.15 2.29 2.08
0.95 0.16 -0.42 -7.09 5.83 -0.64 2.18 0.38 -0.96 2.05 2.13 2.28 2.11
0.93 0.19 -0.40 -5.00 -0.78 2.91 2.13 0.43 -0.92 2.01 2.26 2.18 2.16
0.91 0.19 -0.37 -2.56 -4.18 3.38 2.08 0.45 -0.85 2.06 2.19 2.22 2.10
0.85 0.19 -0.32 -1.63 -3.77 0.47 1.96 0.42 -0.74 2.06 2.25 2.16 2.18
0.87 0.19 -0.33 -2.55 0.01 -1.46 2.00 0.45 -0.75 2.05 2.22 2.20 2.13
0.89 0.16 -0.35 -1.38 1.32 -1.65 2.05 0.36 -0.81 2.02 2.25 2.16 2.18
0.91 0.16 -0.36 -4.57 -0.07 -0.52 2.09 0.37 -0.84 2.01 2.26 2.18 2.17
0.94 0.22 -0.39 -4.37 -2.89 0.64 2.16 0.51 -0.88 2.05 2.23 2.21 2.07
0.95 0.21 -0.38 -0.94 -8.09 -1.28 2.18 0.49 -0.87 2.01 2.26 2.16 2.15
0.93 0.20 -0.36 -2.25 -12.90 -3.70 2.14 0.47 -0.83 1.99 2.25 2.21 2.14
0.87 0.22 -0.32 -3.35 -14.59 -6.47 1.98 0.50 -0.74 2.10 2.26 2.20 2.14
0.86 0.23 -0.33 -3.40 -8.51 -8.32 1.96 0.53 -0.75 1.98 2.26 2.17 2.14
0.88 0.27 -0.38 -4.70 -5.79 -9.78 2.03 0.63 -0.89 2.00 2.15 2.29 2.06
0.89 0.30 -0.44 -5.41 -4.99 -12.22 2.06 0.68 -1.04 1.98 2.18 2.31 2.09
0.97 0.35 -0.53 -6.44 -8.33 -15.08 2.22 0.80 -1.22 1.98 2.21 2.26 2.07
0.93 0.33 -0.59 -2.17 -22.86 -21.00 2.14 0.75 -1.37 2.05 2.11 2.29 2.05
0.94 0.36 -0.64 -1.81 -34.93 -26.32 2.15 0.82 -1.48 1.97 2.24 2.20 2.06
0.92 0.36 -0.65 -0.81 -48.28 -34.18 2.09 0.82 -1.49 1.95 2.18 2.25 2.16
0.87 0.38 -0.56 0.71 -56.26 -43.89 2.00 0.88 -1.30 1.93 2.19 2.26 2.14
0.77 0.43 -0.62 5.22 -59.03 -54.08 1.78 0.99 -1.46 2.03 2.17 2.18 2.12
0.80 0.35 -0.61 15.16 -58.32 -61.76 1.86 0.77 -1.40 1.94 2.27 2.18 2.13
0.79 0.17 -0.54 9.87 -64.22 -61.55 1.81 0.39 -1.24 1.93 2.25 2.16 2.11
0.84 0.19 -0.59 -1.16 -59.50 -54.20 1.93 0.44 -1.36 1.94 2.15 2.17 2.11
0.96 0.29 -0.62 -3.09 -64.26 -52.20 2.21 0.66 -1.43 1.97 2.11 2.29 2.03
0.93 0.44 -0.66 4.92 -81.82 -65.84 2.11 0.99 -1.51 1.85 2.13 2.22 2.09
0.91 0.51 -0.69 24.58 -98.25 -91.28 2.10 1.18 -1.57 1.88 2.21 2.16 2.05
0.86 0.49 -0.65 46.33 -117.04 -113.94 1.97 1.13 -1.49 1.82 2.10 2.23 2.10
0.82 0.35 -0.64 63.75 -137.10 -135.44 1.88 0.73 -1.48 1.84 2.18 2.22 2.03
0.79 0.21 -0.55 76.07 -146.15 -146.06 1.82 0.47 -1.26 1.89 2.08 2.17 2.03
0.77 0.06 -0.48 81.58 -147.81 -150.57 1.77 0.11 -1.10 1.86 2.06 2.17 2.01
0.78 -0.06 -0.41 85.00 -140.41 -150.58 1.79 -0.15 -0.93 1.85 2.03 2.17 1.99
0.80 -0.17 -0.26 78.71 -136.25 -148.44 1.88 -0.41 -0.58 1.84 2.06 2.07 1.93
0.74 -0.22 -0.18 74.37 -138.91 -154.32 1.70 -0.50 -0.41 1.83 1.97 2.08 1.95
0.82 -0.33 -0.07 99.23 -187.62 -176.09 1.93 -0.79 -0.25 1.73 2.03 2.01 1.90
0.67 -0.39 -0.15 154.24 -262.61 -166.71 1.50 -0.90 -0.34 1.76 1.95 2.02 1.82
0.53 -0.55 -0.03 157.10 -269.79 -149.65 1.22 -1.27 -0.06 1.79 1.86 2.05 1.79
0.62 -0.64 -0.06 150.55 -276.08 -128.22 1.47 -1.49 -0.12 1.75 1.95 1.87 1.84
0.66 -1.04 0.19 201.26 -286.72 -80.04 1.51 -2.39 0.45 1.71 1.85 1.91 1.77
0.79 -1.03 0.28 175.82 -286.72 -51.76 1.61 -2.48 0.50 1.73 1.79 1.92 1.67
0.76 -0.99 0.19 184.27 -286.72 -14.50 1.75 -2.27 0.43 1.69 1.85 1.81 1.70
0.62 -0.87 0.29 254.62 -286.72 35.94 1.51 -1.93 0.70 1.71 1.73 1.82 1.66
0.48 -1.03 0.50 286.68 -285.40 75.78 1.11 -2.36 1.14 1.63 1.68 1.74 1.64
0.29 -1.05 0.38 286.68 -238.50 106.11 0.66 -2.48 0.77 1.65 1.75 1.71 1.62
0.21 -1.53 0.50 286.68 -191.17 132.81 0.47 -3.51 1.16 1.62 1.60 1.68 1.58
0.38 -1.90 0.66 286.68 -174.97 147.71 0.87 -4.37 1.55 1.65 1.61 1.70 1.53
0.48 -2.00 0.82 286.68 -158.93 151.40 1.18 -4.59 1.85 1.61 1.54 1.71 1.50
0.59 -1.92 0.62 252.18 -156.52 168.33 1.36 -4.40 1.42 1.61 1.59 1.62 1.53
0.64 -1.66 0.32 222.12 -143.49 205.12 1.41 -3.64 0.73 1.61 1.51 1.60 1.56
0.58 -1.58 0.29 242.96 -134.38 244.13 1.33 -3.62 0.67 1.64 1.48 1.64 1.49
0.56 -1.66 0.03 277.11 -137.08 286.68 1.27 -3.88 0.10 1.60 1.56 1.55 1.52
0.65 -1.63 0.07 286.68 -158.45 286.68 1.50 -3.73 0.15 1.63 1.57 1.59 1.56
0.72 -1.79 -0.02 286.68 -204.61 286.68 1.55 -4.12 -0.03 1.59 1.50 1.56 1.50
0.70 -1.85 0.13 284.97 -265.80 286.68 1.62 -4.24 0.31 1.62 1.51 1.52 1.51
0.39 -1.56 0.02 252.32 -286.72 286.68 0.96 -3.46 -0.05 1.54 1.55 1.53 1.47
0.54 -1.53 0.19 226.21 -286.72 286.68 1.28 -3.15 0.45 1.66 1.46 1.57 1.46
0.38 -1.06 0.08 249.42 -286.72 286.68 0.86 -2.44 0.19 1.54 1.56 1.49 1.47
0.18 -0.97 0.27 259.36 -286.72 286.68 0.32 -2.18 0.68 1.55 1.48 1.47 1.48
-0.28 -0.46 0.59 276.44 -286.72 286.68 -0.65 -1.05 1.37 1.54 1.49 1.54 1.52
-0.57 -0.24 1.32 265.58 -258.34 286.68 -1.40 -0.41 3.30 1.64 1.45 1.53 1.48
-0.71 0.13 1.96 180.10 -178.79 275.19 -1.64 0.31 4.50 1.62 1.53 1.50 1.53
-0.74 0.31 2.00 61.64 -135.45 198.05 -1.71 0.72 4.59 1.64 1.46 1.49 1.47
-0.62 0.46 1.94 -30.62 -102.76 154.93 -1.42 1.06 4.45 1.57 1.45 1.54 1.44
-0.56 0.57 1.72 -11.96 -41.74 138.97 -1.27 1.40 3.88 1.66 1.44 1.54 1.44
-0.42 0.65 1.44 29.74 -6.69 137.04 -0.96 1.49 3.30 1.65 1.53 1.46 1.45
-0.22 0.40 1.40 65.56 4.86 131.42 -0.52 0.91 3.22 1.56 1.54 1.52 1.52
0.02 0.27 1.42 72.77 0.10 102.29 0.10 0.63 3.27 1.54 1.58 1.46 1.54
0.24 0.21 1.42 41.09 8.34 57.79 0.55 0.47 3.26 1.61 1.52 1.47 1.52
0.37 0.14 1.32 5.18 21.53 18.14 0.90 0.32 2.99 1.66 1.44 1.52 1.49
0.53 0.12 1.21 -12.26 32.80 -1.40 1.21 0.28 2.77 1.55 1.57 1.48 1.50
0.66 0.03 1.05 -10.40 42.63 1.55 1.53 0.04 2.38 1.65 1.49 1.46 1.49
0.75 -0.05 0.90 -0.07 32.17 18.08 1.73 -0.15 2.08 1.61 1.53 1.50 1.52
0.77 -0.12 0.91 8.04 19.88 26.09 1.76 -0.26 2.09 1.60 1.51 1.47 1.52
0.73 -0.07 0.93 7.32 10.28 27.06 1.67 -0.15 2.15 1.54 1.56 1.47 1.52
0.68 0.03 0.97 2.35 7.74 22.22 1.55 0.07 2.23 1.64 1.44 1.53 1.46
0.63 0.07 0.95 -7.34 6.29 14.36 1.45 0.18 2.17 1.59 1.60 1.50 1.46
0.61 0.11 0.89 -20.52 6.68 3.60 1.41 0.25 2.04 1.58 1.43 1.47 1.54
0.55 0.11 0.83 -28.06 3.35 -4.01 1.27 0.24 1.91 1.60 1.54 1.47 1.53
0.50 0.14 0.80 -25.29 -0.75 -5.49 1.14 0.31 1.83 1.55 1.50 1.54 1.49
0.50 0.14 0.78 -15.56 -4.36 -2.09 1.14 0.32 1.79 1.56 1.52 1.54 1.51
0.55 0.14 0.78 -6.94 -1.87 -0.61 1.24 0.34 1.79 1.61 1.45 1.46 1.48
0.59 0.12 0.81 -2.78 3.71 -3.28 1.33 0.26 1.83 1.63 1.47 1.50 1.50
0.58 0.05 0.82 -8.41 8.70 -11.86 1.33 0.12 1.88 1.60 1.52 1.49 1.47
0.55 0.01 0.83 -19.41 10.30 -21.02 1.28 0.03 1.87 1.60 1.52 1.47 1.50
0.57 -0.00 0.76 -24.62 11.13 -21.00 1.30 -0.00 1.74 1.63 1.45 1.55 1.48
0.61 0.05 0.72 -17.43 7.87 -13.90 1.39 0.13 1.67 1.54 1.53 1.51 1.47
0.64 0.06 0.70 -8.00 4.59 -7.87 1.48 0.13 1.61 1.63 1.55 1.53 1.52
0.66 0.03 0.71 -3.25 0.68 -5.22 1.52 0.07 1.63 1.53 1.48 1.52 1.54
0.66 -0.03 0.75 -2.65 -0.73 -5.83 1.48 -0.06 1.75 1.61 1.45 1.55 1.45
0.63 -0.03 0.80 -5.42 5.39 -7.95 1.45 -0.07 1.84 1.63 1.45 1.48 1.54
0.66 -0.01 0.79 -10.44 5.90 -6.68 1.51 0.00 1.81 1.60 1.47 1.48 1.50
0.67 0.06 0.77 -12.64 5.38 -4.73 1.52 0.04 1.79 1.58 1.58 1.46 1.54
0.68 0.10 0.77 -12.64 3.11 -2.34 1.56 0.22 1.76 1.64 1.44 1.52 1.49
0.64 0.10 0.77 -9.19 1.07 -1.15 1.45 0.22 1.76 1.61 1.53 1.48 1.46
0.58 0.09 0.80 -6.46 -0.12 -2.13 1.32 0.21 1.83 1.53 1.57 1.47 1.54
0.55 0.08 0.83 -7.53 2.29 -6.56 1.27 0.19 1.90 1.63 1.42 1.56 1.44
0.57 0.09 0.81 -11.39 5.89 -10.89 1.33 0.23 1.83 1.55 1.55 1.50 1.50
0.61 0.12 0.75 -11.63 9.13 -11.93 1.40 0.28 1.73 1.59 1.53 1.54 1.52
0.62 0.13 0.72 -6.61 10.24 -6.80 1.43 0.31 1.67 1.58 1.44 1.56 1.45
0.60 0.12 0.73 1.50 9.37 -5.85 1.37 0.27 1.68 1.60 1.60 1.48 1.50
0.56 0.09 0.79 2.88 5.64 -8.64 1.27 0.19 1.83 1.59 1.48 1.48 1.48
0.55 0.05 0.83 -5.36 1.89 -16.34 1.25 0.12 1.90 1.53 1.58 1.46 1.52
0.56 0.09 0.86 -12.80 0.86 -23.58 1.28 0.21 1.97 1.56 1.50 1.53 1.48
0.56 0.08 0.85 -18.17 3.75 -32.26 1.28 0.21 1.95 1.61 1.52 1.46 1.52
0.55 0.14 0.88 -19.75 11.11 -36.60 1.27 0.33 2.02 1.66 1.44 1.50 1.52
0.52 0.18 0.92 -15.39 21.02 -39.27 1.16 0.44 2.08 1.60 1.60 1.51 1.47
0.49 0.20 1.00 -12.49 37.53 -49.24 1.14 0.46 2.28 1.61 1.44 1.56 1.46
0.46 0.24 1.13 -16.15 59.32 -69.49 1.07 0.54 2.59 1.58 1.46 1.52 1.51
0.41 0.25 1.22 -31.64 89.69 -101.88 0.94 0.54 2.80 1.52 1.51 1.54 1.52
0.41 0.13 1.19 -67.60 90.74 -129.35 0.94 0.30 2.73 1.59 1.55 1.46 1.55
0.43 0.14 1.17 -101.18 90.02 -157.40 0.98 0.41 2.68 1.61 1.56 1.52 1.49
0.45 0.12 1.08 -127.23 98.94 -179.10 1.03 0.28 2.47 1.62 1.49 1.55 1.46
0.49 0.11 1.02 -154.58 90.26 -197.59 1.16 0.19 2.40 1.64 1.47 1.55 1.48
0.54 0.05 1.08 -192.70 81.63 -233.20 1.25 0.11 2.49 1.54 1.59 1.47 1.53
0.60 -0.05 1.03 -245.68 74.01 -280.02 1.33 -0.09 2.37 1.65 1.44 1.56 1.47
0.64 -0.07 0.96 -286.72 64.36 -286.72 1.31 -0.17 2.20 1.60 1.56 1.48 1.57
0.60 -0.09 0.96 -286.72 71.02 -286.72 1.37 -0.22 2.21 1.62 1.54 1.50 1.52
0.49 -0.32 0.49 -286.72 91.90 -286.72 1.40 -0.60 1.38 1.63 1.49 1.58 1.52
0.58 -0.02 0.50 -286.72 102.76 -286.72 1.33 -0.05 1.15 1.57 1.58 1.55 1.57
0.62 -0.09 0.49 -286.72 117.41 -286.72 1.38 -0.15 1.13 1.62 1.53 1.54 1.53
0.69 -0.13 0.59 -286.72 109.09 -286.72 1.57 -0.29 1.35 1.59 1.51 1.62 1.54
0.72 -0.29 0.57 -286.72 89.00 -286.72 1.67 -0.73 1.40 1.63 1.54 1.64 1.53
0.81 -0.64 0.86 -286.72 74.62 -286.72 1.86 -1.46 1.97 1.62 1.61 1.63 1.59
0.82 -0.77 0.87 -286.72 63.74 -286.72 1.82 -1.77 1.97 1.66 1.51 1.65 1.51
0.69 -0.50 0.73 -286.72 55.57 -286.72 1.58 -1.16 1.67 1.64 1.59 1.66 1.59
0.49 -0.24 0.85 -286.72 133.83 -286.72 1.13 -0.45 2.03 1.63 1.57 1.74 1.55
0.46 -0.27 0.79 -286.72 172.41 -286.72 0.92 -0.58 1.76 1.65 1.63 1.70 1.63
0.51 -0.37 0.86 -286.72 195.55 -245.46 1.16 -0.85 1.97 1.62 1.65 1.78 1.58
0.62 -0.62 0.85 -286.72 173.44 -197.98 1.46 -1.47 1.96 1.63 1.67 1.78 1.67
0.85 -0.85 0.82 -286.72 169.99 -147.15 1.95 -1.96 1.89 1.62 1.76 1.81 1.70
0.98 -0.79 0.77 -286.72 148.93 -101.55 2.25 -1.72 1.70 1.69 1.80 1.92 1.73
0.92 -0.74 0.60 -286.72 109.98 -47.21 2.11 -1.70 1.39 1.62 1.86 1.90 1.80
0.87 -0.62 0.59 -286.72 79.82 -11.81 1.98 -1.44 1.36 1.71 1.79 2.07 1.74
0.65 -0.20 0.54 -286.72 79.18 -14.98 1.48 -0.46 1.24 1.66 1.86 2.01 1.80
0.49 0.03 0.59 -286.72 101.45 -36.41 1.03 0.10 1.34 1.68 1.87 2.09 1.81
0.50 0.26 0.58 -286.72 135.35 -54.19 1.16 0.59 1.31 1.72 1.93 2.06 1.85
0.64 0.21 0.66 -241.50 173.41 -55.76 1.48 0.49 1.52 1.71 1.95 2.21 1.88
0.76 -0.03 0.52 -147.01 165.54 -49.15 1.74 0.23 1.28 1.70 2.09 2.22 2.00
0.88 -0.20 0.64 -85.09 156.19 -36.08 2.01 -0.45 1.48 1.68 2.08 2.24 1.94
0.82 -0.35 0.59 -49.60 127.18 -22.02 2.05 -0.77 1.37 1.70 2.20 2.24 1.99
0.86 -0.37 0.47 -33.28 120.66 4.65 1.97 -0.85 1.08 1.71 2.11 2.20 2.01
0.85 -0.22 0.45 -33.15 127.70 14.34 2.08 -0.43 0.90 1.80 2.14 2.25 2.07
0.91 0.05 0.34 -5.06 135.35 3.25 2.08 0.12 0.78 1.81 2.20 2.20 2.06
0.74 0.08 0.38 36.98 149.07 -11.32 1.71 0.18 0.87 1.73 2.18 2.31 2.15
0.88 -0.21 0.23 53.62 142.31 -20.07 2.00 -0.44 0.57 1.84 2.26 2.32 2.14
1.03 -0.24 0.18 63.78 127.13 -19.42 2.36 -0.56 0.42 1.85 2.27 2.36 2.16
1.06 -0.34 0.08 50.22 92.50 -1.45 2.23 -0.61 0.23 1.80 2.19 2.29 2.18
0.90 -0.18 0.08 41.26 90.26 13.75 2.07 -0.41 0.17 1.82 2.25 2.29 2.14
0.75 -0.13 0.04 43.48 93.56 14.10 1.67 -0.27 0.14 1.80 2.31 2.26 2.18
0.88 -0.06 0.03 49.53 110.39 21.34 2.02 -0.13 0.07 1.80 2.31 2.25 2.17
0.93 -0.11 -0.06 58.37 113.74 22.85 2.14 -0.21 -0.21 1.89 2.25 2.26 2.12
1.07 -0.11 -0.08 51.42 104.85 28.20 2.46 -0.23 -0.16 1.91 2.24 2.31 2.16
1.05 -0.04 -0.12 52.90 94.95 33.56 2.41 -0.10 -0.27 1.97 2.19 2.30 2.21
0.93 -0.01 -0.18 58.73 79.83 40.01 2.14 -0.04 -0.41 1.97 2.21 2.29 2.17
0.87 0.01 -0.13 53.72 78.64 45.24 1.99 0.02 -0.30 1.91 2.27 2.27 2.15
0.86 0.06 -0.26 45.10 79.59 37.90 2.01 0.14 -0.57 1.99 2.29 2.24 2.21
0.96 0.15 -0.28 38.74 87.19 30.60 2.20 0.35 -0.64 2.04 2.29 2.32 2.17
1.02 0.22 -0.33 45.35 86.87 25.17 2.23 0.02 -0.95 2.04 2.26 2.36 2.17
1.07 0.12 -0.39 37.43 84.32 24.25 2.47 0.28 -0.90 2.11 2.17 2.38 2.12
1.01 0.06 -0.37 46.63 76.54 30.33 2.31 0.13 -0.85 2.06 2.21 2.37 2.16
0.88 -0.00 -0.27 42.68 76.90 37.97 1.98 -0.04 -0.65 2.13 2.18 2.25 2.16
0.90 0.11 -0.33 29.13 78.16 38.22 2.07 0.26 -0.75 2.15 2.19 2.32 2.13
0.91 0.21 -0.35 19.79 81.84 37.13 2.08 0.49 -0.80 2.11 2.27 2.27 2.20
0.99 0.28 -0.46 18.79 84.80 29.55 2.26 0.63 -1.05 2.12 2.23 2.27 2.10
1.14 0.27 -0.55 17.11 74.36 19.96 2.59 0.63 -1.23 2.04 2.19 2.33 2.17
0.99 0.25 -0.49 21.75 49.15 14.73 2.28 0.57 -1.12 2.11 2.29 2.25 2.19
0.78 0.27 -0.36 27.96 43.18 18.28 1.79 0.61 -0.83 2.12 2.27 2.36 2.16
0.82 0.24 -0.44 35.39 53.92 23.36 1.93 0.55 -1.02 2.07 2.24 2.29 2.17
0.88 0.25 -0.51 26.25 56.13 21.44 2.03 0.58 -1.18 2.11 2.27 2.36 2.12
0.93 0.30 -0.60 19.00 49.81 17.60 2.16 0.71 -1.36 2.06 2.18 2.25 2.07
0.92 0.31 -0.57 12.14 34.49 11.38 2.11 0.70 -1.31 2.15 2.26 2.27 2.09
0.95 0.29 -0.58 9.38 22.31 3.70 2.18 0.64 -1.34 2.06 2.31 2.28 2.09
0.89 0.26 -0.49 5.62 5.35 0.17 2.02 0.60 -1.13 2.10 2.26 2.36 2.13
0.79 0.30 -0.39 6.83 6.86 0.20 1.81 0.69 -0.90 2.06 2.16 2.33 2.17
0.82 0.25 -0.38 14.79 11.85 0.60 1.90 0.55 -0.87 2.10 2.17 2.35 2.09
0.84 0.12 -0.39 12.01 9.23 -0.99 1.92 0.28 -0.90 2.06 2.23 2.36 2.07
0.90 0.15 -0.43 -2.75 12.99 4.94 2.09 0.36 -1.00 2.15 2.18 2.29 2.16
0.90 0.25 -0.43 -6.27 7.41 7.17 2.12 0.63 -0.97 2.06 2.29 2.24 2.16
0.92 0.27 -0.42 0.30 0.85 3.14 2.12 0.63 -0.96 2.15 2.18 2.30 2.13
0.90 0.26 -0.37 2.48 -3.07 -3.74 2.05 0.58 -0.86 2.12 2.14 2.30 2.16
0.91 0.20 -0.39 6.41 -2.45 -5.73 2.10 0.47 -0.89 2.05 2.24 2.33 2.14
0.87 0.16 -0.34 4.73 -3.80 -5.66 1.99 0.35 -0.78 2.13 2.23 2.24 2.15
0.86 0.13 -0.33 0.46 -0.91 -2.28 1.98 0.29 -0.76 2.05 2.13 2.30 2.14
0.92 0.19 -0.36 -2.81 1.18 1.50 2.11 0.43 -0.82 2.10 2.27 2.30 2.06
0.93 0.18 -0.36 -1.17 -2.20 1.89 2.12 0.42 -0.81 2.07 2.29 2.25 2.18
0.89 0.21 -0.32 -2.96 -3.92 0.00 2.05 0.48 -0.74 2.14 2.15 2.36 2.05
0.92 0.22 -0.34 2.30 -3.03 -1.86 2.11 0.51 -0.79 2.10 2.19 2.21 2.06
0.92 0.16 -0.34 5.59 -5.64 -4.84 2.09 0.37 -0.77 2.05 2.21 2.28 2.14
0.88 0.13 -0.34 6.26 -4.79 -3.18 2.03 0.30 -0.78 2.04 2.21 2.28 2.08
0.92 0.14 -0.37 6.02 -5.31 -1.03 2.12 0.32 -0.83 2.13 2.15 2.32 2.08
0.90 0.18 -0.35 4.45 -7.69 1.23 2.06 0.45 -0.80 2.01 2.27 2.22 2.15
0.90 0.21 -0.34 6.03 -7.53 1.77 2.07 0.48 -0.79 2.05 2.18 2.34 2.05
0.89 0.20 -0.31 5.53 -9.73 -0.06 2.05 0.47 -0.70 2.03 2.17 2.36 2.11
0.91 0.21 -0.29 6.02 -7.53 -0.61 2.10 0.47 -0.68 2.11 2.21 2.27 2.07
0.93 0.17 -0.27 3.93 -7.18 -1.06 2.13 0.38 -0.63 2.11 2.14 2.29 2.13
0.97 0.22 -0.29 1.18 -5.99 -2.17 2.23 0.51 -0.67 2.05 2.21 2.26 2.15
0.96 0.22 -0.28 5.43 -7.34 -3.54 2.21 0.50 -0.64 2.11 2.16 2.26 2.13
0.92 0.20 -0.25 9.27 -7.63 -5.15 2.10 0.44 -0.58 2.06 2.21 2.26 2.12
0.87 0.13 -0.22 7.66 -4.95 -3.93 2.00 0.30 -0.51 2.06 2.17 2.32 2.06
0.90 0.11 -0.24 1.78 1.49 1.58 2.07 0.26 -0.56 2.01 2.23 2.29 2.10
0.96 0.23 -0.30 -2.68 4.93 4.23 2.19 0.55 -0.68 2.07 2.27 2.21 2.17
0.98 0.25 -0.33 -0.77 4.27 0.78 2.25 0.57 -0.75 2.03 2.21 2.30 2.13
0.97 0.25 -0.34 -1.68 -0.32 -3.75 2.21 0.57 -0.79 2.01 2.25 2.25 2.14
0.95 0.21 -0.34 -1.97 -3.77 -5.64 2.17 0.47 -0.78 2.11 2.23 2.30 2.13
0.92 0.23 -0.35 -4.13 -6.41 -5.57 2.11 0.52 -0.80 2.00 2.26 2.24 2.12
0.80 0.24 -0.29 -3.48 -3.88 -4.59 1.82 0.55 -0.68 2.07 2.20 2.24 2.14
0.85 0.21 -0.35 -4.91 4.93 -1.78 1.95 0.48 -0.81 2.09 2.21 2.27 2.11
0.88 0.28 -0.43 -11.10 5.28 -0.79 2.03 0.67 -0.99 2.05 2.26 2.23 2.15
0.98 0.35 -0.53 -11.86 -0.06 -2.90 2.27 0.81 -1.20 2.08 2.19 2.25 2.09
0.92 0.37 -0.54 -13.22 -15.27 -9.08 2.11 0.85 -1.24 2.09 2.23 2.31 2.08
0.90 0.41 -0.59 -14.56 -22.56 -15.51 2.09 0.94 -1.37 2.14 2.16 2.33 2.07
0.93 0.51 -0.72 -15.36 -33.23 -22.65 2.14 1.18 -1.66 2.09 2.24 2.29 2.08
0.96 0.42 -0.81 -19.09 -50.91 -29.58 2.22 0.97 -1.90 2.07 2.13 2.24 2.12
0.94 0.41 -0.88 -28.67 -73.48 -38.79 2.15 0.94 -2.02 2.06 2.11 2.35 2.03
0.80 0.39 -0.86 -40.30 -91.15 -46.18 1.79 0.91 -1.96 2.09 2.22 2.27 2.05
0.69 0.40 -0.82 -48.07 -99.64 -53.72 1.43 0.87 -1.88 2.02 2.18 2.32 2.05
0.61 0.32 -0.79 -51.62 -95.12 -57.48 1.40 0.74 -1.82 2.03 2.24 2.30 2.12
0.76 0.34 -0.85 -57.27 -92.64 -60.89 1.91 0.79 -1.87 1.93 2.25 2.21 2.08
0.91 0.29 -0.86 -65.22 -109.47 -69.97 2.08 0.67 -1.97 2.02 2.18 2.20 2.10
0.95 0.35 -0.85 -59.84 -140.98 -85.89 2.19 0.86 -1.93 1.96 2.12 2.21 2.04
0.90 0.47 -0.74 -41.98 -171.43 -109.07 2.06 1.08 -1.70 1.85 2.21 2.19 2.11
0.81 0.54 -0.61 -14.53 -181.29 -138.92 1.84 1.33 -1.39 1.81 2.14 2.29 2.10
0.73 0.39 -0.35 16.27 -194.26 -169.97 1.68 0.89 -0.81 1.87 2.13 2.18 2.04
0.61 -0.36 -0.07 34.13 -210.16 -171.40 1.39 -0.93 -0.09 1.83 2.10 2.20 2.01
0.63 -0.74 0.28 22.18 -214.00 -118.46 1.45 -1.70 0.65 1.81 2.08 2.12 1.93
0.64 -0.70 0.43 -17.95 -187.32 -80.61 1.46 -1.60 0.99 1.82 2.07 2.15 1.97
0.71 -0.41 0.38 -37.89 -160.56 -66.06 1.66 -0.84 0.86 1.80 2.04 2.01 1.91
0.71 -0.14 0.28 -22.50 -136.71 -83.64 1.63 -0.32 0.64 1.71 2.00 2.01 1.81
0.95 -0.25 0.53 99.19 -238.11 -127.22 2.07 -0.75 1.25 1.72 1.90 2.00 1.79
0.75 -0.39 0.43 185.55 -286.72 -115.49 1.73 -0.89 0.98 1.70 1.85 1.90 1.74
0.68 -0.85 0.55 237.15 -286.72 -79.18 1.75 -1.95 1.31 1.66 1.94 1.83 1.78
0.74 -1.01 0.49 227.02 -286.72 -20.89 1.69 -2.32 1.13 1.75 1.80 1.78 1.70
0.72 -1.00 0.58 267.50 -286.72 30.75 1.51 -2.29 1.26 1.71 1.76 1.81 1.68
0.70 -1.03 0.58 286.68 -286.72 87.68 1.60 -2.37 1.33 1.63 1.80 1.73 1.66
0.61 -0.91 0.52 286.68 -255.76 145.56 1.40 -2.10 1.20 1.63 1.75 1.74 1.59
0.65 -0.97 0.48 286.68 -206.51 198.16 1.41 -2.12 1.07 1.61 1.65 1.71 1.65
0.47 -1.16 0.49 286.68 -167.85 239.80 1.09 -2.67 1.13 1.62 1.66 1.69 1.61
0.45 -1.59 0.39 286.68 -149.96 253.88 0.97 -3.89 0.86 1.62 1.68 1.61 1.60
0.51 -2.00 0.78 286.68 -134.96 256.80 1.17 -4.59 1.78 1.62 1.53 1.67 1.53
0.63 -1.94 0.92 286.68 -146.13 248.36 1.41 -4.36 2.05 1.61 1.59 1.59 1.55
0.57 -1.53 0.83 286.68 -141.06 255.94 1.31 -3.52 1.89 1.69 1.54 1.61 1.52
0.63 -1.14 0.54 260.81 -113.01 267.82 1.48 -2.49 1.16 1.63 1.59 1.60 1.48
0.66 -0.95 0.27 281.51 -103.35 286.59 1.51 -2.19 0.61 1.64 1.58 1.60 1.55
0.75 -0.81 0.07 286.68 -98.59 286.68 1.68 -1.96 0.11 1.60 1.50 1.63 1.47
0.84 -0.98 -0.02 286.68 -123.40 286.68 1.90 -2.30 -0.14 1.62 1.53 1.53 1.53
0.70 -1.38 0.02 286.68 -150.21 286.68 1.60 -3.16 0.04 1.58 1.50 1.56 1.52
0.51 -1.60 0.14 286.68 -200.00 286.68 1.12 -3.73 0.35 1.61 1.55 1.55 1.53
0.56 -1.41 0.52 267.56 -216.94 286.68 1.27 -3.24 1.19 1.56 1.58 1.48 1.55
0.57 -1.09 0.27 172.49 -238.24 286.68 1.22 -2.38 0.58 1.64 1.47 1.56 1.46
0.47 -0.57 0.12 133.52 -263.65 286.68 1.08 -1.30 0.28 1.55 1.59 1.48 1.48
0.36 -0.47 -0.07 164.76 -267.12 286.68 0.75 -1.00 -0.20 1.55 1.47 1.52 1.54
0.12 -0.35 0.03 234.47 -266.57 286.68 0.28 -0.81 0.07 1.57 1.52 1.50 1.50
-0.14 -0.51 0.33 253.00 -254.24 286.68 -0.37 -1.16 0.93 1.61 1.56 1.53 1.52
-0.20 -0.22 1.00 193.70 -221.87 260.33 -0.49 -0.50 2.48 1.64 1.48 1.46 1.54
-0.32 0.13 1.37 109.77 -181.43 193.99 -0.74 0.30 3.14 1.63 1.45 1.44 1.52
-0.41 0.49 1.39 65.95 -121.52 143.54 -0.99 1.11 3.36 1.62 1.54 1.48 1.50
-0.45 0.60 1.49 65.73 -89.08 116.31 -1.04 1.39 3.42 1.58 1.54 1.45 1.54
-0.28 0.51 1.70 88.79 -64.29 101.25 -0.67 1.12 3.89 1.59 1.55 1.44 1.52
-0.16 0.31 1.82 96.75 -39.03 87.77 -0.37 0.72 4.17 1.54 1.56 1.50 1.46
-0.02 0.09 1.92 73.08 -37.96 57.52 -0.02 0.14 4.39 1.64 1.44 1.53 1.49
0.12 -0.11 1.90 24.13 -27.26 17.35 0.28 -0.25 4.36 1.55 1.46 1.49 1.54
0.17 -0.08 1.80 -9.71 -20.61 -5.14 0.40 -0.15 4.10 1.55 1.55 1.47 1.49
0.29 0.00 1.64 -11.02 5.18 -10.07 0.69 -0.01 3.73 1.57 1.50 1.52 1.54
0.47 0.05 1.48 2.53 25.68 -1.86 1.08 0.11 3.40 1.58 1.44 1.49 1.54
0.60 -0.05 1.35 17.33 44.78 8.08 1.40 -0.13 3.04 1.53 1.56 1.46 1.52
0.72 -0.13 1.18 17.50 47.87 15.60 1.65 -0.29 2.72 1.61 1.56 1.47 1.45
0.75 -0.14 1.10 9.42 42.72 17.38 1.76 -0.31 2.51 1.54 1.58 1.44 1.54
0.74 -0.08 1.00 -8.57 30.84 9.07 1.71 -0.18 2.25 1.64 1.52 1.46 1.50
0.74 0.00 0.87 -26.24 15.25 -2.90 1.69 0.01 1.99 1.64 1.44 1.49 1.52
0.70 0.05 0.75 -36.52 0.51 -12.40 1.60 0.13 1.70 1.64 1.44 1.55 1.45
0.66 0.07 0.71 -29.83 -8.51 -13.79 1.52 0.16 1.63 1.66 1.45 1.54 1.45
0.61 0.05 0.75 -16.47 -10.02 -11.00 1.43 0.08 1.73 1.60 1.58 1.45 1.48
0.60 -0.03 0.80 -8.39 -4.79 -11.24 1.39 -0.06 1.84 1.61 1.53 1.52 1.50
0.60 -0.10 0.83 -11.81 0.52 -12.11 1.39 -0.23 1.90 1.57 1.46 1.50 1.53
0.58 -0.07 0.77 -22.28 1.66 -15.10 1.34 -0.16 1.74 1.58 1.53 1.49 1.49
0.56 -0.01 0.70 -24.38 -0.67 -15.86 1.29 -0.02 1.60 1.61 1.51 1.46 1.50
0.54 -0.00 0.69 -17.24 -2.43 -13.73 1.24 -0.01 1.59 1.54 1.58 1.45 1.53
0.54 -0.02 0.72 -8.79 -3.81 -9.07 1.25 -0.05 1.65 1.56 1.50 1.49 1.50
0.58 -0.02 0.73 -5.73 -1.98 -7.20 1.34 -0.04 1.67 1.59 1.47 1.46 1.52
0.60 -0.03 0.73 -5.71 -0.32 -7.25 1.38 -0.07 1.67 1.62 1.42 1.52 1.49
0.60 -0.03 0.72 -7.29 1.72 -9.21 1.39 -0.06 1.66 1.60 1.46 1.53 1.46
0.58 -0.01 0.75 -8.58 4.47 -11.01 1.35 -0.04 1.73 1.61 1.59 1.48 1.46
0.58 -0.03 0.76 -8.71 8.78 -10.74 1.34 -0.06 1.75 1.59 1.44 1.50 1.52
0.59 -0.00 0.77 -7.07 9.85 -8.25 1.37 -0.01 1.77 1.61 1.53 1.44 1.52
0.62 0.01 0.74 -6.25 10.57 -6.55 1.43 0.03 1.70 1.63 1.45 1.48 1.55
0.66 0.01 0.73 -5.54 9.04 -7.18 1.51 0.02 1.68 1.60 1.52 1.50 1.50
0.67 -0.03 0.76 -6.04 6.54 -9.42 1.52 -0.09 1.73 1.62 1.53 1.51 1.51
0.63 -0.08 0.79 -8.92 7.64 -13.07 1.41 -0.19 1.82 1.60 1.47 1.47 1.48
0.64 -0.10 0.83 -10.88 5.35 -12.03 1.46 -0.24 1.89 1.64 1.58 1.52 1.53
0.64 -0.07 0.81 -14.29 4.48 -9.84 1.46 -0.14 1.87 1.62 1.59 1.47 1.46
0.64 -0.02 0.80 -9.62 9.48 -7.16 1.47 -0.05 1.83 1.59 1.53 1.54 1.48
0.64 -0.00 0.79 -2.00 10.68 -1.45 1.46 -0.00 1.82 1.56 1.52 1.52 1.48
0.63 -0.02 0.81 3.62 9.30 1.25 1.44 -0.06 1.86 1.54 1.59 1.47 1.54
0.63 -0.08 0.83 0.91 5.84 -0.98 1.45 -0.19 1.91 1.60 1.56 1.46 1.57
0.63 -0.08 0.83 -7.32 0.81 -4.72 1.45 -0.18 1.92 1.62 1.55 1.52 1.48
0.65 -0.06 0.79 -13.12 -1.69 -7.11 1.49 -0.15 1.82 1.63 1.54 1.52 1.53
0.65 -0.03 0.76 -13.71 -2.69 -7.24 1.50 -0.06 1.74 1.66 1.49 1.50 1.49
0.64 0.00 0.76 -7.36 0.30 -4.32 1.46 0.01 1.76 1.59 1.56 1.46 1.57
0.60 0.02 0.79 1.03 6.59 -1.06 1.38 0.05 1.81 1.58 1.51 1.48 1.50
0.57 0.00 0.83 5.02 9.71 -0.63 1.31 0.01 1.90 1.68 1.44 1.50 1.50
0.54 0.02 0.89 3.31 10.63 -5.42 1.23 0.05 2.05 1.56 1.49 1.55 1.53
0.52 0.05 0.95 -0.88 13.13 -13.32 1.19 0.10 2.22 1.54 1.51 1.54 1.53
0.48 0.05 0.96 -9.48 16.42 -22.31 1.10 0.10 2.20 1.68 1.44 1.53 1.50
0.49 0.10 0.98 -14.20 22.09 -27.24 1.12 0.24 2.25 1.60 1.45 1.55 1.46
0.51 0.04 0.98 -15.20 25.42 -31.51 1.16 0.09 2.23 1.59 1.48 1.56 1.47
0.50 0.03 1.04 -21.88 30.91 -41.21 1.15 0.07 2.39 1.58 1.46 1.47 1.48
0.46 0.06 1.11 -35.94 45.40 -58.68 1.07 0.14 2.58 1.58 1.59 1.48 1.50
0.44 0.15 1.15 -51.47 71.82 -83.58 1.01 0.35 2.64 1.55 1.58 1.49 1.51
0.40 0.24 1.15 -61.49 97.97 -105.93 0.93 0.54 2.64 1.57 1.54 1.50 1.48
0.40 0.24 1.13 -67.00 121.48 -124.25 0.92 0.58 2.61 1.64 1.44 1.54 1.48
0.40 0.16 1.10 -72.88 136.79 -139.65 0.92 0.37 2.53 1.56 1.60 1.50 1.50
0.49 0.05 1.13 -86.35 151.29 -161.70 1.14 0.06 2.57 1.58 1.49 1.52 1.52
0.60 -0.04 1.05 -118.09 154.00 -185.10 1.38 -0.08 2.41 1.58 1.55 1.52 1.53
0.64 -0.21 1.00 -148.75 149.47 -203.15 1.55 -0.35 2.40 1.59 1.47 1.54 1.55
0.69 -0.33 0.92 -190.98 129.39 -214.07 1.57 -0.76 2.10 1.56 1.61 1.48 1.54
0.73 -0.45 0.87 -263.97 84.67 -234.73 1.82 -0.98 2.00 1.57 1.60 1.50 1.53
0.79 -0.32 0.82 -286.72 75.03 -258.09 1.81 -0.73 1.88 1.64 1.46 1.56 1.47
0.76 -0.24 0.69 -286.72 69.71 -274.71 1.74 -0.56 1.58 1.67 1.48 1.52 1.58
0.71 -0.19 0.62 -286.72 67.18 -281.30 1.69 -0.40 1.35 1.66 1.58 1.59 1.54
0.73 -0.09 0.57 -286.72 82.63 -274.85 1.68 -0.21 1.30 1.68 1.58 1.54 1.50
0.69 -0.19 0.65 -286.72 99.49 -263.67 1.55 -0.38 1.52 1.67 1.57 1.53 1.53
0.69 -0.35 0.71 -286.72 108.96 -250.13 1.59 -0.81 1.64 1.66 1.60 1.55 1.52
0.76 -0.55 0.72 -286.72 100.41 -238.96 1.74 -1.31 1.65 1.61 1.60 1.65 1.52
0.82 -0.61 0.71 -286.72 93.50 -226.91 1.88 -1.41 1.62 1.62 1.60 1.65 1.55
0.81 -0.46 0.60 -286.72 75.92 -225.72 1.85 -1.07 1.31 1.66 1.57 1.63 1.58
0.72 -0.32 0.50 -286.72 72.32 -234.23 1.68 -0.75 1.14 1.66 1.53 1.71 1.52
0.68 -0.18 0.56 -286.72 94.93 -241.04 1.56 -0.42 1.28 1.72 1.54 1.69 1.56
0.65 -0.21 0.61 -286.72 107.65 -256.69 1.39 -0.47 1.47 1.69 1.61 1.61 1.56
0.65 -0.56 0.70 -286.72 112.21 -255.85 1.48 -1.28 1.60 1.61 1.66 1.66 1.59
0.67 -0.39 0.51 -286.72 84.54 -210.42 1.42 -0.88 1.18 1.63 1.62 1.74 1.58
0.75 -0.44 0.71 -286.72 83.49 -155.68 1.72 -1.02 1.63 1.67 1.61 1.70 1.63
0.82 -0.50 0.76 -286.72 75.63 -113.73 1.88 -1.16 1.71 1.68 1.61 1.74 1.60
0.79 -0.47 0.75 -286.72 65.25 -87.65 1.82 -1.07 1.71 1.71 1.65 1.74 1.71
0.75 -0.43 0.74 -284.94 61.67 -75.74 1.70 -0.97 1.73 1.63 1.66 1.77 1.68
0.66 -0.47 0.73 -276.34 62.33 -74.59 1.51 -1.09 1.68 1.69 1.76 1.79 1.65
0.57 -0.33 0.58 -277.77 64.22 -59.89 1.32 -0.75 1.34 1.64 1.74 1.86 1.67
0.62 -0.27 0.59 -263.57 84.89 -31.14 1.47 -0.58 1.41 1.72 1.70 1.91 1.71
0.61 -0.17 0.63 -240.51 110.78 -12.55 1.41 -0.40 1.45 1.71 1.74 1.89 1.69
0.62 -0.21 0.74 -204.53 132.11 -12.52 1.42 -0.49 1.62 1.71 1.74 1.96 1.73
0.68 -0.18 0.62 -177.48 135.38 -27.34 1.55 -0.40 1.42 1.69 1.85 2.03 1.76
0.79 -0.22 0.61 -151.04 137.09 -31.12 1.83 -0.47 1.40 1.74 1.79 2.03 1.82
0.83 -0.28 0.46 -120.83 139.90 -25.61 1.91 -0.65 1.07 1.66 1.86 2.11 1.74
0.91 -0.25 0.34 -105.26 143.95 -12.36 2.16 -0.54 0.80 1.73 1.85 2.03 1.80
0.84 -0.19 0.32 -79.74 149.36 3.54 1.90 -0.43 0.72 1.67 2.01 2.08 1.79
0.81 -0.11 0.22 -58.50 151.14 6.40 1.87 -0.26 0.50 1.70 1.98 2.16 1.82
0.83 -0.17 0.20 -40.49 140.28 -2.67 1.94 -0.33 0.39 1.71 1.97 2.11 1.85
0.89 -0.10 0.19 -34.11 129.80 -7.84 2.03 -0.23 0.43 1.78 1.97 2.20 1.88
0.98 -0.18 0.16 -18.06 116.26 -9.82 2.26 -0.48 0.31 1.81 2.00 2.23 1.92
0.99 -0.16 0.04 -13.53 87.95 -4.98 2.27 -0.37 0.09 1.79 2.05 2.15 2.00
0.91 -0.14 0.04 -6.61 75.94 5.30 2.08 -0.33 0.11 1.78 2.05 2.24 1.97
0.97 -0.14 0.03 -5.87 74.86 11.34 2.26 -0.26 0.04 1.72 2.08 2.23 2.05
0.93 0.01 0.04 1.92 87.09 14.03 2.14 0.02 0.09 1.73 2.19 2.17 2.11
0.81 0.02 -0.03 7.68 102.24 8.98 1.98 -0.02 -0.13 1.74 2.16 2.28 2.10
0.95 -0.01 -0.09 4.46 103.71 7.18 2.18 -0.02 -0.20 1.80 2.17 2.26 2.06
1.01 -0.05 -0.20 6.24 97.91 9.24 2.37 -0.00 -0.37 1.79 2.23 2.27 2.04
1.05 -0.06 -0.21 10.22 88.92 17.41 2.41 -0.11 -0.48 1.82 2.15 2.29 2.12
1.03 0.00 -0.20 11.49 71.46 22.12 2.37 0.00 -0.46 1.87 2.13 2.32 2.09
0.94 0.10 -0.26 13.86 59.32 16.61 2.11 0.22 -0.57 1.80 2.27 2.24 2.07
0.86 0.05 -0.19 20.81 59.26 12.52 1.97 0.12 -0.44 1.84 2.24 2.28 2.14
0.91 0.03 -0.19 34.39 51.13 10.73 2.09 0.06 -0.41 1.80 2.25 2.34 2.14
0.97 -0.00 -0.19 34.52 42.53 12.85 2.22 -0.00 -0.44 1.80 2.17 2.25 2.15
0.92 0.07 -0.16 20.97 54.52 16.47 2.15 0.21 -0.40 1.86 2.18 2.27 2.13
0.92 0.09 -0.20 21.67 62.84 21.93 2.13 0.19 -0.46 1.88 2.18 2.23 2.10
0.99 0.15 -0.33 23.56 61.20 21.86 2.28 0.34 -0.76 1.85 2.25 2.23 2.19
1.03 0.14 -0.30 28.23 53.25 18.80 2.39 0.33 -0.73 1.86 2.27 2.21 2.19
1.02 0.16 -0.29 36.68 45.29 18.61 2.34 0.36 -0.67 1.92 2.18 2.32 2.16
0.94 0.17 -0.29 41.33 30.09 15.65 2.11 0.48 -0.70 1.86 2.23 2.34 2.10
0.92 0.18 -0.30 52.62 27.52 10.97 2.12 0.42 -0.68 1.98 2.16 2.30 2.16
0.93 0.14 -0.27 56.92 31.64 8.18 2.25 0.47 -0.71 1.92 2.24 2.30 2.10
1.03 0.12 -0.32 66.68 21.01 13.75 2.36 0.28 -0.73 1.92 2.17 2.30 2.20
1.09 0.15 -0.35 63.16 8.35 16.34 2.50 0.35 -0.80 2.03 2.19 2.37 2.10
1.03 0.22 -0.32 64.78 -3.89 17.01 2.36 0.50 -0.76 1.93 2.21 2.32 2.17
1.00 0.26 -0.31 66.05 -11.15 15.12 2.30 0.59 -0.72 2.01 2.26 2.22 2.21
0.99 0.20 -0.31 54.75 -14.43 8.64 2.26 0.44 -0.67 2.10 2.16 2.37 2.11
0.96 0.18 -0.28 39.06 -8.65 6.57 2.21 0.40 -0.64 2.10 2.21 2.24 2.14
1.01 0.23 -0.27 24.11 -3.56 6.88 2.32 0.54 -0.63 2.06 2.26 2.32 2.16
1.02 0.29 -0.29 14.03 -4.30 8.98 2.33 0.65 -0.65 2.01 2.21 2.28 2.12
0.99 0.31 -0.24 12.42 -2.64 11.17 2.27 0.70 -0.55 2.03 2.23 2.33 2.10
0.98 0.29 -0.23 12.05 -0.99 10.94 2.25 0.65 -0.52 2.04 2.24 2.27 2.15
0.95 0.25 -0.20 8.40 2.42 10.96 2.18 0.57 -0.46 2.10 2.27 2.30 2.10
0.97 0.27 -0.21 -1.11 6.94 5.68 2.25 0.63 -0.50 2.12 2.16 2.22 2.13
1.03 0.25 -0.27 -2.20 5.68 3.33 2.37 0.56 -0.61 2.03 2.19 2.23 2.09
1.00 0.22 -0.26 -4.27 -2.33 2.51 2.30 0.51 -0.60 2.07 2.19 2.30 2.11
0.98 0.24 -0.24 -8.84 -3.31 -0.27 2.24 0.55 -0.55 2.01 2.15 2.27 2.15
0.96 0.24 -0.22 -6.58 -4.02 -2.20 2.19 0.55 -0.50 2.10 2.14 2.26 2.18
0.94 0.22 -0.18 -5.70 -2.56 -2.10 2.14 0.50 -0.42 2.11 2.18 2.25 2.18
0.98 0.20 -0.17 -5.62 3.21 -1.45 2.24 0.46 -0.41 2.10 2.14 2.28 2.16
0.99 0.20 -0.20 -6.28 3.58 -3.64 2.28 0.45 -0.47 2.10 2.17 2.30 2.11
0.97 0.17 -0.19 -5.19 2.64 -4.58 2.21 0.38 -0.42 2.07 2.18 2.29 2.10
0.95 0.14 -0.17 -5.99 5.34 -4.40 2.18 0.33 -0.38 2.13 2.15 2.37 2.05
0.96 0.15 -0.18 -6.10 5.89 -5.10 2.20 0.34 -0.41 2.12 2.23 2.22 2.11
0.97 0.14 -0.17 -7.53 3.82 -7.74 2.22 0.35 -0.39 2.05 2.19 2.29 2.13
0.96 0.19 -0.16 -6.65 3.64 -9.98 2.20 0.43 -0.37 2.13 2.12 2.37 2.06
0.96 0.17 -0.15 -3.54 1.31 -12.96 2.19 0.38 -0.34 2.10 2.16 2.33 2.05
0.93 0.13 -0.11 -0.31 -1.86 -15.10 2.13 0.30 -0.26 1.99 2.28 2.25 2.11
0.90 0.11 -0.09 3.27 -2.98 -13.08 2.07 0.28 -0.21 2.08 2.14 2.24 2.12
0.90 0.11 -0.09 2.72 -1.54 -10.81 2.07 0.25 -0.21 2.04 2.22 2.26 2.11
0.90 0.12 -0.10 2.70 -0.04 -8.99 2.06 0.26 -0.23 2.00 2.29 2.25 2.07
0.88 0.12 -0.11 4.22 1.38 -7.70 2.03 0.27 -0.25 2.05 2.22 2.30 2.14
0.92 0.10 -0.14 5.49 3.97 -5.43 2.11 0.22 -0.32 2.11 2.13 2.33 2.05
0.92 0.07 -0.15 7.60 -1.58 -2.07 2.09 0.15 -0.33 2.10 2.15 2.32 2.07
0.88 0.08 -0.14 9.40 -3.79 3.46 2.03 0.17 -0.32 2.08 2.21 2.30 2.11
0.89 0.07 -0.14 8.03 -2.13 9.10 2.04 0.15 -0.32 1.98 2.26 2.22 2.17
0.88 0.08 -0.14 2.86 0.29 13.71 2.04 0.20 -0.31 2.12 2.13 2.33 2.07
0.97 0.14 -0.19 -0.90 1.23 16.32 2.22 0.32 -0.43 2.07 2.22 2.22 2.06
1.01 0.20 -0.24 -0.32 -4.31 17.14 2.31 0.44 -0.55 2.00 2.17 2.32 2.06
0.97 0.21 -0.23 4.04 -12.05 14.74 2.21 0.46 -0.51 1.99 2.17 2.32 2.13
0.91 0.18 -0.17 5.82 -13.54 11.69 2.08 0.42 -0.40 2.01 2.20 2.31 2.14
0.90 0.16 -0.14 4.48 -9.96 8.44 2.08 0.38 -0.33 2.05 2.23 2.29 2.14
0.95 0.17 -0.16 5.87 -5.90 8.19 2.18 0.39 -0.37 2.03 2.17 2.27 2.07
0.98 0.15 -0.16 4.78 -7.00 6.60 2.25 0.33 -0.36 1.99 2.21 2.24 2.10
0.97 0.13 -0.12 -0.98 -7.06 5.89 2.22 0.29 -0.28 1.99 2.16 2.21 2.07
1.00 0.16 -0.12 -5.71 -5.88 5.35 2.29 0.37 -0.27 2.05 2.17 2.23 2.11
1.00 0.21 -0.13 -3.94 -6.29 2.91 2.30 0.47 -0.32 1.97 2.13 2.27 2.16
0.99 0.20 -0.12 1.86 -7.98 -0.21 2.26 0.47 -0.28 2.05 2.12 2.24 2.17
0.96 0.18 -0.10 4.14 -7.31 -2.65 2.20 0.40 -0.23 1.98 2.20 2.27 2.16
0.94 0.17 -0.09 3.77 -4.30 -4.24 2.16 0.40 -0.20 2.03 2.13 2.26 2.16
0.96 0.17 -0.10 4.90 -0.18 -4.75 2.19 0.38 -0.22 2.08 2.16 2.21 2.14
0.97 0.16 -0.11 3.91 1.71 -4.39 2.23 0.36 -0.26 2.06 2.24 2.30 2.16
0.95 0.17 -0.11 3.48 3.58 -4.17 2.18 0.39 -0.26 2.10 2.14 2.19 2.05
0.98 0.17 -0.14 3.80 6.14 -5.82 2.26 0.39 -0.33 1.98 2.16 2.27 2.14
1.01 0.16 -0.17 5.55 1.97 -7.60 2.33 0.36 -0.39 2.00 2.12 2.21 2.11
0.98 0.15 -0.16 6.85 -3.37 -7.47 2.26 0.35 -0.37 2.07 2.11 2.32 2.07
0.95 0.16 -0.14 5.90 -4.78 -6.64 2.17 0.36 -0.31 2.02 2.12 2.22 2.11
0.94 0.16 -0.12 4.42 -2.26 -5.80 2.16 0.36 -0.29 2.05 2.22 2.22 2.08
0.96 0.18 -0.14 3.67 0.50 -4.75 2.20 0.41 -0.32 2.07 2.15 2.21 2.13
0.99 0.19 -0.16 5.54 -0.01 -3.93 2.29 0.44 -0.38 2.08 2.11 2.32 2.03
0.97 0.17 -0.14 8.85 -2.41 -2.75 2.22 0.40 -0.32 1.97 2.19 2.31 2.07
0.96 0.15 -0.11 8.21 -1.31 -1.41 2.20 0.36 -0.26 2.02 2.20 2.28 2.11
0.99 0.18 -0.13 6.86 -0.04 -0.90 2.28 0.41 -0.30 2.04 2.23 2.20 2.11
1.01 0.17 -0.14 6.26 -1.90 0.35 2.32 0.40 -0.32 1.96 2.25 2.24 2.05
0.97 0.19 -0.11 4.77 -4.87 1.48 2.22 0.44 -0.25 1.97 2.13 2.19 2.05
0.93 0.23 -0.08 3.15 -2.59 1.15 2.14 0.52 -0.19 1.96 2.28 2.17 2.16
0.93 0.25 -0.08 1.80 1.58 -1.09 2.13 0.58 -0.18 2.07 2.12 2.31 2.04
0.97 0.25 -0.11 2.91 6.01 -2.44 2.23 0.55 -0.26 2.05 2.20 2.27 2.14
0.99 0.21 -0.13 2.38 5.03 -2.46 2.28 0.47 -0.31 1.95 2.18 2.28 2.12
0.98 0.21 -0.14 0.50 3.20 -1.37 2.26 0.47 -0.33 1.97 2.20 2.26 2.07
0.98 0.21 -0.16 0.31 0.60 -2.08 2.24 0.47 -0.36 2.05 2.13 2.22 2.09
0.97 0.20 -0.17 1.68 -2.15 -3.19 2.18 0.45 -0.35 1.97 2.11 2.18 2.09
0.92 0.18 -0.13 3.39 -1.57 -3.93 2.11 0.40 -0.31 1.95 2.25 2.18 2.14
0.94 0.18 -0.14 3.84 2.09 -4.12 2.16 0.41 -0.33 1.96 2.26 2.19 2.13
0.97 0.16 -0.16 5.46 2.92 -3.18 2.24 0.35 -0.36 2.02 2.18 2.18 2.12
0.97 0.15 -0.15 5.54 1.63 -1.75 2.22 0.34 -0.34 2.06 2.13 2.29 2.04
0.97 0.14 -0.15 4.87 1.13 0.05 2.22 0.31 -0.34 1.99 2.15 2.31 2.05
0.97 0.15 -0.16 2.93 -0.56 1.58 2.24 0.35 -0.37 1.96 2.15 2.26 2.12
0.99 0.17 -0.17 2.42 -3.89 1.99 2.27 0.39 -0.39 1.96 2.11 2.19 2.05
0.97 0.18 -0.15 2.61 -7.86 1.09 2.21 0.41 -0.32 1.97 2.23 2.19 2.13
0.94 0.19 -0.11 4.05 -8.61 -0.83 2.16 0.45 -0.25 1.98 2.10 2.26 2.12
0.95 0.17 -0.09 6.46 -6.89 -2.36 2.17 0.40 -0.22 1.98 2.12 2.21 2.06
0.95 0.14 -0.08 6.55 -5.61 -2.46 2.18 0.32 -0.19 2.00 2.13 2.23 2.06
0.97 0.12 -0.08 4.38 -5.07 0.11 2.24 0.27 -0.19 1.97 2.10 2.24 2.14
0.98 0.14 -0.07 0.13 -5.42 3.33 2.26 0.32 -0.18 2.05 2.20 2.21 2.10
0.97 0.19 -0.07 -1.58 -4.45 4.95 2.23 0.44 -0.17 1.95 2.14 2.26 2.14
0.97 0.23 -0.08 -0.02 -1.75 3.90 2.22 0.54 -0.17 2.07 2.15 2.21 2.13
0.97 0.22 -0.08 1.74 -0.14 1.27 2.24 0.50 -0.19 2.00 2.14 2.21 2.11
0.97 0.20 -0.09 1.93 -0.17 -0.36 2.24 0.46 -0.22 1.95 2.24 2.18 2.15
0.96 0.18 -0.09 0.21 -0.78 -0.30 2.21 0.41 -0.21 2.07 2.11 2.19 2.16
0.97 0.17 -0.10 -2.31 0.38 0.93 2.22 0.39 -0.23 2.00 2.18 2.20 2.09
0.99 0.19 -0.12 -4.88 0.33 1.31 2.27 0.44 -0.28 2.05 2.11 2.29 2.14
0.98 0.21 -0.13 -5.22 -0.87 0.40 2.25 0.49 -0.29 1.96 2.25 2.18 2.11
0.96 0.20 -0.12 -4.71 -0.31 -1.33 2.21 0.46 -0.27 2.00 2.21 2.17 2.15
0.96 0.18 -0.11 -4.66 0.02 -2.24 2.21 0.40 -0.26 1.96 2.18 2.24 2.10
0.96 0.15 -0.11 -4.34 1.09 -1.81 2.20 0.34 -0.25 1.95 2.17 2.23 2.08
0.96 0.13 -0.11 -5.56 1.52 -1.17 2.20 0.31 -0.25 2.03 2.11 2.31 2.04
0.96 0.16 -0.11 -7.03 3.28 -0.83 2.20 0.37 -0.26 2.01 2.17 2.26 2.10
