start recording
0.04 0.39 0.95 93.20 -175.95 -45.58 0.09 0.97 2.35 1.65 1.56 1.64 1.54
0.26 0.40 1.11 78.62 -167.11 -52.01 0.60 0.86 2.73 1.65 1.56 1.62 1.55
0.34 0.45 1.41 14.66 -171.14 -26.70 0.77 1.04 3.24 1.66 1.57 1.62 1.57
0.39 0.55 1.52 -17.50 -150.74 -5.38 0.98 1.27 3.51 1.65 1.56 1.62 1.56
0.64 0.38 1.51 -29.82 -114.38 9.06 1.47 0.87 3.48 1.65 1.56 1.61 1.55
0.91 0.21 1.53 -52.88 -81.67 25.93 2.10 0.36 3.59 1.66 1.57 1.60 1.56
0.83 0.19 1.59 -97.61 -66.40 30.19 1.90 0.43 3.66 1.65 1.56 1.60 1.54
0.53 0.20 1.66 -126.73 -31.68 42.33 1.30 0.35 3.70 1.65 1.55 1.59 1.54
0.45 0.23 1.32 -76.61 38.03 31.15 1.06 0.53 3.02 1.64 1.56 1.58 1.54
0.53 0.19 0.92 -34.04 73.51 43.35 1.22 0.45 2.12 1.67 1.58 1.61 1.56
0.72 0.25 0.52 1.51 87.40 51.12 1.64 0.62 1.18 1.65 1.57 1.61 1.55
0.76 0.40 0.31 43.71 75.86 47.98 1.75 0.92 0.72 1.65 1.56 1.60 1.56
0.72 0.50 0.41 55.50 31.07 27.06 1.62 1.14 0.94 1.66 1.57 1.59 1.55
0.75 0.39 0.45 80.63 8.81 -6.44 1.73 0.90 1.03 1.65 1.57 1.60 1.55
0.73 0.38 0.56 96.94 0.62 -31.97 1.68 1.05 1.58 1.65 1.56 1.61 1.55
0.47 0.46 0.77 89.92 3.20 -46.12 1.06 1.05 1.79 1.66 1.56 1.60 1.55
0.62 0.34 0.57 104.61 23.09 -53.64 1.42 0.79 1.31 1.65 1.56 1.61 1.56
0.75 0.23 0.43 77.44 20.15 -38.28 1.72 0.48 0.93 1.66 1.57 1.62 1.56
0.76 0.09 0.42 44.23 -2.19 -15.42 1.74 0.21 0.96 1.64 1.56 1.60 1.56
0.83 0.15 0.51 11.45 -14.42 5.36 1.89 0.40 1.19 1.66 1.58 1.60 1.55
0.82 0.20 0.72 -34.20 -7.53 31.55 1.87 0.45 1.65 1.65 1.56 1.61 1.56
0.76 0.29 0.92 -81.72 3.45 41.71 1.74 0.67 2.15 1.65 1.57 1.60 1.55
0.77 0.44 1.10 -119.74 26.02 33.28 1.81 1.01 2.50 1.66 1.56 1.62 1.54
0.79 0.51 1.03 -139.02 49.48 16.91 1.82 1.17 2.36 1.65 1.57 1.60 1.56
0.82 0.47 0.95 -129.51 63.68 3.27 1.87 1.06 2.17 1.65 1.56 1.62 1.55
0.86 0.35 0.95 -111.14 51.25 -4.97 1.98 0.81 2.17 1.65 1.58 1.61 1.54
0.71 0.33 1.04 -81.45 37.36 -9.36 1.63 0.75 2.42 1.66 1.56 1.61 1.56
0.65 0.35 1.22 -38.67 27.66 -13.52 1.49 0.81 2.81 1.66 1.58 1.62 1.55
0.50 0.48 1.42 -0.65 12.79 -23.07 1.16 1.11 3.25 1.65 1.59 1.63 1.55
0.17 0.51 1.43 50.21 22.48 -45.01 0.40 1.26 3.25 1.66 1.59 1.62 1.55
0.13 0.45 1.30 88.18 56.32 -55.29 0.30 1.02 2.98 1.65 1.58 1.64 1.56
0.21 0.34 1.12 83.62 83.76 -55.25 0.47 0.76 2.59 1.66 1.61 1.66 1.58
0.38 0.26 0.98 64.01 110.71 -49.56 0.87 0.61 2.26 1.65 1.61 1.72 1.58
0.59 0.30 0.95 29.49 107.55 -44.54 1.36 0.71 2.21 1.66 1.63 1.76 1.63
0.42 0.45 0.92 23.92 74.48 -54.14 0.95 1.03 2.11 1.66 1.66 1.79 1.66
0.26 0.59 0.88 40.29 67.12 -59.31 0.60 1.35 2.02 1.65 1.75 1.83 1.69
0.25 0.48 0.84 79.80 83.16 -61.63 0.76 1.04 1.85 1.66 1.80 1.86 1.74
0.30 0.28 0.78 99.05 102.00 -44.06 0.69 0.65 1.79 1.66 1.84 1.90 1.77
0.36 0.07 0.67 97.35 124.29 -29.02 0.94 0.09 1.50 1.65 1.90 1.95 1.82
0.40 0.01 0.54 80.22 133.31 -7.22 0.92 0.02 1.23 1.67 1.94 2.01 1.87
0.60 0.06 0.42 62.74 147.40 13.31 1.36 0.17 0.96 1.65 2.01 2.05 1.92
0.68 0.35 0.39 45.77 135.04 22.65 1.57 0.80 0.89 1.65 2.04 2.10 1.96
0.61 0.48 0.13 67.66 112.60 8.10 1.39 1.11 0.30 1.66 2.08 2.13 1.99
0.83 0.47 -0.07 104.02 112.74 3.70 1.88 1.04 -0.23 1.67 2.09 2.16 2.03
0.85 0.25 -0.11 141.87 107.68 7.31 1.96 0.58 -0.25 1.66 2.13 2.17 2.05
0.88 0.11 -0.17 142.03 99.10 18.45 1.87 0.24 -0.36 1.66 2.15 2.21 2.07
0.84 0.25 -0.23 131.24 106.50 35.44 1.92 0.56 -0.54 1.67 2.16 2.25 2.07
0.83 0.30 -0.32 107.10 104.12 38.19 1.89 0.67 -0.74 1.68 2.19 2.24 2.09
0.94 0.37 -0.32 110.23 106.35 38.09 2.17 0.85 -0.73 1.70 2.19 2.23 2.11
0.95 0.44 -0.35 121.68 101.53 15.67 2.21 0.97 -0.93 1.71 2.20 2.26 2.12
0.94 0.52 -0.42 147.00 76.69 -0.98 2.26 1.13 -1.16 1.76 2.20 2.26 2.12
1.04 0.36 -0.67 139.93 58.80 -3.46 2.39 0.82 -1.55 1.79 2.21 2.25 2.12
1.28 0.32 -0.63 118.00 72.62 0.91 2.86 0.72 -1.51 1.83 2.21 2.26 2.14
1.32 0.35 -0.66 84.81 73.04 14.24 3.04 0.80 -1.53 1.85 2.21 2.27 2.12
1.17 0.46 -0.64 51.02 58.99 7.11 2.79 1.12 -1.49 1.91 2.21 2.25 2.14
1.13 0.55 -0.63 44.18 45.23 -3.93 2.60 1.27 -1.44 1.92 2.21 2.25 2.13
0.99 0.51 -0.58 37.96 45.21 -9.27 2.79 1.04 -1.20 1.94 2.23 2.25 2.14
1.00 0.25 -0.51 34.85 24.11 -12.11 1.93 0.92 -1.15 1.95 2.20 2.25 2.14
1.05 0.31 -0.51 16.10 35.17 -8.58 2.41 0.70 -1.17 1.97 2.22 2.24 2.14
1.10 0.31 -0.40 -0.77 29.79 8.25 2.64 0.69 -0.83 1.97 2.20 2.24 2.12
1.17 0.38 -0.28 -4.79 9.13 14.08 2.69 0.88 -0.64 1.98 2.21 2.24 2.12
1.05 0.47 -0.26 -7.28 9.27 9.13 2.37 1.12 -0.63 1.99 2.22 2.24 2.14
1.04 0.42 -0.20 7.88 -1.12 4.28 2.40 0.96 -0.46 1.99 2.21 2.23 2.14
0.99 0.25 -0.18 4.69 -0.01 3.46 2.27 0.58 -0.42 1.99 2.19 2.21 2.12
0.95 0.21 -0.20 -3.41 1.40 7.74 2.18 0.47 -0.46 2.00 2.20 2.23 2.12
0.97 0.29 -0.25 -10.97 1.39 12.91 2.22 0.66 -0.57 1.98 2.21 2.23 2.12
1.03 0.36 -0.32 -9.37 -5.84 12.43 2.31 0.82 -0.77 1.99 2.20 2.23 2.11
1.01 0.37 -0.35 -6.36 -14.81 6.45 2.32 0.84 -0.81 1.99 2.19 2.21 2.11
1.06 0.33 -0.38 -5.01 -30.71 0.44 2.44 0.75 -0.87 1.98 2.18 2.21 2.10
1.04 0.32 -0.33 -8.50 -46.96 -6.26 2.38 0.73 -0.75 2.00 2.18 2.23 2.10
0.98 0.32 -0.27 -11.41 -52.52 -10.51 2.24 0.74 -0.63 1.99 2.19 2.21 2.10
0.94 0.30 -0.26 -13.02 -53.59 -11.56 2.13 0.68 -0.62 1.99 2.18 2.23 2.11
0.95 0.29 -0.33 -16.14 -45.46 -9.64 2.17 0.67 -0.75 1.99 2.19 2.21 2.10
0.98 0.31 -0.41 -21.02 -40.63 -4.69 2.24 0.72 -0.98 1.97 2.17 2.21 2.11
1.05 0.36 -0.51 -24.53 -46.65 -1.86 2.40 0.73 -1.15 1.98 2.16 2.20 2.10
1.16 0.45 -0.59 -25.39 -51.29 -1.14 2.66 1.03 -1.36 1.97 2.18 2.21 2.10
1.23 0.44 -0.62 -27.17 -66.03 -3.48 2.91 0.96 -1.38 1.96 2.17 2.21 2.11
1.19 0.39 -0.62 -34.93 -92.12 -10.17 2.72 0.89 -1.43 1.95 2.16 2.21 2.08
1.21 0.35 -0.55 -48.50 -104.39 -15.65 2.86 0.80 -1.24 1.93 2.14 2.22 2.06
1.01 0.40 -0.42 -64.15 -114.40 -20.09 2.31 0.93 -0.95 1.92 2.13 2.19 2.08
0.83 0.52 -0.26 -74.51 -98.64 -24.43 2.15 0.97 -0.60 1.90 2.14 2.19 2.06
0.91 0.53 -0.27 -79.37 -75.63 -20.79 2.10 1.21 -0.61 1.87 2.12 2.17 2.04
0.83 0.47 -0.25 -93.42 -60.59 -21.39 1.92 1.08 -0.57 1.85 2.07 2.14 1.99
0.96 0.44 -0.24 -111.30 -49.94 -13.42 2.14 0.98 -0.56 1.81 2.05 2.12 1.98
0.79 0.34 -0.22 -107.65 -55.34 -11.06 1.81 0.79 -0.49 1.82 2.00 2.08 1.91
0.69 0.31 -0.20 -98.60 -51.84 3.59 1.60 0.65 -0.50 1.80 1.98 2.02 1.89
0.70 0.28 -0.12 -67.87 -36.07 19.21 1.62 0.65 -0.28 1.79 1.93 1.98 1.85
0.57 0.19 0.04 -47.20 -19.52 39.00 1.11 0.40 0.15 1.75 1.88 1.93 1.79
0.55 0.24 0.42 -206.31 -83.67 56.76 1.27 0.55 0.96 1.75 1.85 1.89 1.73
0.29 0.67 0.22 -227.80 -106.15 34.23 0.66 1.53 0.50 1.73 1.80 1.86 1.69
0.11 1.04 0.71 -192.40 -98.94 -0.69 0.23 2.47 1.67 1.69 1.73 1.81 1.65
-0.05 0.86 1.28 -164.36 -147.41 -27.49 -0.12 1.97 2.95 1.69 1.67 1.78 1.65
-0.42 0.46 1.29 -134.94 -209.45 -71.62 -1.04 1.04 3.08 1.69 1.62 1.72 1.62
-0.28 0.06 1.79 -212.52 -286.72 -79.89 -0.65 0.14 4.10 1.68 1.60 1.68 1.59
-0.28 0.14 2.00 -283.95 -286.72 -63.00 -0.73 0.53 4.59 1.65 1.58 1.63 1.56
0.04 0.34 1.79 -282.98 -286.72 -61.70 0.08 0.78 4.12 1.66 1.55 1.62 1.55
0.80 0.38 2.00 -261.02 -286.72 -57.28 1.97 0.72 4.59 1.63 1.56 1.57 1.56
1.11 0.60 2.00 -146.68 -286.72 -18.98 2.53 1.37 4.59 1.63 1.55 1.58 1.55
0.76 0.58 2.00 -53.44 -223.68 32.28 1.74 1.32 4.59 1.62 1.56 1.56 1.55
0.05 0.51 2.00 16.61 -46.32 58.82 0.16 1.12 4.59 1.62 1.58 1.58 1.56
0.13 0.39 1.40 38.92 87.47 142.65 0.30 0.90 3.21 1.62 1.56 1.57 1.55
0.32 0.26 0.47 61.09 206.34 188.66 0.72 0.88 1.08 1.62 1.56 1.57 1.54
0.61 0.37 -0.13 144.87 234.05 185.06 1.41 0.85 -0.31 1.62 1.56 1.57 1.54
0.63 0.47 -0.25 271.34 249.62 132.11 1.71 1.28 -0.44 1.62 1.56 1.58 1.55
0.89 0.52 -0.20 267.99 137.32 55.56 2.05 1.19 -0.47 1.63 1.56 1.59 1.55
0.71 0.66 0.05 260.65 49.64 -19.15 1.63 1.58 0.15 1.63 1.57 1.58 1.57
0.73 0.62 0.44 186.29 9.25 -70.28 1.69 1.43 1.00 1.64 1.58 1.60 1.56
0.79 0.54 0.66 169.38 -14.67 -92.40 1.81 1.23 1.51 1.64 1.56 1.58 1.54
0.83 0.42 0.83 151.02 -34.31 -76.05 1.86 0.90 1.88 1.64 1.56 1.60 1.56
0.75 0.17 0.86 121.97 -31.12 -53.80 1.72 0.40 1.97 1.64 1.58 1.59 1.56
0.68 0.12 0.79 28.46 -23.83 -10.75 1.63 0.26 1.83 1.62 1.59 1.58 1.56
0.72 -0.03 0.79 -54.63 9.64 14.66 1.66 -0.06 1.82 1.63 1.57 1.59 1.56
0.77 0.03 0.72 -119.08 22.99 38.67 1.79 0.06 1.60 1.63 1.58 1.60 1.56
0.81 0.27 0.65 -189.96 10.84 42.34 1.86 0.62 1.49 1.62 1.59 1.59 1.55
0.82 0.40 0.56 -227.17 -4.64 21.23 1.88 0.92 1.28 1.63 1.58 1.61 1.55
0.80 0.53 0.60 -272.23 -24.92 -15.30 1.70 0.95 1.35 1.65 1.58 1.60 1.56
0.84 0.54 0.66 -253.25 -18.39 -40.01 1.92 1.24 1.52 1.63 1.58 1.59 1.56
0.82 0.55 0.75 -215.01 -7.60 -52.39 1.79 1.21 1.79 1.65 1.58 1.60 1.56
0.77 0.46 0.78 -100.33 -1.23 -37.59 1.77 1.06 1.79 1.63 1.58 1.61 1.55
0.72 0.42 0.82 -45.00 18.21 -21.00 1.69 0.95 1.90 1.62 1.59 1.62 1.55
0.75 0.37 0.81 -17.63 26.32 -5.49 1.72 0.85 1.85 1.63 1.58 1.60 1.58
0.76 0.33 0.75 19.23 38.78 11.97 1.75 0.76 1.72 1.63 1.58 1.62 1.56
0.80 0.34 0.69 44.76 49.57 28.05 1.87 0.78 1.56 1.65 1.58 1.60 1.56
0.80 0.43 0.77 71.01 51.59 34.52 1.83 0.98 1.76 1.65 1.58 1.61 1.56
0.68 0.48 0.86 84.03 59.53 26.37 1.54 1.07 1.96 1.64 1.59 1.59 1.56
0.69 0.46 0.98 104.23 78.45 7.91 1.57 1.06 2.25 1.63 1.58 1.62 1.55
0.62 0.47 0.99 105.04 82.59 -16.45 1.35 1.11 2.29 1.65 1.59 1.61 1.57
0.67 0.42 0.97 116.41 104.37 -24.68 1.55 0.97 2.23 1.64 1.58 1.60 1.55
0.70 0.29 1.02 106.70 107.90 -21.66 1.60 0.66 2.31 1.64 1.57 1.60 1.57
0.64 0.25 0.99 84.43 100.26 -11.59 1.50 0.56 2.24 1.64 1.59 1.62 1.56
0.65 0.25 0.89 46.76 87.08 -0.42 1.50 0.57 2.03 1.65 1.58 1.61 1.57
0.59 0.38 0.94 -9.87 64.90 7.60 1.31 0.91 2.19 1.65 1.58 1.61 1.57
0.28 0.42 0.77 -52.05 48.35 3.33 0.64 0.96 1.78 1.65 1.59 1.61 1.56
0.35 0.36 0.86 -54.89 67.70 -7.56 0.86 0.81 2.01 1.65 1.60 1.62 1.57
0.44 0.30 0.78 -62.76 59.00 -25.71 1.09 0.69 1.78 1.65 1.60 1.62 1.58
0.43 0.40 0.83 -78.25 44.05 -28.54 0.98 0.92 1.90 1.65 1.60 1.64 1.56
0.46 0.57 0.93 -80.19 24.96 -26.66 0.87 1.40 2.15 1.65 1.61 1.66 1.58
0.20 0.58 0.62 -49.17 26.31 -29.72 0.46 1.33 1.41 1.66 1.60 1.69 1.59
0.52 0.33 0.59 28.73 41.05 -31.36 1.19 0.77 1.30 1.65 1.62 1.71 1.60
0.58 0.19 0.35 56.39 61.22 -27.54 1.34 0.44 0.80 1.66 1.66 1.75 1.63
0.64 0.01 0.29 47.97 68.99 -14.22 1.46 0.10 0.68 1.66 1.68 1.79 1.67
0.66 0.13 0.32 33.66 94.84 -3.76 1.51 0.30 0.67 1.65 1.73 1.83 1.70
0.68 0.19 0.11 25.58 103.99 6.92 1.56 0.43 0.24 1.66 1.78 1.85 1.73
0.66 0.34 0.05 37.93 94.78 -1.96 1.45 0.83 0.10 1.67 1.82 1.92 1.78
0.53 0.55 -0.08 66.86 86.13 -10.43 1.22 1.26 -0.19 1.67 1.88 1.94 1.81
0.73 0.59 -0.14 98.43 75.30 -24.95 1.76 1.38 -0.34 1.68 1.92 2.00 1.86
0.81 0.57 -0.15 129.83 46.59 -46.97 1.88 1.22 -0.33 1.67 1.96 2.01 1.89
0.82 0.38 -0.17 149.89 6.76 -68.80 1.89 0.88 -0.40 1.69 2.02 2.09 1.93
0.89 0.28 -0.10 143.14 -21.67 -62.18 1.93 0.65 -0.17 1.68 2.00 2.12 1.94
0.84 0.10 0.03 130.41 -31.06 -37.84 1.92 0.23 0.08 1.70 2.09 2.08 2.01
0.79 0.38 0.11 100.86 -39.72 -15.91 1.65 0.89 0.34 1.70 2.13 2.19 2.05
0.76 0.47 0.17 107.25 -16.24 -30.54 1.75 1.07 0.38 1.69 2.08 2.21 2.10
0.74 0.50 0.08 111.80 17.65 -44.51 1.85 1.01 0.21 1.71 2.12 2.25 2.06
0.98 0.45 0.09 121.01 43.25 -56.24 2.16 1.04 0.21 1.75 2.22 2.19 2.12
0.91 0.25 0.07 120.50 66.99 -56.02 2.09 0.58 0.16 1.80 2.18 2.23 2.16
1.26 0.16 -0.18 106.15 55.31 -60.31 2.89 0.33 -0.30 1.76 2.22 2.22 2.16
1.27 -0.07 -0.01 116.44 25.78 -45.54 2.92 -0.15 -0.03 1.84 2.26 2.22 2.10
1.28 -0.00 0.02 127.98 -19.01 -27.73 2.85 -0.08 0.20 1.82 2.24 2.24 2.17
0.97 -0.09 0.02 104.62 -29.13 -18.97 2.23 -0.21 0.05 1.91 2.26 2.29 2.20
0.95 -0.11 -0.00 86.72 -7.23 -2.10 2.30 -0.30 -0.02 1.91 2.24 2.28 2.15
1.33 -0.23 -0.07 43.02 61.25 5.34 3.05 -0.54 -0.16 1.96 2.13 2.31 2.12
1.71 -0.10 -0.13 7.46 67.18 7.04 3.92 -0.23 -0.31 1.97 2.18 2.21 2.11
1.61 0.01 -0.21 -10.27 32.93 4.39 3.61 -0.06 -0.36 1.93 2.24 2.25 2.15
1.45 0.10 -0.02 -12.81 4.00 9.76 3.33 0.23 -0.06 1.93 2.14 2.23 2.17
1.23 0.14 0.15 -5.27 -20.10 11.22 2.90 0.17 0.45 1.96 2.16 2.20 2.16
1.12 0.14 0.38 -0.08 -17.61 18.24 2.45 0.34 0.87 1.97 2.26 2.20 2.12
0.93 0.06 0.41 6.47 -4.45 21.39 2.13 0.13 0.93 1.97 2.19 2.21 2.11
0.91 0.06 0.39 7.13 18.19 31.28 2.30 -0.15 0.92 1.94 2.20 2.25 2.08
1.00 0.13 0.29 0.45 26.20 28.88 2.29 0.31 0.66 1.98 2.20 2.19 2.11
1.05 0.22 0.21 1.37 25.50 26.56 2.40 0.52 0.47 2.00 2.21 2.24 2.10
1.02 0.22 0.16 7.16 18.20 20.18 2.34 0.50 0.37 2.01 2.22 2.19 2.13
1.01 0.18 0.15 7.90 13.31 13.54 2.31 0.40 0.34 1.94 2.19 2.17 2.12
1.03 0.13 0.14 3.18 5.36 8.30 2.34 0.29 0.33 1.98 2.12 2.24 2.08
0.94 0.07 0.19 -4.68 -0.59 10.19 2.15 0.17 0.43 1.95 2.15 2.18 2.10
0.84 0.15 0.23 -17.80 6.36 7.95 1.93 0.34 0.52 1.95 2.25 2.23 2.06
0.83 0.24 0.20 -13.10 18.66 10.45 1.94 0.56 0.46 1.98 2.10 2.17 2.11
0.90 0.17 0.12 -0.72 25.93 11.05 2.06 0.40 0.27 1.95 2.13 2.17 2.09
0.93 0.11 0.03 3.60 27.39 11.61 2.14 0.24 0.06 2.02 2.11 2.27 2.06
1.01 0.09 -0.09 3.39 27.19 12.13 2.33 0.21 -0.21 1.98 2.21 2.24 2.12
1.13 0.06 -0.21 5.62 14.32 18.55 2.61 0.13 -0.49 1.98 2.13 2.22 2.06
1.13 0.01 -0.23 3.89 -4.86 26.66 2.60 0.02 -0.53 2.02 2.09 2.28 2.07
1.08 0.06 -0.22 -8.54 -16.44 29.53 2.48 0.13 -0.51 1.93 2.11 2.18 2.08
1.05 0.17 -0.21 -18.55 -22.56 28.90 2.37 0.40 -0.49 1.92 2.11 2.15 2.07
0.96 0.22 -0.20 -23.77 -22.01 26.71 2.21 0.51 -0.47 1.96 2.11 2.21 2.08
0.89 0.25 -0.16 -28.05 -13.09 28.47 2.04 0.58 -0.38 1.95 2.21 2.23 2.13
0.74 0.16 -0.14 -32.38 4.07 33.20 1.71 0.38 -0.32 1.95 2.19 2.22 2.08
1.04 0.28 -0.25 -38.26 29.76 38.98 2.46 0.61 -0.54 1.90 2.12 2.21 2.11
1.20 0.33 -0.37 -44.27 16.93 36.48 2.74 0.76 -0.85 1.92 2.11 2.24 2.05
1.23 0.41 -0.47 -44.41 -10.92 32.87 2.83 0.93 -1.08 1.92 2.17 2.22 2.09
1.16 0.45 -0.41 -40.49 -39.62 25.02 2.61 1.02 -0.88 1.87 2.16 2.20 2.09
0.92 0.33 -0.24 -38.88 -45.50 9.01 2.11 0.76 -0.55 1.86 2.11 2.16 2.04
0.90 0.34 -0.21 -59.41 -24.36 3.28 2.14 0.76 -0.49 1.87 2.12 2.15 2.07
1.08 0.29 -0.19 -84.48 -2.34 13.97 2.48 0.67 -0.43 1.81 2.10 2.13 2.02
1.22 0.38 -0.37 -122.59 -2.39 25.52 2.82 0.84 -0.86 1.79 2.06 2.14 1.99
1.29 0.42 -0.41 -132.82 5.32 36.27 3.01 1.08 -0.96 1.78 1.99 2.08 1.96
1.22 0.52 -0.39 -132.23 -5.59 34.99 2.79 1.19 -0.89 1.78 1.96 2.02 1.88
1.03 0.46 -0.50 -103.03 -4.93 36.44 2.43 0.95 -1.27 1.78 1.95 1.97 1.87
1.12 0.38 -0.24 -61.84 33.89 50.22 2.57 0.87 -0.55 1.76 1.92 1.95 1.78
0.91 0.31 0.04 -67.52 30.47 59.47 2.30 0.57 -0.27 1.71 1.84 1.89 1.72
0.74 0.62 -0.20 -133.35 -61.06 41.90 1.70 1.42 -0.46 1.72 1.83 1.85 1.70
0.72 0.93 0.05 -72.18 -69.30 17.09 1.65 2.05 0.24 1.70 1.76 1.81 1.67
0.69 0.88 0.50 -74.65 -108.54 -1.64 1.46 2.00 1.19 1.67 1.71 1.79 1.62
0.38 0.68 0.71 -41.33 -145.78 -13.96 0.87 1.57 1.64 1.67 1.65 1.73 1.61
0.12 0.40 0.84 -48.55 -197.71 -9.72 0.34 0.80 1.95 1.68 1.60 1.72 1.57
-0.03 0.15 1.19 -90.12 -255.04 -8.36 -0.06 0.36 2.73 1.67 1.61 1.67 1.58
-0.06 0.27 1.40 -153.88 -286.17 -9.22 -0.13 0.64 3.32 1.65 1.58 1.61 1.58
-0.27 0.57 1.52 -243.07 -286.72 -25.77 -0.61 1.31 3.49 1.65 1.57 1.60 1.56
-0.22 0.55 2.00 -258.55 -256.02 -50.88 -0.32 1.27 4.55 1.65 1.55 1.59 1.56
0.05 0.51 1.84 -206.72 -190.09 -60.09 0.15 1.08 4.26 1.63 1.56 1.59 1.56
0.66 0.37 1.87 -189.95 -194.94 -86.17 1.51 0.85 4.29 1.63 1.58 1.59 1.56
0.73 0.54 1.79 -121.71 -202.62 -53.84 1.69 1.22 4.17 1.64 1.57 1.58 1.55
0.77 0.46 1.69 -34.47 -144.59 -9.52 1.76 1.06 3.89 1.63 1.58 1.58 1.54
0.61 0.37 1.65 15.71 -87.01 26.18 1.32 0.82 3.75 1.62 1.56 1.57 1.56
0.39 0.35 1.29 59.54 -6.96 47.63 0.90 0.79 2.95 1.62 1.56 1.58 1.56
0.46 0.33 0.99 102.83 90.24 82.01 0.99 0.80 2.24 1.61 1.58 1.56 1.55
0.47 0.33 0.62 153.97 141.90 89.86 1.10 0.79 1.41 1.63 1.56 1.58 1.55
0.59 0.47 0.24 207.68 135.88 71.10 1.35 1.09 0.55 1.62 1.57 1.58 1.55
0.67 0.56 0.11 262.59 85.55 50.58 1.53 1.27 0.21 1.62 1.59 1.56 1.58
0.57 0.60 0.07 269.68 25.88 19.53 1.31 1.38 0.16 1.63 1.56 1.57 1.55
0.69 0.42 0.22 209.24 -17.75 -4.38 1.66 1.09 0.59 1.65 1.58 1.58 1.54
0.70 0.42 0.52 143.87 -52.16 -18.86 1.61 0.96 1.18 1.63 1.57 1.57 1.55
0.70 0.32 0.66 88.85 -55.21 -15.53 1.61 0.74 1.57 1.63 1.56 1.58 1.57
0.66 0.26 0.83 18.40 -36.80 -15.89 1.52 0.59 1.91 1.63 1.57 1.57 1.56
0.69 0.18 0.91 -32.16 4.55 -4.03 1.59 0.41 2.09 1.61 1.58 1.59 1.55
0.72 0.16 0.77 -85.72 24.60 14.08 1.68 0.35 1.77 1.63 1.59 1.59 1.56
0.82 0.16 0.69 -127.23 24.75 17.18 1.89 0.36 1.59 1.64 1.57 1.57 1.55
0.76 0.28 0.59 -167.07 12.11 11.37 1.75 0.56 1.30 1.61 1.58 1.59 1.55
0.72 0.32 0.55 -207.13 -6.77 7.56 1.65 0.72 1.27 1.62 1.57 1.57 1.56
0.78 0.41 0.63 -208.67 -14.23 -5.32 1.83 1.02 1.47 1.62 1.59 1.58 1.55
0.73 0.50 0.69 -187.50 -11.30 -15.81 1.70 1.18 1.59 1.62 1.58 1.59 1.57
0.78 0.56 0.78 -151.73 -7.10 -20.25 1.79 1.29 1.78 1.63 1.58 1.58 1.55
0.67 0.48 0.67 -84.72 20.18 -17.64 1.57 1.12 1.55 1.64 1.58 1.58 1.56
0.74 0.45 0.61 -49.08 25.88 -11.31 1.70 1.04 1.40 1.62 1.59 1.59 1.56
0.78 0.47 0.57 -13.42 30.27 3.93 1.79 1.07 1.29 1.62 1.58 1.56 1.56
0.75 0.48 0.55 20.68 24.91 11.47 1.72 1.09 1.26 1.63 1.57 1.59 1.56
0.79 0.49 0.62 46.18 24.48 10.53 1.83 1.11 1.44 1.62 1.58 1.60 1.58
0.74 0.46 0.72 72.45 26.00 1.59 1.68 1.10 1.68 1.65 1.59 1.59 1.57
0.63 0.47 0.80 87.03 37.43 -10.18 1.45 1.07 1.83 1.64 1.59 1.60 1.56
0.66 0.39 0.81 117.14 58.14 -13.71 1.55 0.93 1.86 1.63 1.58 1.59 1.56
0.70 0.37 0.75 130.50 67.67 -13.79 1.62 0.85 1.72 1.63 1.59 1.58 1.55
0.69 0.30 0.65 134.55 68.29 -10.47 1.59 0.69 1.51 1.64 1.60 1.60 1.56
0.71 0.29 0.61 122.66 56.55 -7.67 1.63 0.66 1.40 1.63 1.58 1.60 1.56
0.72 0.24 0.53 88.86 42.85 -5.62 1.68 0.51 1.20 1.65 1.57 1.61 1.56
0.72 0.25 0.63 41.88 21.00 -2.76 1.65 0.52 1.48 1.63 1.60 1.60 1.56
0.47 0.23 0.60 12.28 12.26 -5.28 1.08 0.54 1.37 1.65 1.58 1.61 1.58
0.46 0.26 0.62 -20.76 42.51 -4.76 1.11 0.57 1.41 1.65 1.58 1.60 1.60
0.63 0.27 0.50 -55.84 70.28 -6.86 1.44 0.62 1.15 1.64 1.59 1.62 1.56
0.76 0.18 0.34 -60.45 80.22 2.20 1.69 0.47 0.76 1.63 1.56 1.61 1.55
0.81 0.21 0.27 -53.49 75.21 15.45 1.85 0.48 0.62 1.66 1.55 1.63 1.54
0.81 0.27 0.21 -47.73 60.35 22.46 1.86 0.61 0.49 1.66 1.59 1.65 1.59
0.83 0.32 0.21 -52.81 38.73 23.54 1.91 0.78 0.49 1.62 1.56 1.66 1.60
0.86 0.39 0.23 -42.63 16.82 19.99 1.97 0.89 0.53 1.62 1.60 1.65 1.55
0.79 0.39 0.15 -25.33 3.43 19.43 1.78 0.89 0.35 1.66 1.58 1.64 1.58
0.85 0.38 0.26 -1.78 13.35 16.85 1.96 0.88 0.60 1.61 1.63 1.60 1.60
0.88 0.39 0.28 3.83 17.11 17.21 2.02 0.93 0.65 1.65 1.55 1.65 1.59
0.88 0.44 0.30 2.07 17.86 21.19 2.03 1.03 0.68 1.66 1.62 1.63 1.58
