start recording
-0.25 0.25 1.24 -108.58 -218.16 -44.26 -0.58 0.58 2.85 1.68 1.53 1.50 1.53
-0.44 0.05 1.68 -150.31 -258.93 -53.65 -0.90 0.30 3.94 1.61 1.60 1.55 1.49
-0.44 0.06 2.00 -201.65 -265.12 -70.65 -1.01 0.15 4.59 1.65 1.56 1.57 1.53
-0.25 0.12 2.00 -269.82 -242.68 -83.56 -0.47 0.30 4.59 1.65 1.53 1.54 1.54
0.20 0.21 2.00 -286.72 -213.98 -103.48 0.47 0.47 4.59 1.61 1.51 1.49 1.48
0.58 0.35 2.00 -286.72 -213.47 -111.08 1.32 0.61 4.59 1.64 1.50 1.58 1.47
0.77 0.24 2.00 -286.72 -166.37 -93.95 1.77 0.55 4.59 1.64 1.52 1.54 1.50
0.68 0.31 2.00 -286.72 -98.74 -80.19 1.56 0.74 4.59 1.63 1.57 1.49 1.55
0.51 0.43 2.00 -286.72 32.47 -69.32 0.80 0.23 4.17 1.65 1.50 1.56 1.48
0.38 0.42 0.77 -166.35 -184.70 -83.88 0.88 0.97 1.77 1.65 1.52 1.51 1.55
0.48 0.40 0.73 -93.04 -72.21 -17.29 0.96 0.91 1.56 1.62 1.56 1.54 1.51
0.56 0.49 0.56 -59.04 6.10 58.84 1.28 1.12 1.29 1.65 1.50 1.54 1.54
0.38 0.52 0.48 21.13 18.66 176.13 1.17 1.46 1.26 1.64 1.53 1.54 1.54
0.38 0.93 0.77 110.37 145.51 226.64 0.87 2.13 1.76 1.68 1.53 1.58 1.52
0.41 0.90 0.86 171.16 218.37 119.46 0.93 2.07 1.98 1.59 1.51 1.52 1.50
0.30 0.92 0.82 171.41 216.88 46.31 0.66 2.03 1.97 1.67 1.51 1.52 1.48
0.45 0.80 1.03 158.08 221.21 -38.00 1.03 1.85 2.37 1.68 1.55 1.53 1.54
0.32 0.82 1.10 139.12 175.46 -93.76 0.67 1.79 2.48 1.68 1.56 1.51 1.54
0.46 0.57 1.12 129.21 175.66 -115.13 1.06 1.31 2.57 1.67 1.52 1.53 1.56
0.43 0.54 1.15 131.62 125.97 -128.33 0.99 1.23 2.72 1.66 1.57 1.51 1.53
0.50 0.46 1.22 152.09 79.81 -117.99 1.15 1.06 2.79 1.59 1.54 1.59 1.55
0.32 0.62 1.18 149.02 46.38 -93.07 0.74 1.43 2.70 1.65 1.58 1.61 1.54
0.07 0.38 1.25 92.56 32.84 -45.05 0.22 0.96 2.87 1.62 1.59 1.61 1.55
0.06 0.39 1.29 9.02 114.35 -8.78 0.14 0.89 2.95 1.65 1.59 1.59 1.55
0.31 0.24 1.15 -19.56 175.91 -1.35 0.67 0.60 2.59 1.68 1.61 1.64 1.52
0.28 0.38 1.02 -116.21 153.16 -1.50 0.64 0.88 2.34 1.60 1.62 1.81 1.54
0.21 0.49 1.01 -163.04 126.53 -28.51 0.44 1.13 2.38 1.61 1.70 1.82 1.62
0.15 0.43 0.57 -84.38 152.85 -62.63 0.25 0.90 1.20 1.61 1.79 1.91 1.67
0.40 0.19 0.45 -21.53 202.19 -77.37 0.92 0.43 1.03 1.62 1.82 1.95 1.74
0.73 0.01 0.47 63.66 180.83 -68.25 1.69 -0.10 1.01 1.65 1.89 2.05 1.78
0.80 -0.06 0.26 77.44 118.54 -22.42 1.83 -0.15 0.59 1.67 2.05 2.12 1.82
0.35 0.02 0.14 83.54 95.43 26.46 0.68 0.06 0.37 1.60 2.05 2.18 2.00
0.33 0.42 -0.14 125.05 138.37 57.21 0.84 0.96 -0.32 1.68 2.08 2.20 2.00
0.70 0.65 -0.33 190.61 177.06 61.15 1.61 1.49 -0.75 1.65 2.15 2.18 2.09
0.64 0.52 -0.51 284.42 144.36 52.22 1.50 1.08 -1.24 1.70 2.19 2.26 2.07
1.06 0.23 -0.97 286.68 59.95 47.61 2.44 0.54 -2.24 1.76 2.21 2.27 2.06
1.17 -0.13 -0.92 286.68 -17.08 55.71 2.55 -0.45 -2.08 1.85 2.24 2.27 2.13
0.93 0.18 -1.15 187.04 -15.72 70.76 2.14 0.42 -2.63 1.91 2.21 2.26 2.12
0.83 0.45 -0.72 96.43 32.63 70.53 1.94 1.21 -1.61 1.93 2.15 2.22 2.09
0.97 0.88 -0.69 70.83 58.82 62.34 1.99 2.44 -1.59 1.98 2.15 2.30 2.10
1.14 1.12 -0.73 104.82 48.50 51.27 2.61 2.56 -1.67 1.97 2.12 2.24 2.08
1.25 0.92 -0.80 103.25 55.92 50.62 2.79 2.17 -1.92 1.92 2.13 2.18 2.07
1.21 0.81 -0.75 64.05 49.48 22.23 2.78 1.86 -1.73 1.96 2.24 2.25 2.03
0.98 0.94 -0.52 39.11 27.97 -1.56 2.34 2.15 -1.39 2.00 2.21 2.24 2.06
0.91 1.05 -0.38 29.57 31.65 -0.67 2.09 2.40 -0.88 1.97 2.23 2.24 2.10
1.05 0.92 -0.25 29.22 48.55 -6.49 2.40 2.10 -0.57 1.99 2.18 2.17 2.10
1.09 0.70 -0.14 27.78 44.78 0.25 2.61 1.48 -0.49 1.97 2.13 2.26 2.03
1.08 0.74 -0.12 10.99 42.76 8.28 2.47 1.70 -0.28 1.94 2.12 2.18 2.05
0.96 0.77 -0.15 4.45 39.38 9.51 2.46 1.80 -0.35 1.99 2.20 2.17 2.07
1.04 0.77 -0.25 -0.61 42.31 6.52 2.39 1.76 -0.58 1.95 2.13 2.15 2.09
0.96 0.72 -0.26 -7.39 36.31 -0.70 2.19 1.66 -0.59 1.98 2.19 2.25 2.11
0.91 0.66 -0.30 -11.18 34.40 0.01 2.05 1.51 -0.72 2.00 2.11 2.24 2.10
0.99 0.65 -0.31 -14.53 25.71 -4.69 2.26 1.49 -0.72 1.98 2.16 2.17 2.01
0.86 0.59 -0.21 -15.35 10.23 -12.06 1.97 1.34 -0.46 2.00 2.16 2.16 2.09
0.84 0.44 -0.17 -13.96 5.76 -14.31 1.97 1.01 -0.39 2.00 2.18 2.17 2.08
0.80 0.44 -0.08 -20.44 -1.91 -14.44 1.83 1.00 -0.18 1.98 2.12 2.21 2.05
0.70 0.43 -0.01 -17.47 1.42 -10.53 1.61 0.99 -0.05 1.92 2.17 2.21 2.01
0.79 0.40 -0.08 -17.07 9.62 -8.45 1.81 0.91 -0.18 1.99 2.19 2.25 2.11
0.89 0.39 -0.17 -22.56 9.50 -5.84 2.06 0.91 -0.38 1.98 2.13 2.22 2.08
0.89 0.43 -0.21 -29.96 1.92 -2.98 2.04 0.98 -0.48 1.95 2.08 2.14 2.04
0.96 0.54 -0.28 -33.56 -2.00 -2.97 2.20 1.25 -0.65 1.98 2.08 2.21 2.10
0.98 0.58 -0.42 -29.80 -11.95 -5.33 2.26 1.36 -1.01 1.96 2.10 2.21 2.10
1.07 0.62 -0.61 -25.46 -30.39 -8.73 2.45 1.42 -1.41 1.91 2.21 2.16 2.06
1.09 0.63 -0.70 -31.93 -54.04 -14.79 2.48 1.48 -1.60 1.98 2.17 2.14 2.07
0.96 0.68 -0.71 -29.92 -87.85 -19.03 2.19 1.57 -1.63 1.95 2.08 2.18 2.08
0.84 0.58 -0.71 -34.05 -92.61 -21.88 1.93 1.34 -1.63 1.99 2.11 2.24 2.02
0.90 0.73 -0.66 -40.97 -85.46 -24.17 2.21 1.50 -1.55 1.89 2.14 2.24 2.00
1.06 0.72 -0.65 -41.22 -78.18 -25.14 2.44 1.66 -1.50 1.94 2.13 2.19 2.07
1.15 0.62 -0.66 -41.52 -85.03 -23.49 2.60 1.46 -1.46 1.87 2.11 2.13 2.04
1.08 0.69 -0.60 -46.53 -93.53 -25.00 2.48 1.57 -1.38 1.84 2.12 2.24 1.98
1.13 0.68 -0.59 -51.65 -85.62 -31.68 2.62 1.69 -1.40 1.92 2.08 2.12 2.06
1.21 0.66 -0.62 -55.47 -91.69 -40.25 2.77 1.52 -1.43 1.84 2.07 2.12 1.97
1.18 0.70 -0.59 -64.50 -91.18 -39.98 2.70 1.60 -1.31 1.77 2.01 2.11 1.93
1.01 0.53 -0.52 -40.80 -85.54 -33.79 2.28 1.36 -1.16 1.81 2.04 2.08 1.86
0.92 0.51 -0.40 -29.40 -84.51 -42.66 2.10 1.18 -0.91 1.74 2.04 1.99 1.91
0.87 0.40 -0.48 6.15 -71.40 -24.80 1.96 0.96 -1.09 1.78 1.92 1.96 1.82
0.92 0.28 -0.40 16.97 -84.18 -15.65 2.12 0.65 -0.91 1.74 1.95 1.93 1.82
0.86 0.24 -0.47 51.16 -94.45 2.64 2.02 0.51 -1.04 1.77 1.88 1.93 1.76
0.79 0.18 -0.38 45.90 -118.81 14.90 1.78 0.41 -0.89 1.77 1.86 1.84 1.68
0.68 0.42 -0.22 14.27 -126.98 18.99 1.57 0.97 -0.51 1.72 1.74 1.85 1.67
0.22 0.73 -0.16 -32.90 -152.64 -21.73 0.30 1.68 -0.30 1.74 1.71 1.78 1.68
-0.38 0.79 0.68 -28.49 -111.54 -40.00 -0.87 1.82 1.56 1.65 1.71 1.74 1.58
-0.40 0.61 0.98 -116.38 -95.66 -35.11 -0.86 1.49 2.28 1.67 1.59 1.70 1.56
-0.42 0.37 1.20 -130.27 -80.17 -43.78 -0.97 0.85 2.75 1.62 1.54 1.62 1.58
-0.42 0.21 1.57 -160.16 -126.77 -36.60 -0.90 0.47 3.69 1.63 1.54 1.63 1.55
-0.42 0.28 1.78 -234.49 -245.02 -18.80 -0.98 0.61 4.08 1.61 1.50 1.53 1.50
-0.68 0.54 2.00 -286.72 -286.72 -33.71 -1.57 1.24 4.59 1.64 1.57 1.56 1.54
-0.33 0.45 2.00 -286.72 -286.72 -72.25 -0.65 1.02 4.59 1.63 1.56 1.57 1.50
0.18 0.52 2.00 -286.72 -251.82 -54.64 0.40 1.18 4.59 1.59 1.59 1.49 1.54
0.66 0.47 2.00 -286.72 -221.93 -45.67 1.58 1.13 4.59 1.64 1.58 1.53 1.54
0.98 1.20 2.00 -286.72 -172.94 -39.51 2.24 2.76 4.59 1.58 1.51 1.54 1.52
0.40 0.68 2.00 -160.65 -286.72 -117.47 0.68 2.08 4.59 1.66 1.49 1.59 1.48
0.13 0.71 1.78 -104.61 -236.65 -77.11 0.29 1.64 4.10 1.61 1.57 1.48 1.56
0.28 0.58 1.22 4.04 -32.21 -62.30 0.65 1.33 2.66 1.62 1.51 1.53 1.48
0.36 0.67 0.99 10.34 25.32 92.88 0.96 1.32 2.30 1.59 1.52 1.50 1.51
0.23 0.66 0.66 33.77 82.00 244.73 0.53 1.51 1.53 1.66 1.58 1.56 1.58
0.21 0.49 0.50 87.88 210.28 269.81 0.64 1.23 1.21 1.63 1.58 1.54 1.48
0.54 1.00 0.69 180.89 286.68 145.10 1.24 2.29 1.57 1.65 1.58 1.56 1.55
0.40 0.82 0.85 184.10 286.68 64.29 1.03 1.88 2.17 1.60 1.60 1.50 1.55
0.34 0.85 0.89 150.10 211.79 -30.00 0.78 1.95 2.04 1.62 1.55 1.56 1.50
0.31 0.72 1.00 126.66 231.66 -74.26 0.72 1.64 2.30 1.62 1.52 1.54 1.50
0.53 0.60 1.04 120.79 204.14 -119.69 1.20 1.27 2.33 1.62 1.52 1.55 1.50
0.63 0.43 1.11 99.74 157.58 -125.52 1.44 0.99 2.55 1.60 1.52 1.53 1.52
0.65 0.49 1.30 134.51 92.57 -128.93 1.49 1.14 2.99 1.66 1.54 1.58 1.48
0.38 0.61 1.29 123.40 34.13 -110.62 0.88 1.41 2.97 1.66 1.59 1.61 1.55
0.26 0.51 1.27 88.72 37.08 -63.94 0.67 1.20 2.91 1.60 1.59 1.59 1.59
0.27 0.51 1.16 6.72 82.51 -28.03 0.61 1.14 2.66 1.66 1.55 1.61 1.50
0.27 0.25 1.04 -7.06 149.97 -15.19 0.62 0.58 2.39 1.59 1.60 1.71 1.57
0.40 0.19 1.03 -59.83 177.02 -10.78 0.95 0.50 2.43 1.64 1.65 1.68 1.60
0.32 0.28 0.80 -125.74 163.44 -31.48 0.73 0.65 1.84 1.62 1.67 1.82 1.64
0.28 0.43 0.99 -117.81 202.19 -57.17 0.86 1.11 2.17 1.61 1.76 1.89 1.68
0.58 0.37 0.65 -6.21 225.57 -77.94 1.33 0.84 1.50 1.59 1.91 1.90 1.78
0.51 0.34 0.49 38.36 176.97 -96.75 1.16 0.75 1.03 1.64 1.95 2.01 1.77
0.60 0.23 0.17 105.32 158.49 -76.50 1.46 0.40 0.45 1.58 2.06 2.06 1.85
0.53 -0.04 -0.07 155.63 141.97 -32.31 1.22 -0.09 -0.16 1.66 2.07 2.15 1.95
0.39 -0.13 -0.22 174.00 143.00 38.34 0.60 -0.45 -0.59 1.66 2.11 2.21 2.00
0.47 -0.08 -0.42 158.41 216.02 75.19 1.08 -0.17 -0.97 1.68 2.18 2.16 1.99
0.66 0.25 -0.57 154.86 232.02 79.97 1.59 0.60 -1.49 1.66 2.19 2.25 2.03
0.90 0.45 -0.91 180.49 214.61 63.50 2.07 1.02 -2.10 1.70 2.24 2.16 2.15
1.18 0.60 -1.29 172.67 158.22 32.85 2.72 1.37 -2.89 1.81 2.17 2.18 2.08
1.31 0.35 -1.18 222.39 45.74 21.94 2.83 0.57 -2.43 1.84 2.21 2.21 2.12
0.92 0.39 -1.02 196.78 -52.18 24.09 2.11 0.90 -2.35 1.86 2.21 2.19 2.12
0.47 0.53 -0.77 145.06 -35.88 56.35 1.12 1.15 -1.74 1.92 2.24 2.16 2.10
0.71 0.79 -0.66 91.06 55.84 58.69 1.63 1.81 -1.52 1.96 2.18 2.26 2.11
0.82 0.87 -0.76 57.15 102.93 41.61 1.94 2.03 -1.88 1.98 2.22 2.23 2.06
1.18 0.88 -0.93 43.52 125.77 46.70 2.71 2.02 -2.13 1.95 2.13 2.24 2.09
1.35 0.88 -1.03 35.86 97.08 33.45 3.09 2.01 -1.94 1.93 2.23 2.18 2.12
1.17 0.96 -0.87 23.49 61.38 24.69 2.69 2.06 -1.79 1.99 2.12 2.17 2.06
0.94 0.98 -0.43 16.22 24.37 11.33 2.15 2.26 -0.99 2.00 2.22 2.18 2.12
0.75 0.93 -0.28 26.91 10.00 4.13 1.80 2.00 -0.72 1.95 2.15 2.21 2.09
0.86 0.70 -0.25 14.69 34.04 -7.63 1.97 1.61 -0.58 1.97 2.09 2.20 2.03
0.93 0.66 -0.40 4.77 37.95 -1.65 2.13 1.45 -0.88 1.94 2.19 2.22 2.07
0.93 0.67 -0.50 -3.95 40.55 8.85 2.18 1.59 -1.15 1.96 2.23 2.22 2.05
0.91 0.68 -0.47 -7.21 34.49 11.48 2.10 1.57 -1.09 2.00 2.17 2.20 2.12
0.83 0.69 -0.47 -6.40 31.96 5.25 1.88 1.56 -1.10 1.99 2.17 2.21 2.10
0.84 0.57 -0.44 -6.88 29.00 0.89 1.92 1.32 -1.00 1.93 2.21 2.19 2.10
0.73 0.48 -0.35 -13.93 24.66 -0.38 1.67 1.11 -0.80 1.98 2.18 2.21 2.11
0.76 0.50 -0.41 -14.66 21.67 0.17 1.75 1.14 -0.95 1.98 2.06 2.28 2.01
0.90 0.49 -0.46 -13.18 12.84 4.30 2.06 1.13 -1.06 1.94 2.11 2.21 2.09
0.87 0.48 -0.47 -10.85 -3.52 4.90 2.02 1.09 -1.07 1.97 2.11 2.23 2.11
0.86 0.47 -0.48 -10.19 -12.68 2.35 1.98 1.09 -1.10 1.94 2.21 2.13 2.09
0.82 0.47 -0.48 -7.20 -20.76 3.92 1.91 1.03 -1.08 2.03 2.09 2.16 2.11
0.80 0.40 -0.52 -8.64 -18.94 -1.26 1.87 0.92 -1.19 2.00 2.18 2.21 2.01
0.76 0.48 -0.55 -9.09 -24.12 7.42 1.74 1.10 -1.27 2.01 2.08 2.17 2.13
0.75 0.51 -0.63 -9.66 -23.27 10.47 1.70 1.14 -1.45 1.99 2.16 2.23 2.07
0.81 0.56 -0.74 -13.26 -30.56 13.38 1.86 1.27 -1.69 1.95 2.13 2.16 2.03
0.84 0.67 -0.80 -9.81 -53.71 13.06 1.94 1.55 -1.82 1.95 2.13 2.18 2.07
0.88 0.74 -0.79 -8.63 -71.66 5.06 2.02 1.70 -1.82 1.97 2.14 2.19 2.06
0.93 0.81 -0.86 -10.89 -80.81 -5.73 2.14 1.85 -1.97 1.92 2.08 2.22 2.07
0.96 0.86 -0.88 -9.73 -87.51 -13.04 2.18 2.05 -1.95 1.93 2.14 2.19 2.02
0.95 0.86 -0.92 -7.47 -99.44 -19.50 2.18 1.98 -2.11 1.95 2.16 2.20 2.08
0.87 0.88 -0.91 -9.39 -110.15 -27.71 2.14 1.77 -2.08 1.94 2.13 2.12 2.10
0.92 0.79 -0.95 -12.63 -117.08 -33.74 2.10 1.80 -2.17 1.89 2.10 2.13 2.01
0.97 0.87 -0.93 -19.62 -125.67 -43.08 2.03 1.86 -2.11 1.84 2.14 2.20 1.96
0.80 0.82 -0.93 -25.35 -128.73 -51.83 1.85 1.91 -2.13 1.88 2.09 2.11 2.04
0.79 0.79 -0.88 -17.36 -117.82 -60.20 1.82 1.81 -2.02 1.78 2.04 2.14 2.00
0.76 0.71 -0.76 3.13 -114.98 -61.70 1.77 1.59 -1.74 1.80 1.99 2.12 1.95
0.61 0.65 -0.54 36.12 -113.76 -66.64 1.40 1.49 -1.25 1.80 1.95 2.06 1.86
0.50 0.56 -0.48 72.77 -103.78 -73.95 1.15 1.31 -1.10 1.75 1.94 1.98 1.83
0.44 0.62 -0.37 96.96 -96.95 -74.44 1.01 1.43 -0.85 1.78 1.89 1.95 1.77
0.28 0.47 -0.23 109.95 -80.21 -77.01 0.70 1.03 -0.62 1.75 1.83 1.90 1.68
0.12 0.27 -0.06 32.64 -140.37 -79.00 0.29 0.63 0.05 1.69 1.77 1.83 1.63
-0.08 0.31 0.10 5.16 -152.71 -92.44 -0.18 0.70 0.23 1.68 1.73 1.80 1.63
-0.16 0.34 0.79 -127.71 -214.06 -77.50 -0.34 0.59 1.88 1.68 1.71 1.76 1.61
-0.49 0.37 1.93 -221.79 -231.53 -53.19 -1.11 0.86 4.42 1.63 1.63 1.72 1.53
-0.53 0.47 1.84 -286.72 -253.27 -75.84 -1.32 0.91 4.37 1.66 1.58 1.65 1.58
-0.62 0.02 2.00 -286.72 -286.72 -95.24 -1.43 0.03 4.59 1.64 1.58 1.61 1.53
-0.23 0.36 2.00 -286.72 -286.72 -77.58 -0.32 0.94 4.59 1.61 1.56 1.56 1.54
-0.04 0.59 2.00 -286.72 -286.72 -98.38 -0.10 1.26 4.59 1.58 1.54 1.55 1.54
0.43 0.27 2.00 -286.72 -286.72 -77.12 0.99 0.62 4.59 1.65 1.56 1.49 1.55
1.20 0.43 2.00 -286.72 -203.95 -22.38 2.85 0.96 4.59 1.66 1.50 1.54 1.52
1.37 0.88 2.00 -286.72 -150.89 -40.28 3.14 2.02 4.59 1.63 1.58 1.53 1.54
-0.08 0.50 2.00 -176.45 -286.72 -147.90 -0.40 1.29 4.59 1.59 1.50 1.49 1.48
-0.25 0.45 1.02 -32.69 -43.70 -57.09 -0.59 1.03 2.35 1.60 1.50 1.53 1.54
0.14 -0.15 0.47 -5.45 61.73 4.40 1.32 0.38 1.37 1.65 1.52 1.48 1.50
0.42 0.52 0.02 -18.33 25.77 186.19 0.73 1.34 -0.33 1.62 1.53 1.54 1.53
0.25 0.49 -0.25 98.09 146.20 286.68 0.56 1.12 -0.57 1.64 1.56 1.54 1.52
0.45 0.75 0.25 236.64 286.61 268.04 1.11 1.99 0.58 1.65 1.50 1.55 1.55
0.49 1.06 0.75 286.68 286.68 156.41 1.13 2.43 1.72 1.67 1.50 1.56 1.51
0.73 0.64 0.74 279.32 286.68 9.98 1.58 1.44 1.62 1.63 1.61 1.51 1.49
0.65 0.74 0.95 179.71 154.44 -74.48 1.47 1.70 2.18 1.63 1.58 1.52 1.50
0.73 0.54 1.00 206.23 178.08 -140.45 1.67 1.24 2.28 1.61 1.52 1.55 1.54
0.79 0.41 1.09 183.63 121.97 -138.73 1.82 0.90 2.56 1.59 1.55 1.51 1.55
0.74 0.37 1.27 221.99 63.10 -136.68 1.70 0.85 2.93 1.62 1.51 1.54 1.52
0.53 0.10 1.27 193.48 20.19 -95.11 1.52 0.45 2.94 1.62 1.57 1.57 1.54
0.38 -0.06 1.32 162.44 31.70 -40.01 0.88 -0.15 3.04 1.60 1.60 1.52 1.58
0.43 -0.07 1.42 18.35 45.87 12.22 0.98 -0.15 3.26 1.65 1.60 1.56 1.55
0.39 0.03 1.43 -138.89 96.78 61.53 0.91 0.32 3.20 1.64 1.56 1.57 1.54
0.35 0.39 1.34 -231.57 122.24 68.32 0.81 0.89 3.08 1.62 1.55 1.54 1.52
0.57 0.37 1.17 -286.72 140.06 42.71 1.31 0.76 2.65 1.60 1.61 1.55 1.53
0.60 0.41 1.39 -286.72 120.02 -24.18 1.37 0.95 3.19 1.61 1.55 1.62 1.55
0.41 0.14 1.09 -245.11 119.29 -76.91 0.92 0.84 2.36 1.65 1.62 1.65 1.58
0.38 0.60 0.96 -108.61 -18.43 -70.69 0.87 1.37 2.19 1.59 1.63 1.71 1.52
0.42 0.29 0.82 -33.06 64.19 -74.52 0.97 0.67 1.87 1.64 1.63 1.74 1.56
0.44 0.28 0.62 -63.17 84.55 -84.65 0.55 0.03 1.31 1.60 1.66 1.80 1.65
0.38 0.47 0.67 -25.69 159.38 -62.16 0.87 1.08 1.53 1.63 1.70 1.83 1.69
0.37 0.83 0.05 0.04 175.67 -49.37 0.82 1.85 0.02 1.66 1.80 1.84 1.71
0.54 0.64 -0.14 82.39 216.31 -44.35 1.24 1.48 -0.32 1.67 1.81 1.95 1.72
0.79 0.53 -0.34 120.78 235.82 -52.97 1.81 1.21 -0.78 1.65 1.95 1.97 1.79
0.92 0.34 -0.53 172.79 226.56 -51.72 2.16 0.80 -1.26 1.66 1.95 2.06 1.86
0.69 0.16 -0.61 197.21 256.54 -29.58 1.59 0.37 -1.41 1.61 2.11 2.04 1.96
0.69 0.00 -0.50 200.92 242.95 -24.43 1.58 0.04 -1.18 1.66 2.05 2.16 1.94
0.80 0.16 -0.47 203.65 182.47 -29.40 1.85 0.37 -1.08 1.65 2.14 2.20 2.07
0.77 0.35 -0.57 214.46 101.31 -2.90 1.84 1.24 -1.39 1.70 2.12 2.26 2.04
0.41 0.66 -0.79 269.26 -9.20 11.91 1.23 1.54 -1.82 1.73 2.21 2.20 2.06
0.56 0.56 -1.21 218.67 -35.44 14.46 1.29 1.29 -2.77 1.81 2.21 2.25 2.09
0.70 0.30 -1.10 200.39 45.19 21.85 1.66 0.56 -2.47 1.88 2.25 2.18 2.18
1.08 0.47 -1.61 115.40 70.08 15.56 2.49 1.08 -3.69 2.01 2.13 2.30 2.06
1.21 0.39 -1.34 61.76 102.97 43.85 2.77 0.68 -3.16 1.99 2.24 2.25 2.08
1.36 0.70 -1.22 -13.38 116.24 46.16 3.13 1.60 -2.81 1.98 2.25 2.26 2.16
0.95 1.38 -1.10 47.00 -15.09 18.47 2.04 2.90 -2.34 1.98 2.22 2.26 2.13
0.76 0.99 -0.83 75.64 -8.66 4.87 1.86 2.31 -1.92 2.04 2.14 2.28 2.08
0.96 0.65 -0.70 58.30 15.86 1.53 2.21 1.50 -1.61 1.96 2.20 2.22 2.11
1.10 0.41 -0.64 26.69 27.50 6.93 2.59 0.98 -1.43 1.99 2.24 2.16 2.17
1.13 0.52 -0.46 -8.26 29.93 14.44 2.59 1.20 -1.06 2.03 2.15 2.19 2.14
1.01 0.61 -0.39 -17.57 25.80 8.50 2.33 1.43 -0.86 1.94 2.23 2.18 2.09
1.08 0.61 -0.30 -4.04 1.65 -4.80 2.47 1.37 -0.65 2.00 2.11 2.21 2.12
0.90 0.41 -0.12 7.12 -13.40 -9.47 2.06 0.93 -0.27 1.97 2.14 2.19 2.08
0.83 0.27 -0.07 1.29 -4.37 -8.09 1.95 0.65 -0.17 2.00 2.20 2.16 2.16
0.87 0.24 -0.09 -5.45 3.04 -2.16 2.00 0.55 -0.21 1.99 2.19 2.22 2.08
0.85 0.28 -0.14 -8.65 8.86 5.18 1.95 0.65 -0.33 1.97 2.14 2.24 2.05
0.88 0.37 -0.24 -7.21 9.13 8.90 2.05 0.84 -0.55 1.97 2.21 2.18 2.12
0.89 0.39 -0.25 3.23 1.63 7.60 2.05 0.90 -0.57 2.02 2.19 2.21 2.06
0.85 0.33 -0.24 9.90 -6.66 3.23 1.94 0.76 -0.56 2.01 2.15 2.24 2.04
0.88 0.31 -0.30 10.02 -8.86 3.05 2.02 0.71 -0.69 1.99 2.11 2.23 2.08
0.90 0.35 -0.40 5.19 -16.20 3.45 2.05 0.81 -0.92 1.95 2.23 2.15 2.09
0.84 0.47 -0.53 1.23 -29.65 4.27 1.95 1.07 -1.24 1.99 2.20 2.23 2.11
0.84 0.58 -0.64 -8.79 -34.26 0.60 1.92 1.33 -1.48 2.00 2.10 2.21 2.06
0.75 0.60 -0.78 -16.82 -37.87 2.07 1.72 1.39 -1.83 1.98 2.13 2.18 2.05
0.83 0.63 -0.99 -19.74 -32.22 9.23 2.09 1.52 -2.21 1.93 2.12 2.19 2.08
1.03 0.67 -1.09 -20.31 -51.97 14.29 2.36 1.53 -2.51 1.98 2.12 2.19 2.03
1.04 0.75 -1.12 -27.59 -83.70 7.39 2.23 1.55 -2.67 1.95 2.13 2.15 2.10
1.09 0.70 -1.07 -31.73 -107.31 -2.69 2.50 1.60 -2.45 1.95 2.11 2.21 2.08
0.96 0.72 -1.02 -33.95 -133.86 -16.14 2.21 1.86 -2.22 1.88 2.09 2.14 2.00
1.00 0.70 -0.88 -34.33 -140.18 -37.18 2.16 1.57 -2.04 1.86 2.08 2.21 2.04
0.95 0.73 -0.94 -27.91 -149.05 -43.68 2.18 1.66 -2.17 1.89 2.11 2.18 2.02
0.91 0.61 -0.83 -14.38 -133.46 -47.83 1.87 1.44 -1.88 1.80 2.05 2.17 1.93
0.79 0.55 -0.75 -21.57 -124.83 -53.11 1.81 1.25 -1.71 1.81 1.97 2.10 1.90
0.87 0.52 -0.72 10.65 -87.10 -44.80 2.13 1.16 -1.63 1.76 2.01 2.03 1.89
1.05 0.41 -0.69 31.46 -50.51 -32.67 2.41 0.94 -1.57 1.80 1.98 1.98 1.83
1.00 0.37 -0.57 46.44 -40.36 -16.58 2.29 0.84 -1.24 1.78 1.92 1.99 1.84
0.94 0.38 -0.51 86.31 -26.47 -5.17 2.08 0.85 -1.20 1.73 1.82 1.87 1.76
0.91 0.29 -0.19 74.75 -68.49 1.01 2.09 0.66 -0.43 1.77 1.80 1.90 1.69
0.75 0.48 -0.02 -14.95 -136.65 -16.63 1.54 1.24 -0.00 1.67 1.87 1.79 1.68
0.46 0.50 0.08 7.23 -95.01 -32.48 1.05 1.15 0.18 1.69 1.75 1.75 1.62
0.23 0.49 0.72 -35.28 -95.96 -30.90 0.54 1.13 1.66 1.66 1.68 1.73 1.58
0.28 0.54 0.89 -103.48 -87.30 -29.58 0.52 1.19 2.13 1.68 1.63 1.70 1.58
-0.05 0.33 1.00 -147.74 -136.72 -34.57 -0.11 0.77 2.29 1.65 1.60 1.66 1.56
0.04 0.19 0.97 -179.16 -181.81 -24.75 0.04 0.44 2.40 1.61 1.59 1.62 1.53
-0.12 0.06 1.28 -241.54 -262.22 -15.28 -0.28 0.14 2.94 1.65 1.56 1.60 1.55
-0.41 0.26 1.81 -286.72 -286.72 -7.47 -0.95 0.60 4.09 1.65 1.58 1.60 1.56
-0.45 0.22 2.00 -286.72 -286.72 -38.33 -0.93 0.49 4.59 1.61 1.55 1.54 1.53
-0.07 0.48 2.00 -286.72 -281.89 -32.14 -0.15 1.10 4.59 1.65 1.57 1.52 1.49
0.66 0.85 2.00 -286.72 -210.04 -15.57 1.60 2.04 4.59 1.65 1.53 1.55 1.55
1.18 0.95 2.00 -286.72 -159.00 -12.51 2.72 2.18 4.59 1.62 1.56 1.54 1.49
1.34 1.23 2.00 -286.72 -137.45 -7.04 3.01 2.98 4.59 1.61 1.53 1.51 1.50
0.31 0.54 1.92 -52.16 -258.05 -114.90 0.72 1.25 4.41 1.64 1.56 1.53 1.50
0.18 0.56 1.31 -28.25 -122.73 -51.20 0.35 1.37 2.90 1.62 1.52 1.56 1.51
0.24 0.56 0.63 17.78 -8.27 1.19 0.56 1.29 1.44 1.63 1.57 1.55 1.54
0.16 0.88 -0.06 56.57 -32.15 200.20 0.37 2.01 -0.15 1.61 1.53 1.58 1.49
0.27 0.47 -0.07 240.16 143.19 286.68 0.94 1.15 -0.05 1.59 1.58 1.51 1.50
0.54 0.69 0.10 286.68 260.20 224.56 1.24 1.57 0.23 1.63 1.55 1.54 1.53
0.98 0.59 0.63 286.68 179.16 80.95 2.05 1.32 1.73 1.60 1.52 1.54 1.55
0.53 0.62 0.98 286.63 74.28 -51.76 1.22 1.41 2.25 1.62 1.54 1.50 1.54
0.41 0.45 1.17 236.03 96.47 -102.02 0.94 1.04 2.53 1.60 1.54 1.54 1.55
0.59 0.22 1.22 188.32 140.02 -122.55 1.38 0.50 2.78 1.61 1.58 1.53 1.55
0.63 0.10 1.13 161.23 124.19 -108.62 1.44 0.23 2.60 1.60 1.56 1.58 1.52
0.66 0.13 1.23 152.05 77.29 -69.68 1.53 0.20 2.85 1.61 1.59 1.56 1.54
0.69 0.03 1.32 111.25 50.92 -34.12 1.58 0.07 3.03 1.64 1.55 1.56 1.53
0.54 -0.03 1.33 11.91 13.19 10.13 1.19 -0.01 3.08 1.59 1.55 1.54 1.54
0.39 0.12 1.89 -180.13 -36.31 75.91 0.90 0.28 4.33 1.64 1.54 1.58 1.56
-0.55 0.50 2.00 -286.72 -40.72 41.49 -1.26 1.14 4.59 1.63 1.58 1.60 1.57
-0.79 0.34 1.62 -191.24 106.49 -47.85 -1.72 0.42 3.58 1.62 1.59 1.55 1.52
0.21 0.32 1.66 -199.46 223.76 -61.89 0.48 0.73 3.82 1.66 1.61 1.68 1.56
0.36 0.60 1.45 -140.63 205.35 -71.64 1.09 1.41 3.14 1.62 1.64 1.70 1.54
0.30 0.78 1.18 -121.83 89.16 -75.16 0.70 1.78 2.71 1.63 1.68 1.87 1.63
0.55 0.78 0.97 21.36 185.96 -71.00 1.48 1.88 2.11 1.64 1.78 1.96 1.69
0.64 0.73 0.22 99.36 164.88 -103.35 1.47 1.68 0.50 1.63 1.93 1.98 1.74
0.51 0.47 0.25 161.81 154.02 -92.16 1.16 1.07 0.58 1.62 1.98 2.10 1.82
0.12 0.11 -0.11 179.57 125.73 -49.92 0.44 0.01 -0.27 1.62 2.03 2.13 1.88
0.55 0.06 -0.20 157.03 219.40 -1.53 1.27 0.13 -0.45 1.67 2.06 2.22 1.90
0.83 0.16 -0.09 143.22 286.68 57.26 1.93 0.46 -0.35 1.64 2.17 2.14 2.06
0.90 0.50 -0.46 163.47 286.68 61.72 2.07 1.15 -1.07 1.68 2.21 2.17 2.08
0.92 0.64 -0.91 215.78 286.65 47.78 2.17 1.41 -2.18 1.71 2.13 2.23 2.05
1.07 0.59 -1.12 249.02 222.39 29.20 2.55 1.36 -2.58 1.72 2.17 2.33 2.06
1.09 0.62 -1.18 245.05 113.03 3.92 2.50 1.43 -2.72 1.80 2.14 2.19 2.12
1.10 0.66 -0.96 241.60 -68.33 -32.31 2.38 1.49 -2.24 1.85 2.17 2.26 2.14
0.89 1.06 -1.34 190.33 -157.85 -21.49 2.03 2.43 -3.07 1.87 2.25 2.23 2.12
0.80 0.60 -1.11 157.25 -30.47 22.92 1.83 1.50 -2.61 1.99 2.14 2.31 2.09
1.09 0.57 -1.10 72.35 75.07 16.35 2.49 1.32 -2.53 1.91 2.24 2.22 2.09
1.04 0.52 -1.11 29.01 96.29 12.02 2.16 1.59 -2.52 1.97 2.17 2.26 2.14
0.90 0.76 -1.03 -9.84 119.23 17.36 2.26 2.01 -2.32 1.97 2.20 2.25 2.13
0.98 0.90 -0.79 -27.19 97.72 13.84 2.25 2.07 -1.82 2.00 2.20 2.20 2.16
0.93 1.15 -0.74 22.84 6.38 -4.26 2.06 2.30 -1.63 2.00 2.16 2.25 2.13
1.01 0.81 -0.58 34.12 10.68 -12.71 2.32 1.85 -1.33 2.04 2.11 2.25 2.15
1.03 0.49 -0.50 14.52 6.64 -16.42 2.33 1.06 -1.07 1.96 2.24 2.19 2.15
0.93 0.51 -0.41 -11.42 23.52 -0.14 2.15 1.18 -0.94 1.97 2.12 2.20 2.12
0.94 0.47 -0.38 -19.08 24.22 2.68 2.16 1.07 -0.86 1.98 2.20 2.24 2.07
0.95 0.56 -0.35 -23.74 19.67 3.46 2.19 1.28 -0.78 2.02 2.20 2.17 2.09
0.98 0.48 -0.31 -4.60 -1.46 -2.82 2.25 1.10 -0.71 2.04 2.11 2.27 2.07
0.95 0.34 -0.20 -4.83 -12.38 -10.29 2.18 0.75 -0.41 2.01 2.16 2.23 2.10
0.88 0.24 -0.07 -2.02 -19.91 -11.68 2.02 0.54 -0.13 1.99 2.18 2.18 2.08
0.82 0.19 0.03 -7.39 -16.81 -8.59 1.89 0.44 0.06 2.04 2.11 2.24 2.09
0.84 0.21 0.11 -10.40 -6.88 0.49 1.93 0.47 0.24 1.98 2.19 2.23 2.08
0.95 0.30 0.02 -7.42 0.54 7.44 2.18 0.68 0.04 2.01 2.12 2.21 2.06
1.02 0.34 -0.03 -1.37 -4.05 7.72 2.34 0.78 -0.07 1.98 2.21 2.16 2.12
0.97 0.36 -0.01 4.70 -13.27 3.04 2.24 0.81 0.01 2.06 2.12 2.28 2.03
0.89 0.28 0.10 7.95 -19.67 -1.47 2.05 0.65 0.23 2.00 2.11 2.23 2.11
0.82 0.30 0.18 5.91 -11.76 -0.74 1.88 0.70 0.42 2.01 2.18 2.19 2.09
0.83 0.27 0.16 5.40 0.79 2.44 1.93 0.63 0.39 2.00 2.14 2.23 2.10
0.94 0.32 0.07 -1.39 10.09 2.18 2.16 0.74 0.15 2.01 2.21 2.15 2.09
0.97 0.38 -0.03 0.68 5.19 2.49 2.24 0.86 -0.07 2.00 2.16 2.21 2.06
0.93 0.41 -0.04 1.58 -2.29 -0.11 2.14 0.94 -0.09 1.97 2.17 2.17 2.09
0.91 0.39 -0.04 7.03 -6.21 -0.32 2.10 0.89 -0.10 2.04 2.13 2.20 2.10
0.90 0.36 -0.06 6.42 -8.72 -3.78 2.07 0.82 -0.13 2.01 2.19 2.22 2.08
0.85 0.36 -0.01 3.82 -10.40 -4.95 1.96 0.83 -0.01 2.00 2.12 2.21 2.04
0.86 0.34 0.03 -0.17 -6.19 -5.22 1.98 0.79 0.08 1.96 2.17 2.19 2.06
0.91 0.33 0.06 -3.28 -3.21 -4.59 2.10 0.77 0.13 2.00 2.19 2.23 2.09
0.96 0.35 0.03 -3.04 -5.14 -2.90 2.21 0.81 0.08 2.00 2.12 2.21 2.05
0.96 0.35 0.03 -1.41 -9.32 -2.65 2.16 0.82 0.05 1.98 2.15 2.16 2.08
0.92 0.38 0.01 -0.45 -12.28 -4.57 2.12 0.87 0.02 2.03 2.11 2.22 2.12
0.88 0.35 0.02 2.36 -13.48 -3.61 2.02 0.80 0.06 2.01 2.18 2.21 2.08
0.86 0.32 0.04 1.80 -10.70 -3.32 1.98 0.73 0.09 1.99 2.10 2.21 2.04
0.87 0.33 0.06 -2.41 -5.02 -3.47 1.99 0.75 0.13 2.01 2.14 2.21 2.05
0.94 0.32 0.04 -3.67 -1.56 -2.15 2.17 0.74 0.08 1.99 2.10 2.19 2.09
1.01 0.36 0.00 -5.21 -5.94 -2.62 2.33 0.79 0.01 1.99 2.11 2.20 2.09
1.00 0.36 0.03 -3.37 -13.61 -2.60 2.30 0.83 0.06 1.93 2.17 2.21 2.05
0.94 0.38 0.06 -2.27 -17.01 -5.70 2.14 0.87 0.15 2.03 2.10 2.23 2.06
0.90 0.34 0.07 0.61 -13.02 -5.51 2.06 0.77 0.17 1.95 2.10 2.19 2.10
0.87 0.30 0.10 -0.89 -7.72 -2.84 1.98 0.68 0.26 1.94 2.15 2.22 2.06
0.88 0.30 0.11 -5.11 3.33 1.07 2.03 0.70 0.25 1.97 2.09 2.20 2.05
0.98 0.37 0.03 -7.11 7.60 1.64 2.26 0.84 0.07 1.98 2.16 2.22 2.08
1.02 0.39 -0.01 -3.55 1.72 1.00 2.34 0.88 -0.03 1.98 2.13 2.16 2.04
0.99 0.37 -0.01 0.36 -6.89 -0.68 2.28 0.85 -0.01 1.99 2.19 2.24 2.05
0.93 0.35 0.05 1.45 -12.85 -2.16 2.13 0.79 0.10 1.99 2.10 2.21 2.09
0.88 0.34 0.09 0.75 -10.09 -3.15 2.02 0.77 0.20 2.00 2.09 2.20 2.11
0.89 0.32 0.09 0.76 -4.69 -2.48 2.04 0.73 0.21 1.99 2.12 2.20 2.08
0.90 0.31 0.10 -1.61 -0.26 -1.37 2.08 0.71 0.22 1.98 2.18 2.21 2.07
0.93 0.35 0.08 -3.51 1.36 -1.22 2.15 0.80 0.17 1.97 2.14 2.19 2.04
