start recording
-1.02 -1.42 1.38 2.31 -286.72 181.54 -2.18 -3.21 3.29 1.60 1.52 1.49 1.53
-0.47 -0.95 1.40 -129.88 -217.36 117.89 -1.08 -2.17 3.21 1.60 1.53 1.50 1.53
-0.33 -0.59 1.20 -173.22 -167.20 120.82 -0.73 -1.25 2.76 1.60 1.51 1.49 1.54
-0.33 -0.08 1.07 -126.54 -111.88 129.49 -0.75 -0.19 2.45 1.61 1.52 1.50 1.54
-0.32 -0.06 1.02 -35.07 -91.79 139.84 -0.62 -0.04 2.36 1.61 1.51 1.51 1.54
-0.33 -0.06 1.20 45.33 -79.21 139.63 -0.61 -0.48 2.84 1.62 1.53 1.49 1.54
-0.29 -0.33 1.39 20.77 -82.41 104.50 -0.66 -0.76 3.18 1.60 1.53 1.52 1.53
-0.27 -0.32 1.41 -27.34 -68.73 69.64 -0.62 -0.74 3.20 1.60 1.53 1.50 1.54
-0.25 -0.12 1.29 -65.77 -48.42 46.54 -0.57 -0.27 2.95 1.61 1.51 1.52 1.52
-0.17 0.02 1.18 -63.26 -26.15 41.20 -0.37 0.08 2.68 1.60 1.52 1.51 1.54
-0.11 0.13 1.09 -35.06 -8.93 43.85 -0.25 0.30 2.50 1.61 1.51 1.51 1.52
-0.07 0.05 1.07 -4.47 2.32 46.11 -0.15 0.11 2.45 1.60 1.53 1.49 1.55
-0.02 -0.08 1.06 9.49 5.79 37.62 -0.05 -0.19 2.43 1.62 1.51 1.52 1.53
-0.00 -0.19 1.10 2.43 2.73 23.82 -0.00 -0.44 2.52 1.60 1.53 1.51 1.53
0.02 -0.21 1.10 -11.10 1.38 7.42 0.05 -0.46 2.49 1.61 1.53 1.51 1.54
0.04 -0.16 1.03 -18.91 2.17 -4.59 0.11 -0.37 2.37 1.61 1.53 1.50 1.54
0.10 -0.20 1.00 -20.20 4.90 -9.70 0.22 -0.46 2.30 1.63 1.53 1.52 1.54
0.12 -0.20 0.96 -20.51 8.38 -10.66 0.31 -0.46 2.19 1.62 1.53 1.50 1.55
0.19 -0.19 0.93 -13.16 8.57 -9.27 0.45 -0.44 2.13 1.61 1.52 1.52 1.55
0.21 -0.22 0.91 -2.58 5.34 -9.66 0.49 -0.50 2.10 1.61 1.53 1.50 1.53
0.22 -0.27 0.94 4.06 3.16 -13.69 0.52 -0.63 2.15 1.60 1.52 1.52 1.54
0.24 -0.33 0.94 2.84 1.70 -16.74 0.56 -0.76 2.15 1.62 1.53 1.52 1.54
0.24 -0.35 0.93 -5.10 0.41 -20.63 0.55 -0.80 2.13 1.63 1.53 1.51 1.53
0.20 -0.32 0.91 -10.40 -0.20 -24.46 0.45 -0.74 2.08 1.63 1.52 1.52 1.55
0.17 -0.32 0.92 -11.03 4.51 -30.70 0.39 -0.69 2.11 1.62 1.52 1.51 1.55
0.17 -0.30 0.93 -10.59 11.49 -34.91 0.41 -0.67 2.14 1.62 1.51 1.52 1.55
0.17 -0.28 0.96 -8.56 15.90 -38.17 0.40 -0.64 2.21 1.62 1.53 1.51 1.54
0.17 -0.27 0.99 -1.87 22.44 -41.70 0.38 -0.61 2.27 1.63 1.53 1.51 1.55
0.11 -0.26 1.00 8.06 30.85 -48.10 0.25 -0.59 2.29 1.61 1.53 1.50 1.55
0.08 -0.28 1.09 11.44 50.99 -60.58 0.18 -0.66 2.51 1.63 1.53 1.52 1.55
0.09 -0.40 1.05 9.16 69.30 -71.50 0.22 -0.96 2.42 1.62 1.53 1.51 1.55
0.07 -0.47 1.08 -4.58 74.52 -76.44 0.16 -1.07 2.48 1.63 1.53 1.51 1.55
0.02 -0.52 1.12 -22.36 86.35 -85.69 0.03 -1.19 2.54 1.63 1.52 1.53 1.53
-0.01 -0.52 1.09 -48.71 100.78 -104.13 -0.02 -1.19 2.49 1.64 1.52 1.52 1.55
-0.01 -0.52 1.16 -68.22 123.93 -126.40 -0.04 -1.12 2.68 1.64 1.52 1.52 1.55
-0.03 -0.64 1.16 -95.48 159.02 -156.18 -0.06 -1.44 2.66 1.64 1.53 1.52 1.54
-0.01 -0.65 1.18 -147.17 190.82 -191.91 -0.03 -1.49 2.70 1.64 1.53 1.54 1.54
0.00 -0.67 1.17 -177.08 220.88 -224.12 0.03 -1.55 2.68 1.64 1.53 1.55 1.53
0.07 -0.72 1.00 -224.95 248.94 -231.16 0.16 -1.66 2.29 1.64 1.55 1.55 1.55
0.13 -0.54 0.74 -243.74 253.37 -207.57 0.32 -1.24 1.72 1.66 1.55 1.57 1.54
0.26 -0.55 0.77 -235.68 249.64 -169.63 0.59 -1.26 1.77 1.66 1.58 1.64 1.55
0.41 -0.56 0.84 -214.98 242.75 -145.78 1.01 -1.36 1.91 1.66 1.60 1.68 1.57
0.34 -0.88 0.99 -218.32 248.37 -135.98 0.77 -2.01 2.28 1.64 1.66 1.75 1.58
0.36 -0.94 0.94 -256.87 268.52 -136.60 0.83 -2.15 2.17 1.64 1.73 1.80 1.63
0.51 -0.88 0.82 -286.72 257.57 -130.45 1.12 -1.97 1.92 1.66 1.80 1.84 1.67
0.54 -0.92 0.85 -286.72 266.56 -104.51 1.23 -2.10 1.95 1.65 1.84 1.92 1.71
0.55 -0.64 0.59 -286.72 277.55 -62.87 1.23 -1.45 1.28 1.66 1.89 1.95 1.73
0.55 -0.28 0.60 -286.72 286.68 -19.16 1.27 -0.63 1.37 1.65 1.95 2.03 1.78
0.57 -0.29 0.76 -284.24 286.68 8.90 1.26 -0.61 1.78 1.65 1.98 2.06 1.81
0.51 -0.16 0.60 -241.15 286.68 11.26 1.16 -0.36 1.37 1.65 2.03 2.10 1.85
0.60 -0.32 0.62 -206.14 286.68 16.52 1.38 -0.73 1.42 1.65 2.05 2.12 1.90
0.67 -0.49 0.62 -181.62 286.68 37.90 1.52 -1.19 1.37 1.64 2.07 2.15 1.91
0.84 -0.50 0.43 -182.53 286.68 67.90 1.93 -1.15 0.98 1.65 2.10 2.16 1.95
0.71 -0.33 0.30 -178.29 286.25 101.11 1.62 -0.79 0.71 1.64 2.11 2.17 1.98
0.73 -0.03 0.12 -157.32 281.54 128.24 1.68 -0.08 0.28 1.65 2.12 2.22 2.00
0.79 0.37 0.03 -102.29 286.68 142.76 1.80 0.97 0.16 1.65 2.16 2.21 2.02
0.66 0.57 0.01 -8.16 282.94 134.93 1.54 1.31 0.02 1.67 2.17 2.23 2.05
0.96 0.66 -0.42 54.08 232.65 113.38 2.20 1.51 -0.97 1.67 2.17 2.23 2.05
0.95 0.11 -0.24 138.80 201.64 99.60 2.28 0.27 -0.62 1.72 2.16 2.23 2.07
0.97 0.18 -0.38 137.31 119.69 102.31 2.23 0.41 -0.88 1.77 2.16 2.21 2.06
0.99 0.00 -0.34 106.62 65.12 105.62 2.30 0.05 -0.73 1.82 2.16 2.21 2.05
0.97 0.10 -0.36 58.61 58.01 118.61 2.23 0.24 -0.83 1.84 2.16 2.21 2.05
0.92 0.14 -0.32 24.50 63.10 116.24 1.88 0.55 -0.78 1.91 2.14 2.19 2.05
0.89 0.19 -0.34 -19.06 76.14 100.02 2.01 0.53 -0.80 1.91 2.16 2.19 2.05
1.01 0.60 -0.38 -42.85 114.31 80.90 2.31 1.38 -0.87 1.95 2.15 2.21 2.05
1.04 0.57 -0.50 -34.00 95.88 48.24 2.30 1.33 -1.03 1.95 2.16 2.19 2.06
0.87 0.44 -0.36 -23.30 58.38 27.42 2.00 1.02 -0.84 1.98 2.16 2.20 2.06
0.82 0.42 -0.31 -20.64 58.52 25.38 1.89 0.94 -0.70 1.99 2.14 2.18 2.04
0.86 0.29 -0.29 -20.42 58.88 37.79 1.96 0.67 -0.66 1.99 2.16 2.19 2.04
0.90 0.36 -0.28 -21.50 51.26 45.33 2.08 1.00 -0.63 1.99 2.15 2.20 2.04
0.88 0.50 -0.31 -18.58 45.79 37.72 1.97 1.10 -0.65 2.00 2.15 2.18 2.05
0.79 0.52 -0.32 -9.73 39.42 26.50 1.81 1.20 -0.74 2.01 2.14 2.17 2.05
0.83 0.48 -0.35 -2.73 38.87 13.62 1.89 1.08 -0.81 2.01 2.14 2.20 2.05
0.81 0.38 -0.36 -2.26 34.72 8.92 1.85 0.87 -0.82 2.01 2.15 2.19 2.03
0.87 0.43 -0.38 -6.73 31.76 8.40 1.99 0.99 -0.88 2.01 2.15 2.19 2.03
0.85 0.42 -0.35 -9.51 26.70 6.57 1.93 0.95 -0.79 2.03 2.12 2.19 2.03
0.83 0.44 -0.33 -9.34 24.61 7.52 1.91 1.01 -0.76 2.01 2.13 2.17 2.04
0.83 0.41 -0.31 -8.69 22.58 8.98 1.91 0.97 -0.72 2.01 2.13 2.18 2.03
0.80 0.41 -0.25 -8.34 17.99 3.67 1.83 0.95 -0.58 2.01 2.13 2.18 2.04
0.84 0.42 -0.26 -7.44 19.24 3.10 1.93 0.97 -0.61 2.00 2.13 2.17 2.02
0.88 0.43 -0.27 -8.75 17.53 -0.38 2.02 0.98 -0.62 2.00 2.13 2.16 2.03
0.89 0.45 -0.26 -9.55 14.99 -4.14 2.05 1.04 -0.61 2.00 2.14 2.17 2.01
0.85 0.45 -0.24 -3.72 8.35 -6.55 1.94 1.02 -0.56 2.01 2.14 2.16 2.01
0.84 0.44 -0.25 -0.54 7.70 -7.32 1.93 1.01 -0.57 2.00 2.12 2.16 2.02
0.82 0.40 -0.23 -1.87 7.12 -6.32 1.89 0.91 -0.53 2.00 2.11 2.18 2.04
0.86 0.42 -0.26 -3.35 6.10 -1.99 1.97 0.97 -0.59 2.01 2.12 2.19 2.01
0.83 0.47 -0.23 -5.13 3.78 -1.34 1.91 1.07 -0.52 2.01 2.13 2.18 2.03
0.83 0.47 -0.20 -3.43 5.67 -2.71 1.91 1.07 -0.47 1.98 2.13 2.16 2.03
0.87 0.47 -0.23 -3.93 6.97 -4.93 2.00 1.08 -0.53 2.01 2.13 2.18 2.03
0.88 0.46 -0.22 -5.38 7.32 -7.40 2.01 1.05 -0.51 2.00 2.12 2.16 2.01
0.84 0.47 -0.20 -5.28 5.61 -8.49 1.91 1.08 -0.46 1.99 2.14 2.16 2.03
0.82 0.43 -0.17 -4.48 8.76 -9.37 1.88 0.99 -0.39 2.00 2.12 2.18 2.01
0.87 0.40 -0.19 -8.93 14.66 -6.39 2.00 0.92 -0.44 1.99 2.12 2.17 2.01
0.90 0.45 -0.23 -10.94 16.09 -5.07 2.06 1.04 -0.54 1.97 2.13 2.15 2.03
0.86 0.54 -0.23 -9.60 17.75 -9.64 1.97 1.23 -0.54 2.00 2.11 2.18 2.00
0.82 0.42 -0.20 -5.12 20.14 -13.08 1.90 0.96 -0.44 1.99 2.11 2.15 2.03
0.84 0.39 -0.24 -11.55 27.21 -13.29 1.92 0.92 -0.55 1.97 2.13 2.16 2.03
0.89 0.43 -0.26 -14.42 29.02 -10.45 2.05 0.98 -0.60 1.99 2.11 2.18 2.02
0.90 0.36 -0.28 -11.50 18.98 -8.06 2.06 0.83 -0.63 1.98 2.11 2.17 2.02
0.90 0.40 -0.28 -14.90 16.41 -7.18 2.06 0.93 -0.65 1.96 2.13 2.14 2.02
0.87 0.43 -0.30 -11.46 15.98 -8.76 1.99 0.99 -0.65 1.98 2.11 2.18 2.01
0.79 0.34 -0.23 -6.45 18.83 -4.87 1.87 0.77 -0.52 1.96 2.12 2.16 2.01
0.89 0.39 -0.30 -9.46 17.49 -3.18 2.03 0.89 -0.68 1.96 2.11 2.17 2.03
0.89 0.43 -0.33 -9.24 12.91 -5.17 2.06 1.02 -0.76 1.96 2.12 2.15 2.02
0.94 0.37 -0.30 -9.01 7.96 -5.98 2.16 0.84 -0.70 1.96 2.11 2.15 2.01
0.94 0.40 -0.33 -7.23 1.87 -9.94 2.16 0.91 -0.75 1.97 2.10 2.14 2.00
0.83 0.28 -0.26 -2.33 -3.42 -15.27 1.92 0.63 -0.58 1.97 2.12 2.15 2.01
0.87 0.28 -0.30 -6.70 0.94 -11.39 1.99 0.63 -0.69 1.97 2.11 2.18 2.00
0.86 0.28 -0.28 -7.79 1.71 -7.95 1.95 0.61 -0.62 1.96 2.10 2.17 2.02
0.82 0.30 -0.26 -11.73 4.38 -5.43 1.89 0.70 -0.60 1.96 2.11 2.15 2.02
0.87 0.39 -0.32 -12.44 8.62 -7.08 1.99 0.89 -0.74 1.96 2.12 2.14 2.02
0.83 0.37 -0.28 -5.43 8.72 -10.19 1.88 0.81 -0.62 1.95 2.12 2.14 2.01
0.80 0.28 -0.26 0.70 10.13 -8.40 1.84 0.65 -0.59 1.95 2.11 2.14 2.03
0.83 0.29 -0.30 -0.28 11.17 -3.12 1.91 0.68 -0.70 1.95 2.13 2.14 2.02
0.78 0.41 -0.28 -2.20 10.81 -1.28 1.76 0.96 -0.63 1.98 2.10 2.17 2.01
0.74 0.46 -0.31 0.56 16.71 -2.78 1.71 1.06 -0.71 1.96 2.12 2.15 2.01
0.77 0.53 -0.37 0.75 22.85 -7.31 1.77 1.24 -0.86 1.96 2.11 2.15 2.03
0.69 0.53 -0.37 1.53 24.63 -14.13 1.58 1.22 -0.84 1.94 2.11 2.14 2.03
0.67 0.51 -0.41 -4.46 31.90 -15.09 1.54 1.17 -0.98 1.93 2.10 2.14 2.00
0.69 0.56 -0.45 -10.12 33.79 -15.67 1.58 1.32 -1.05 1.92 2.12 2.14 2.02
0.67 0.68 -0.58 -19.03 32.99 -24.36 1.53 1.56 -1.33 1.90 2.11 2.15 2.01
0.77 0.86 -0.88 -30.14 41.70 -53.38 1.63 1.99 -1.38 1.89 2.10 2.12 1.99
0.56 0.98 -0.80 -28.92 11.01 -92.18 1.28 2.25 -1.83 1.85 2.09 2.14 1.98
0.55 0.97 -0.92 -42.24 -4.95 -138.15 1.31 2.21 -2.13 1.84 2.07 2.14 1.95
0.50 0.93 -1.04 -64.18 -42.57 -188.20 1.15 2.12 -2.39 1.80 2.06 2.09 1.95
0.38 0.76 -0.97 -82.31 -91.94 -234.72 0.87 1.74 -2.22 1.80 2.03 2.08 1.92
0.31 0.63 -0.94 -87.28 -112.80 -272.77 0.67 1.34 -2.09 1.79 2.01 2.02 1.87
0.37 0.45 -0.84 -86.55 -147.81 -286.72 0.84 1.03 -1.93 1.78 1.96 1.99 1.83
0.53 0.16 -0.94 -86.01 -194.20 -286.72 1.27 0.39 -2.08 1.76 1.91 1.95 1.80
0.64 -0.17 -0.93 -94.20 -286.62 -286.72 1.48 -0.39 -2.14 1.76 1.87 1.93 1.74
0.87 -0.48 -0.85 -75.07 -286.72 -286.72 2.06 -1.26 -1.94 1.76 1.84 1.89 1.68
1.19 -0.23 -0.88 -120.65 -286.72 -276.76 2.73 -0.54 -2.02 1.73 1.80 1.82 1.65
1.16 -0.05 -0.35 6.62 -286.72 -286.72 2.67 0.02 -0.96 1.71 1.75 1.79 1.62
0.26 -0.18 -0.72 109.80 -286.72 -286.72 0.46 -0.41 -1.67 1.68 1.70 1.72 1.61
0.35 -0.93 -0.23 227.57 -286.72 -286.72 0.81 -2.14 -0.54 1.66 1.63 1.68 1.59
0.45 -1.24 -0.17 261.12 -286.72 -261.79 0.73 -2.98 -0.48 1.65 1.60 1.65 1.55
0.43 -1.68 -0.44 286.68 -286.72 -144.08 0.98 -3.85 -1.00 1.63 1.58 1.60 1.56
0.15 -2.00 -0.55 286.68 -286.72 7.86 0.25 -4.59 -1.23 1.62 1.55 1.58 1.54
-0.31 -2.00 -0.41 286.67 -286.72 150.67 -0.70 -4.59 -0.95 1.62 1.54 1.55 1.54
-1.18 -2.00 -0.26 263.18 -286.72 222.91 -2.97 -4.59 -0.50 1.61 1.53 1.53 1.54
-1.03 -2.00 -0.16 236.21 -286.72 264.20 -2.33 -4.59 -0.38 1.59 1.53 1.52 1.54
-0.39 -2.00 0.29 181.55 -286.72 286.68 -0.89 -4.59 0.67 1.59 1.52 1.51 1.54
-0.67 -2.00 0.01 118.12 -286.72 286.68 -1.49 -4.59 0.04 1.60 1.52 1.52 1.53
-0.66 -1.97 0.44 132.29 -286.72 286.68 -1.51 -4.53 1.00 1.59 1.53 1.50 1.55
-0.78 -1.61 0.45 132.84 -286.72 286.68 -1.87 -3.70 0.97 1.59 1.53 1.49 1.54
-1.03 -1.37 0.81 151.43 -286.72 286.68 -2.37 -3.15 1.86 1.59 1.51 1.49 1.54
-1.01 -1.04 1.24 146.30 -286.72 255.83 -2.31 -2.51 2.99 1.59 1.53 1.50 1.54
-0.73 -0.99 1.57 62.37 -219.57 170.77 -1.68 -2.27 3.60 1.59 1.52 1.51 1.54
-0.47 -0.92 1.61 -48.27 -146.13 129.08 -1.07 -2.12 3.70 1.59 1.51 1.48 1.53
-0.46 -0.46 1.32 -118.79 -125.46 109.72 -1.04 -0.97 2.97 1.60 1.52 1.49 1.55
-0.44 -0.18 1.01 -99.30 -107.39 102.64 -1.00 -0.42 2.32 1.59 1.52 1.49 1.54
-0.54 -0.02 1.07 -20.14 -83.27 103.97 -1.22 -0.08 2.41 1.59 1.52 1.50 1.54
-0.55 -0.08 1.17 41.11 -59.51 97.68 -1.27 -0.18 2.68 1.59 1.52 1.50 1.53
-0.51 -0.31 1.27 59.12 -39.51 77.52 -1.13 -0.75 2.93 1.60 1.52 1.50 1.54
-0.39 -0.53 1.29 40.91 -7.95 56.04 -0.89 -1.22 2.95 1.58 1.51 1.50 1.54
-0.26 -0.62 1.23 0.04 -0.65 42.73 -0.59 -1.43 2.83 1.60 1.50 1.50 1.54
-0.19 -0.50 1.05 -36.53 -2.13 28.81 -0.43 -1.12 2.38 1.59 1.53 1.49 1.54
-0.15 -0.28 0.91 -41.02 -4.74 19.16 -0.35 -0.64 2.09 1.58 1.53 1.49 1.54
-0.15 -0.24 0.88 -17.95 -4.07 11.13 -0.34 -0.56 2.03 1.58 1.52 1.50 1.55
-0.15 -0.19 0.96 5.94 3.81 -1.99 -0.34 -0.44 2.20 1.60 1.52 1.51 1.54
-0.12 -0.27 0.96 23.10 18.33 -10.73 -0.28 -0.62 2.20 1.60 1.52 1.49 1.54
-0.04 -0.44 0.97 24.41 28.67 -16.37 -0.06 -1.04 2.21 1.59 1.52 1.49 1.54
0.02 -0.54 0.97 4.69 24.17 -19.84 0.05 -1.23 2.23 1.60 1.52 1.50 1.54
0.04 -0.54 0.90 -12.14 20.23 -27.20 0.08 -1.22 2.06 1.59 1.53 1.50 1.54
0.02 -0.51 0.89 -16.90 19.15 -37.52 0.06 -1.17 2.04 1.58 1.52 1.51 1.54
0.05 -0.50 0.89 -18.24 21.71 -48.97 0.13 -1.15 2.04 1.60 1.53 1.50 1.55
0.06 -0.47 0.88 -16.87 26.54 -53.75 0.15 -1.08 2.02 1.59 1.52 1.50 1.54
0.09 -0.49 0.84 -4.78 34.27 -49.63 0.22 -1.14 1.93 1.60 1.53 1.49 1.55
0.13 -0.52 0.84 10.22 37.62 -37.76 0.30 -1.20 1.93 1.59 1.53 1.51 1.54
0.11 -0.54 0.84 22.84 44.06 -28.87 0.25 -1.24 1.94 1.60 1.52 1.51 1.55
0.11 -0.60 0.84 29.86 49.46 -27.37 0.26 -1.38 1.94 1.60 1.53 1.49 1.54
0.08 -0.61 0.91 28.12 57.51 -35.05 0.19 -1.41 2.09 1.60 1.53 1.51 1.55
0.04 -0.61 0.90 18.33 75.33 -50.96 0.10 -1.40 2.06 1.59 1.53 1.50 1.55
0.06 -0.61 0.87 10.20 86.95 -63.79 0.14 -1.37 1.99 1.60 1.53 1.50 1.54
0.06 -0.55 0.89 4.98 93.42 -70.73 0.13 -1.26 2.03 1.60 1.53 1.52 1.55
0.05 -0.56 0.86 3.12 98.35 -77.42 0.14 -1.31 1.96 1.60 1.53 1.50 1.55
0.09 -0.59 0.85 1.51 96.68 -79.22 0.21 -1.34 1.95 1.60 1.52 1.52 1.54
0.06 -0.60 0.85 2.63 97.52 -79.38 0.14 -1.38 1.95 1.59 1.52 1.51 1.54
0.07 -0.71 0.85 -3.42 101.67 -86.08 0.18 -1.68 1.94 1.60 1.53 1.51 1.54
0.09 -0.80 0.92 -26.50 103.54 -98.43 0.20 -1.84 2.11 1.61 1.52 1.53 1.54
-0.01 -0.86 0.95 -59.98 120.68 -123.86 -0.02 -2.00 2.16 1.59 1.53 1.52 1.53
0.03 -0.85 0.88 -101.05 138.71 -155.29 0.07 -1.95 2.02 1.60 1.52 1.52 1.56
-0.02 -0.76 0.84 -114.25 153.23 -171.90 -0.04 -1.74 1.92 1.60 1.53 1.52 1.55
0.06 -0.69 0.83 -117.43 180.91 -177.58 0.10 -1.89 1.72 1.61 1.53 1.52 1.54
0.16 -0.83 0.77 -129.41 189.60 -179.42 0.37 -1.92 1.76 1.60 1.52 1.53 1.56
0.09 -0.88 0.75 -131.79 191.58 -171.65 0.20 -2.02 1.74 1.61 1.54 1.53 1.54
0.16 -1.00 0.79 -146.28 198.49 -168.24 0.37 -2.29 1.81 1.62 1.53 1.55 1.54
0.11 -0.93 0.90 -163.72 196.32 -167.61 0.10 -2.22 2.09 1.61 1.53 1.55 1.55
0.01 -1.05 0.90 -185.96 224.43 -174.14 -0.05 -2.43 2.05 1.62 1.54 1.55 1.54
0.06 -1.07 0.91 -233.06 247.48 -176.09 0.14 -2.46 2.08 1.61 1.55 1.56 1.54
0.09 -0.91 0.80 -271.99 256.98 -179.23 0.15 -2.01 1.80 1.63 1.54 1.60 1.54
0.21 -0.73 0.61 -255.51 267.03 -173.85 0.49 -1.67 1.39 1.61 1.55 1.61 1.55
0.35 -0.65 0.59 -222.01 262.49 -145.99 0.87 -1.47 1.39 1.63 1.56 1.64 1.55
0.45 -0.72 0.73 -192.85 252.56 -108.18 1.03 -1.66 1.67 1.63 1.57 1.66 1.56
0.50 -0.81 0.76 -182.32 232.40 -81.85 1.14 -1.89 1.77 1.63 1.58 1.68 1.55
0.44 -0.87 0.86 -195.03 220.21 -60.68 0.96 -1.97 1.98 1.62 1.59 1.71 1.56
0.43 -0.73 0.76 -215.26 223.62 -48.51 0.98 -1.68 1.74 1.64 1.61 1.72 1.57
0.45 -0.52 0.71 -224.44 230.54 -45.33 1.05 -1.16 1.64 1.63 1.62 1.74 1.60
0.36 -0.52 0.72 -210.72 253.01 -43.85 0.83 -1.19 1.65 1.64 1.66 1.76 1.63
0.44 -0.50 0.54 -199.89 256.88 -42.28 1.08 -1.19 1.21 1.65 1.71 1.79 1.65
0.54 -0.50 0.60 -212.07 251.05 -33.41 1.24 -1.15 1.38 1.65 1.73 1.81 1.67
0.63 -0.43 0.59 -216.47 247.16 -22.10 1.45 -0.98 1.29 1.66 1.78 1.85 1.69
0.69 -0.45 0.54 -224.07 260.57 -2.66 1.68 -1.10 1.18 1.66 1.80 1.86 1.72
0.71 -0.38 0.56 -220.82 276.46 14.11 1.63 -0.87 1.27 1.67 1.82 1.89 1.73
0.70 -0.29 0.43 -201.14 286.68 31.95 1.61 -0.67 0.94 1.67 1.87 1.93 1.76
0.65 -0.25 0.50 -165.57 286.68 45.51 1.48 -0.57 1.16 1.67 1.91 1.98 1.79
0.59 -0.22 0.37 -154.79 286.68 50.00 1.40 -0.41 0.87 1.66 1.93 1.99 1.82
0.67 -0.26 0.33 -132.96 286.68 53.04 1.53 -0.60 0.75 1.67 1.98 2.02 1.87
0.86 -0.19 0.17 -138.94 286.68 58.64 1.98 -0.44 0.40 1.66 2.00 2.05 1.89
0.93 0.03 -0.01 -128.64 286.68 64.72 1.97 0.04 -0.05 1.66 2.03 2.10 1.91
0.98 0.17 -0.13 -79.44 286.65 67.13 2.26 0.39 -0.29 1.68 2.05 2.09 1.94
0.98 0.26 -0.11 -12.17 268.57 58.69 2.21 0.55 -0.27 1.66 2.07 2.11 1.96
0.91 0.14 -0.23 39.54 205.35 46.59 2.09 0.33 -0.52 1.68 2.09 2.14 1.97
1.07 0.11 -0.24 45.53 168.18 31.28 2.50 0.21 -0.54 1.68 2.09 2.14 1.99
1.00 0.10 -0.22 69.54 142.81 29.11 2.24 0.23 -0.55 1.67 2.10 2.14 1.99
0.97 -0.00 -0.15 86.97 136.10 35.29 2.22 -0.01 -0.35 1.66 2.11 2.15 2.00
0.96 0.03 -0.03 95.67 136.42 38.46 2.14 0.08 -0.05 1.67 2.11 2.15 2.03
0.88 0.01 -0.12 100.78 142.04 42.44 2.01 0.03 -0.27 1.67 2.13 2.17 2.01
0.90 0.10 -0.12 91.08 136.55 53.15 2.09 0.30 -0.29 1.67 2.13 2.17 2.03
0.91 0.20 -0.18 96.03 143.41 51.14 2.09 0.45 -0.42 1.67 2.13 2.17 2.05
1.05 0.24 -0.38 96.37 121.42 50.27 2.41 0.55 -0.88 1.67 2.13 2.18 2.03
1.13 0.27 -0.35 96.58 98.62 44.67 2.54 0.62 -0.81 1.66 2.13 2.17 2.03
0.98 0.25 -0.26 108.70 80.41 37.98 2.25 0.57 -0.59 1.68 2.13 2.18 2.06
0.92 0.19 -0.08 112.81 66.61 39.87 1.93 0.36 -0.10 1.69 2.13 2.18 2.05
0.76 0.20 -0.14 122.25 65.26 52.33 1.74 0.46 -0.33 1.70 2.15 2.18 2.04
0.76 0.09 -0.20 137.37 68.00 70.21 1.83 0.10 -0.47 1.71 2.15 2.18 2.05
0.88 0.17 -0.26 115.01 51.12 79.99 2.07 0.44 -0.64 1.73 2.16 2.17 2.06
0.93 0.35 -0.39 96.32 39.38 76.83 2.14 0.80 -0.91 1.76 2.15 2.19 2.05
1.00 0.38 -0.35 91.17 36.37 71.77 2.25 0.83 -0.90 1.80 2.16 2.20 2.06
0.95 0.26 -0.37 78.62 38.66 75.57 2.19 0.60 -0.85 1.85 2.14 2.18 2.08
0.92 0.15 -0.32 71.40 37.85 90.12 2.02 0.33 -0.71 1.86 2.15 2.19 2.07
0.81 0.21 -0.32 52.84 32.38 95.71 1.85 0.48 -0.74 1.88 2.15 2.19 2.06
0.87 0.55 -0.41 28.82 29.48 71.15 1.99 1.27 -0.93 1.91 2.15 2.18 2.07
0.79 0.73 -0.43 28.12 27.81 41.69 1.72 1.61 -0.93 1.94 2.15 2.19 2.07
0.79 0.59 -0.38 37.01 33.28 24.12 1.81 1.36 -0.87 1.95 2.15 2.19 2.07
0.89 0.50 -0.44 34.06 32.55 19.41 1.99 1.04 -0.99 1.97 2.16 2.18 2.07
0.85 0.42 -0.40 31.78 21.33 27.04 1.95 0.96 -0.93 1.98 2.14 2.18 2.06
0.71 0.40 -0.33 16.07 22.26 34.31 1.77 0.98 -0.77 1.98 2.14 2.18 2.06
0.76 0.47 -0.39 -2.63 33.24 34.87 1.75 1.09 -0.92 1.99 2.16 2.18 2.07
0.77 0.55 -0.41 -19.57 33.05 21.05 1.77 1.27 -0.93 2.00 2.14 2.17 2.06
0.82 0.68 -0.48 -23.21 29.18 0.86 1.91 1.57 -1.12 1.98 2.15 2.18 2.06
0.79 0.60 -0.49 -7.77 14.93 -8.91 1.80 1.37 -1.13 2.00 2.14 2.16 2.04
0.78 0.44 -0.45 -4.13 5.06 -12.94 1.80 0.99 -1.03 2.00 2.13 2.18 2.04
0.72 0.42 -0.40 -11.29 -2.02 -10.37 1.66 0.98 -0.92 2.00 2.16 2.17 2.05
0.72 0.44 -0.38 -12.05 2.98 -4.66 1.66 1.02 -0.87 1.99 2.15 2.16 2.05
0.73 0.42 -0.36 -12.49 5.10 -3.03 1.70 0.97 -0.84 2.00 2.14 2.18 2.05
0.82 0.46 -0.38 -10.26 -1.71 -3.53 1.88 1.04 -0.88 1.99 2.14 2.17 2.04
0.85 0.43 -0.35 -5.01 -9.27 -4.69 1.94 0.99 -0.81 1.99 2.13 2.16 2.04
0.83 0.41 -0.28 -4.32 -14.35 -6.52 1.91 0.95 -0.65 1.99 2.14 2.16 2.04
0.83 0.41 -0.25 -3.91 -11.85 -7.91 1.91 0.95 -0.57 2.00 2.14 2.16 2.04
0.86 0.36 -0.23 -2.58 -9.98 -8.59 1.98 0.81 -0.55 1.99 2.13 2.16 2.03
0.86 0.32 -0.22 -5.38 -6.74 -4.09 1.98 0.75 -0.49 2.00 2.15 2.15 2.03
0.85 0.36 -0.21 -6.16 -1.93 0.01 1.96 0.82 -0.47 1.99 2.14 2.17 2.05
0.90 0.36 -0.25 -5.22 2.58 2.16 2.07 0.84 -0.59 1.98 2.14 2.15 2.04
0.91 0.44 -0.29 -6.21 0.10 -1.48 2.08 1.01 -0.68 1.98 2.14 2.14 2.05
0.86 0.42 -0.27 -0.84 -3.13 -5.94 1.97 0.96 -0.62 1.98 2.14 2.15 2.04
0.85 0.37 -0.26 0.64 -1.97 -8.20 1.96 0.84 -0.61 2.00 2.11 2.16 2.03
0.87 0.32 -0.25 -2.82 -0.91 -6.12 1.99 0.73 -0.57 1.99 2.12 2.15 2.04
0.84 0.33 -0.22 -7.78 1.54 -1.43 1.91 0.78 -0.51 1.99 2.13 2.14 2.04
0.87 0.37 -0.24 -7.67 8.08 2.67 1.99 0.86 -0.54 1.99 2.12 2.15 2.04
0.92 0.42 -0.28 -6.12 9.21 1.87 2.10 0.95 -0.65 1.99 2.12 2.14 2.05
0.89 0.39 -0.28 -0.69 3.25 -0.95 2.01 0.88 -0.63 1.99 2.13 2.15 2.03
0.84 0.34 -0.24 -1.11 3.49 0.00 1.92 0.78 -0.55 1.99 2.12 2.17 2.03
0.85 0.37 -0.27 -4.01 7.50 3.13 1.95 0.88 -0.63 1.97 2.13 2.16 2.03
0.82 0.42 -0.27 -5.58 8.83 3.20 1.87 0.97 -0.62 1.99 2.12 2.15 2.04
0.82 0.44 -0.27 -5.93 13.28 1.12 1.87 1.01 -0.62 1.98 2.14 2.15 2.04
0.86 0.43 -0.30 -7.34 15.92 -1.38 1.98 0.97 -0.71 1.97 2.14 2.14 2.03
0.84 0.39 -0.28 -9.43 15.62 -1.74 1.92 0.89 -0.63 2.00 2.11 2.17 2.02
0.84 0.39 -0.28 -11.68 19.42 1.21 1.92 0.91 -0.64 1.98 2.12 2.15 2.04
0.83 0.41 -0.30 -11.70 21.49 3.12 1.90 0.95 -0.71 1.98 2.12 2.16 2.03
0.83 0.44 -0.30 -13.98 24.37 1.44 1.90 1.01 -0.69 1.97 2.12 2.14 2.04
0.79 0.47 -0.31 -13.47 27.73 -2.76 1.82 1.09 -0.72 1.98 2.12 2.14 2.03
0.77 0.47 -0.33 -14.77 35.03 -7.39 1.76 1.07 -0.76 1.97 2.12 2.16 2.02
0.74 0.51 -0.35 -18.96 45.65 -13.06 1.69 1.18 -0.81 1.96 2.12 2.16 2.02
0.71 0.51 -0.40 -21.05 59.16 -17.47 1.64 1.19 -0.90 1.96 2.13 2.13 2.03
0.69 0.58 -0.46 -25.26 72.44 -24.78 1.58 1.33 -1.06 1.95 2.11 2.16 2.02
0.79 0.68 -0.55 -26.06 73.68 -39.15 1.81 1.56 -1.29 1.95 2.11 2.15 2.02
0.69 0.63 -0.63 -23.12 56.79 -59.75 1.59 1.44 -1.45 1.92 2.11 2.15 2.01
0.66 0.64 -0.59 -21.04 51.62 -75.70 1.51 1.46 -1.40 1.90 2.10 2.14 2.01
0.65 0.60 -0.59 -26.62 51.69 -93.83 1.49 1.44 -1.39 1.86 2.11 2.12 2.01
0.59 0.66 -0.76 -35.37 42.53 -117.62 1.35 1.51 -1.74 1.85 2.08 2.12 1.99
0.56 0.67 -0.81 -45.51 24.70 -144.16 1.24 1.45 -1.77 1.83 2.07 2.11 1.99
0.45 0.62 -0.75 -60.87 31.79 -155.39 1.03 1.41 -1.73 1.80 2.06 2.10 1.98
0.44 0.53 -0.74 -80.57 -7.19 -188.98 0.98 1.04 -1.80 1.78 2.05 2.07 1.96
0.47 0.40 -0.76 -93.53 -67.83 -236.65 1.05 0.92 -1.73 1.78 2.03 2.06 1.93
0.53 0.20 -0.73 -115.45 -110.50 -259.60 1.23 0.46 -1.66 1.77 1.99 2.04 1.91
0.66 -0.02 -0.54 -139.35 -164.00 -279.26 1.49 0.02 -1.24 1.75 1.97 1.99 1.89
0.66 -0.04 -0.74 -151.35 -223.66 -282.57 1.51 -0.09 -1.70 1.74 1.93 1.98 1.85
0.90 -0.16 -0.74 -143.33 -265.09 -282.90 2.32 -0.56 -1.87 1.75 1.92 1.95 1.79
0.88 -0.21 -0.62 -89.94 -286.72 -266.85 2.03 -0.48 -1.42 1.74 1.87 1.93 1.75
0.89 -0.22 -0.44 -27.51 -286.72 -272.43 1.91 -0.46 -1.02 1.73 1.85 1.91 1.72
0.75 -0.11 -0.42 31.82 -286.72 -271.40 1.73 -0.24 -0.97 1.71 1.82 1.87 1.68
0.59 -0.29 -0.40 70.03 -286.72 -277.65 1.35 -0.67 -0.93 1.71 1.81 1.84 1.67
0.65 -0.57 -0.31 115.55 -286.72 -275.21 1.47 -1.38 -0.79 1.69 1.77 1.81 1.66
0.78 -0.81 -0.36 129.07 -286.72 -255.16 1.79 -1.86 -0.82 1.69 1.73 1.79 1.63
0.81 -0.89 -0.40 141.18 -286.72 -227.17 2.04 -1.94 -0.97 1.67 1.70 1.74 1.61
0.79 -0.86 -0.42 162.92 -286.72 -185.22 1.82 -1.97 -0.97 1.68 1.68 1.71 1.60
0.50 -0.85 -0.26 169.79 -286.72 -145.32 1.03 -1.98 -0.52 1.66 1.64 1.68 1.60
0.04 -0.82 -0.13 171.92 -286.72 -137.38 0.08 -1.88 -0.31 1.65 1.61 1.65 1.57
0.11 -1.06 -0.15 187.18 -286.72 -128.47 0.25 -2.49 -0.35 1.65 1.60 1.61 1.57
0.25 -1.29 0.06 176.29 -286.72 -81.55 0.50 -2.95 0.15 1.63 1.56 1.61 1.55
0.18 -1.30 0.22 146.40 -286.72 -51.60 0.42 -2.98 0.51 1.63 1.55 1.56 1.55
0.18 -1.39 0.28 102.56 -286.72 -7.88 0.34 -2.96 0.67 1.62 1.54 1.55 1.55
0.12 -1.38 0.11 75.29 -286.72 35.94 0.27 -3.17 0.25 1.61 1.54 1.54 1.54
0.15 -1.31 0.21 87.17 -286.72 89.57 0.04 -3.05 0.42 1.61 1.52 1.52 1.54
-0.58 -1.57 0.18 95.87 -286.72 110.88 -1.33 -3.61 0.40 1.59 1.53 1.52 1.55
-0.06 -1.50 0.37 105.74 -286.72 109.51 0.00 -3.48 0.87 1.60 1.53 1.51 1.55
0.40 -1.71 0.15 79.08 -286.72 189.32 0.93 -3.93 0.34 1.59 1.53 1.51 1.54
0.41 -1.70 -0.00 64.15 -286.72 286.68 0.93 -3.90 -0.00 1.60 1.52 1.51 1.55
-0.72 -1.65 -0.42 88.04 -286.72 286.68 -1.74 -3.86 -1.02 1.58 1.53 1.50 1.55
-0.66 -1.44 0.28 199.33 -286.72 286.68 -1.52 -3.30 0.65 1.59 1.53 1.50 1.54
-0.52 -1.40 0.54 182.19 -286.72 286.68 -1.17 -3.38 1.26 1.58 1.52 1.50 1.55
-0.44 -1.63 0.71 122.66 -286.72 286.68 -1.01 -3.73 1.63 1.58 1.53 1.49 1.56
-0.28 -1.58 0.84 54.12 -286.72 286.68 -0.75 -3.52 1.88 1.58 1.51 1.50 1.55
-0.74 -0.98 0.70 0.77 -286.72 285.59 -1.71 -2.26 1.61 1.60 1.53 1.50 1.54
-0.93 -0.39 1.12 42.31 -250.94 237.53 -2.14 -0.90 2.56 1.60 1.52 1.50 1.55
-0.84 -0.59 1.46 62.60 -132.13 151.00 -1.89 -1.35 3.43 1.57 1.53 1.50 1.55
-0.59 -0.76 1.75 -0.10 -64.06 67.92 -1.36 -1.74 4.01 1.58 1.53 1.50 1.54
-0.43 -0.68 1.57 -80.30 -34.59 16.93 -0.98 -1.49 3.54 1.59 1.53 1.49 1.55
-0.31 -0.35 1.22 -124.98 -20.53 -4.86 -0.72 -0.81 2.81 1.59 1.52 1.51 1.54
-0.19 -0.13 1.00 -102.53 -0.05 -0.60 -0.41 -0.30 2.26 1.60 1.52 1.52 1.54
-0.11 -0.10 0.91 -37.52 5.28 21.46 -0.27 -0.29 2.12 1.58 1.51 1.52 1.55
-0.11 -0.26 0.92 13.73 7.11 39.66 -0.24 -0.59 2.11 1.60 1.51 1.51 1.55
-0.10 -0.39 0.98 48.85 9.84 39.31 -0.22 -0.92 2.28 1.60 1.53 1.49 1.55
-0.02 -0.59 1.00 46.86 23.29 26.38 -0.04 -1.35 2.30 1.59 1.53 1.51 1.55
0.07 -0.76 1.00 18.88 19.68 11.52 0.18 -1.75 2.29 1.60 1.51 1.51 1.55
0.13 -0.71 0.91 -23.04 6.24 -6.57 0.32 -1.62 2.09 1.61 1.51 1.51 1.54
0.17 -0.56 0.80 -38.59 2.84 -15.36 0.39 -1.29 1.84 1.59 1.52 1.51 1.54
0.19 -0.45 0.75 -31.57 6.76 -15.04 0.46 -1.02 1.70 1.61 1.53 1.52 1.54
0.20 -0.43 0.74 -11.16 15.62 -14.33 0.47 -0.98 1.69 1.59 1.52 1.52 1.55
0.20 -0.47 0.75 3.74 24.53 -17.98 0.45 -1.08 1.71 1.62 1.53 1.51 1.54
0.23 -0.59 0.77 10.25 32.14 -24.42 0.53 -1.35 1.77 1.60 1.52 1.50 1.54
0.30 -0.70 0.77 3.50 31.25 -26.22 0.68 -1.61 1.78 1.60 1.52 1.51 1.55
0.31 -0.70 0.74 -9.71 16.06 -22.09 0.72 -1.58 1.68 1.60 1.53 1.50 1.55
0.30 -0.61 0.71 -9.76 9.52 -19.38 0.68 -1.39 1.63 1.61 1.52 1.52 1.56
0.28 -0.60 0.70 3.79 10.14 -15.30 0.63 -1.37 1.59 1.60 1.53 1.50 1.55
0.27 -0.65 0.75 14.18 14.25 -12.39 0.61 -1.47 1.72 1.60 1.51 1.51 1.55
0.26 -0.68 0.77 9.84 18.51 -15.33 0.60 -1.56 1.77 1.60 1.53 1.51 1.55
0.27 -0.67 0.76 -1.85 19.87 -19.69 0.61 -1.52 1.74 1.59 1.52 1.51 1.54
0.26 -0.61 0.73 -9.73 21.45 -22.04 0.60 -1.40 1.67 1.60 1.53 1.51 1.55
0.29 -0.61 0.70 -9.60 18.53 -21.07 0.64 -1.38 1.59 1.61 1.53 1.52 1.54
0.28 -0.57 0.68 -4.25 11.23 -16.75 0.64 -1.31 1.55 1.60 1.52 1.51 1.55
0.25 -0.57 0.71 7.38 11.89 -14.60 0.58 -1.31 1.62 1.59 1.52 1.51 1.55
0.23 -0.62 0.75 12.07 14.41 -16.28 0.53 -1.43 1.73 1.61 1.53 1.51 1.54
0.21 -0.65 0.76 10.25 18.25 -20.55 0.48 -1.50 1.75 1.61 1.53 1.52 1.55
0.22 -0.69 0.76 5.59 20.99 -22.93 0.52 -1.57 1.72 1.59 1.53 1.52 1.54
0.19 -0.68 0.78 4.37 25.72 -22.01 0.43 -1.55 1.80 1.60 1.53 1.52 1.54
0.16 -0.69 0.77 5.90 36.58 -25.13 0.38 -1.59 1.77 1.62 1.53 1.52 1.55
0.20 -0.72 0.77 6.57 40.56 -26.92 0.43 -1.66 1.77 1.61 1.52 1.53 1.54
0.18 -0.73 0.80 7.53 44.39 -28.10 0.42 -1.67 1.84 1.61 1.53 1.51 1.56
0.18 -0.77 0.81 2.46 50.15 -33.15 0.40 -1.78 1.87 1.60 1.52 1.51 1.54
0.16 -0.82 0.82 -12.64 49.23 -40.77 0.37 -1.89 1.89 1.60 1.53 1.53 1.55
0.11 -0.80 0.85 -30.55 53.72 -52.57 0.26 -1.83 1.95 1.61 1.54 1.52 1.56
0.06 -0.79 0.85 -49.88 66.48 -70.60 0.16 -1.82 1.95 1.61 1.53 1.52 1.56
0.11 -0.79 0.84 -68.18 76.97 -85.34 0.25 -1.81 1.93 1.62 1.53 1.54 1.55
0.10 -0.69 0.84 -75.58 83.33 -93.41 0.19 -1.56 1.97 1.61 1.52 1.53 1.56
0.09 -0.73 0.79 -68.95 104.30 -97.78 0.20 -1.67 1.82 1.61 1.53 1.53 1.55
0.24 -0.83 0.79 -73.42 110.21 -94.00 0.52 -1.97 1.80 1.62 1.53 1.55 1.55
0.20 -0.80 0.85 -84.24 106.13 -83.32 0.46 -1.81 1.94 1.61 1.54 1.56 1.56
0.22 -0.83 0.84 -95.62 110.08 -81.10 0.50 -1.91 1.93 1.61 1.54 1.57 1.54
0.18 -0.77 0.87 -110.99 112.14 -87.07 0.39 -1.74 2.03 1.62 1.53 1.56 1.55
0.05 -0.74 0.86 -107.33 148.22 -97.90 0.10 -1.69 1.96 1.63 1.53 1.57 1.54
0.15 -0.78 0.84 -121.97 184.02 -113.35 0.34 -1.83 1.92 1.62 1.54 1.58 1.55
0.17 -0.74 0.85 -142.67 184.90 -127.01 0.38 -1.69 1.96 1.62 1.54 1.61 1.55
0.10 -0.78 0.84 -157.26 199.04 -142.06 0.23 -1.78 1.93 1.62 1.55 1.63 1.55
0.24 -0.78 0.78 -179.26 213.37 -154.81 0.62 -1.76 1.77 1.63 1.56 1.66 1.54
0.33 -0.66 0.67 -193.05 206.78 -143.85 0.75 -1.52 1.55 1.62 1.59 1.69 1.55
0.33 -0.54 0.68 -192.19 206.36 -123.65 0.82 -1.30 1.51 1.63 1.59 1.73 1.57
0.34 -0.56 0.75 -182.47 216.19 -105.21 0.77 -1.28 1.72 1.64 1.62 1.74 1.58
0.37 -0.46 0.75 -176.96 229.35 -101.85 0.86 -1.14 1.68 1.64 1.68 1.77 1.61
0.37 -0.49 0.74 -170.35 249.44 -90.46 0.86 -1.13 1.70 1.62 1.72 1.81 1.64
0.48 -0.60 0.68 -174.47 244.81 -79.33 1.11 -1.37 1.68 1.63 1.75 1.84 1.67
0.49 -0.54 0.71 -192.44 238.10 -68.87 1.11 -1.32 1.60 1.66 1.78 1.87 1.69
0.56 -0.55 0.68 -202.04 238.82 -61.22 1.28 -1.27 1.56 1.66 1.83 1.92 1.71
0.67 -0.47 0.57 -208.18 228.94 -50.86 1.49 -1.08 1.26 1.66 1.85 1.92 1.73
0.67 -0.41 0.55 -196.48 226.55 -34.97 1.55 -0.94 1.26 1.66 1.87 1.95 1.76
0.63 -0.28 0.53 -170.15 229.72 -27.00 1.45 -0.58 1.19 1.67 1.91 1.97 1.79
0.61 -0.22 0.49 -135.55 235.02 -23.02 1.39 -0.48 1.12 1.66 1.94 2.01 1.81
0.65 -0.19 0.49 -99.17 229.53 -21.95 1.50 -0.44 1.14 1.64 1.96 2.03 1.84
0.72 -0.30 0.52 -71.86 222.48 -12.81 1.66 -0.72 1.19 1.66 1.97 2.07 1.85
0.81 -0.43 0.52 -60.67 218.90 -1.93 1.86 -0.99 1.19 1.67 2.00 2.08 1.88
0.88 -0.41 0.48 -64.11 202.64 10.47 2.07 -0.89 1.16 1.67 2.01 2.11 1.89
0.84 -0.50 0.43 -68.63 188.35 23.54 1.93 -1.15 1.00 1.65 2.04 2.10 1.93
0.74 -0.35 0.47 -77.00 184.87 37.02 1.69 -0.80 1.04 1.67 2.05 2.11 1.94
0.76 -0.23 0.50 -50.12 213.03 42.77 1.69 -0.53 1.19 1.66 2.07 2.12 1.98
0.77 -0.31 0.34 -29.85 207.18 54.33 1.77 -0.72 0.78 1.66 2.09 2.13 1.99
0.85 -0.26 0.33 -19.88 192.45 52.52 1.99 -0.58 0.75 1.68 2.08 2.16 1.99
0.84 -0.44 0.25 -19.80 174.85 62.27 1.94 -1.00 0.57 1.67 2.11 2.15 2.00
1.04 -0.29 0.21 -34.93 157.73 73.38 2.27 -0.60 0.51 1.70 2.11 2.18 2.01
0.91 -0.25 0.26 -19.39 173.48 85.49 2.07 -0.60 0.61 1.68 2.13 2.17 2.04
0.98 -0.22 0.10 -22.64 148.54 96.22 2.25 -0.50 0.22 1.69 2.13 2.18 2.04
0.97 -0.29 0.14 -25.25 137.85 104.89 2.44 -0.60 0.27 1.70 2.14 2.20 2.04
1.05 -0.13 0.08 -23.09 110.54 106.03 2.42 -0.30 0.18 1.71 2.14 2.19 2.05
0.89 -0.31 0.14 -28.97 101.64 123.84 2.15 -0.68 0.26 1.74 2.15 2.19 2.05
0.99 -0.12 -0.04 -43.97 84.61 135.78 2.28 -0.28 -0.10 1.75 2.13 2.19 2.04
1.02 0.09 -0.08 -44.35 89.71 133.83 2.35 0.14 -0.12 1.77 2.14 2.19 2.06
0.96 0.24 -0.09 -9.20 82.50 111.32 2.25 0.50 -0.13 1.80 2.16 2.19 2.05
1.02 0.12 -0.12 -2.70 59.24 96.28 2.34 0.28 -0.29 1.81 2.15 2.18 2.06
0.95 -0.05 -0.01 -29.32 51.46 93.79 2.14 -0.09 -0.05 1.83 2.14 2.19 2.05
0.87 -0.04 -0.03 -52.45 49.10 101.43 2.00 -0.08 -0.06 1.84 2.15 2.18 2.06
0.98 0.03 -0.03 -54.71 46.93 111.60 2.11 -0.04 -0.10 1.86 2.14 2.17 2.06
0.94 -0.00 -0.08 -60.57 45.47 119.04 2.17 -0.01 -0.18 1.88 2.16 2.17 2.06
0.89 0.16 -0.11 -74.88 54.92 116.52 2.05 0.37 -0.24 1.90 2.14 2.19 2.05
0.86 0.33 -0.14 -81.67 59.47 101.18 1.97 0.78 -0.36 1.92 2.14 2.17 2.05
0.94 0.47 -0.17 -67.53 62.77 79.97 2.15 1.09 -0.40 1.93 2.14 2.17 2.06
1.00 0.47 -0.23 -52.29 54.08 63.23 2.33 1.08 -0.56 1.94 2.16 2.16 2.07
0.98 0.37 -0.19 -33.25 44.87 49.65 2.25 0.86 -0.43 1.93 2.14 2.18 2.06
0.94 0.26 -0.13 -26.05 35.25 46.63 2.10 0.59 -0.32 1.98 2.14 2.17 2.05
0.89 0.27 -0.16 -28.49 35.07 49.96 2.01 0.64 -0.33 1.99 2.13 2.17 2.04
0.88 0.25 -0.19 -27.15 35.58 52.35 2.01 0.58 -0.45 1.99 2.14 2.15 2.05
0.84 0.41 -0.19 -30.57 33.57 45.40 1.91 0.94 -0.46 1.99 2.14 2.16 2.05
0.84 0.48 -0.20 -23.80 41.47 33.05 1.93 1.10 -0.47 2.01 2.14 2.16 2.04
0.95 0.45 -0.28 -16.34 41.01 22.77 2.20 1.03 -0.64 2.00 2.13 2.17 2.04
0.99 0.37 -0.30 -12.22 26.50 11.12 2.27 0.85 -0.70 2.00 2.16 2.14 2.06
0.97 0.30 -0.27 -9.97 12.93 8.51 2.23 0.70 -0.62 2.01 2.14 2.16 2.04
0.90 0.27 -0.24 -13.06 7.97 10.23 2.08 0.61 -0.53 2.03 2.14 2.15 2.06
0.85 0.31 -0.20 -20.53 6.52 9.33 1.96 0.71 -0.46 2.02 2.14 2.15 2.06
0.84 0.39 -0.19 -20.61 10.42 4.89 1.90 0.91 -0.43 2.02 2.14 2.15 2.04
0.88 0.40 -0.23 -11.49 14.81 -1.74 2.03 0.92 -0.52 2.01 2.13 2.16 2.04
0.93 0.36 -0.27 -4.49 10.46 -7.12 2.12 0.83 -0.61 2.02 2.13 2.14 2.03
0.92 0.29 -0.25 -1.11 3.39 -9.77 2.13 0.66 -0.57 2.01 2.14 2.13 2.04
0.89 0.29 -0.21 -1.90 0.01 -8.54 2.04 0.67 -0.48 2.03 2.12 2.14 2.04
0.89 0.23 -0.19 -1.01 -0.12 -6.04 2.05 0.52 -0.42 2.01 2.13 2.15 2.04
0.92 0.24 -0.19 -7.87 -0.51 -3.43 2.12 0.57 -0.45 2.01 2.13 2.15 2.04
0.94 0.32 -0.20 -7.87 -2.20 -1.84 2.16 0.73 -0.47 2.01 2.14 2.13 2.05
0.94 0.35 -0.18 -4.01 -5.91 -3.67 2.15 0.79 -0.41 2.01 2.13 2.13 2.04
0.90 0.32 -0.13 0.20 -8.09 -7.98 2.07 0.74 -0.29 2.02 2.14 2.13 2.04
0.90 0.27 -0.10 2.43 -5.80 -7.42 2.08 0.62 -0.23 2.01 2.13 2.13 2.04
0.93 0.22 -0.09 0.32 -3.41 -2.96 2.14 0.52 -0.22 2.00 2.13 2.15 2.04
0.94 0.26 -0.11 -2.58 -1.72 2.28 2.15 0.61 -0.24 2.02 2.13 2.13 2.01
0.94 0.28 -0.12 -1.84 -1.08 4.31 2.17 0.66 -0.28 2.01 2.11 2.13 2.03
0.95 0.32 -0.13 -2.08 -1.50 2.39 2.20 0.72 -0.31 2.02 2.12 2.14 2.03
0.96 0.30 -0.12 -0.91 -3.75 -0.31 2.20 0.69 -0.27 2.01 2.13 2.14 2.03
0.95 0.29 -0.10 -1.86 -3.56 -1.64 2.19 0.67 -0.24 2.00 2.13 2.12 2.05
0.94 0.30 -0.09 -1.89 -3.20 -3.14 2.17 0.69 -0.21 2.01 2.11 2.15 2.02
0.93 0.29 -0.09 -0.28 -0.38 -2.69 2.14 0.66 -0.20 2.01 2.12 2.14 2.04
0.93 0.28 -0.10 -1.70 2.10 -2.56 2.14 0.65 -0.24 2.01 2.12 2.12 2.03
0.96 0.28 -0.15 -1.40 2.81 -2.89 2.21 0.65 -0.34 2.01 2.12 2.15 2.02
0.95 0.28 -0.16 -1.60 -0.25 -3.99 2.18 0.64 -0.39 2.01 2.11 2.14 2.03
0.92 0.28 -0.15 -1.78 -2.57 -5.68 2.10 0.65 -0.34 2.01 2.13 2.14 2.04
0.90 0.28 -0.14 1.50 -0.83 -5.47 2.06 0.64 -0.31 2.01 2.12 2.13 2.04
0.91 0.27 -0.14 4.50 -1.06 -5.15 2.08 0.62 -0.30 2.00 2.12 2.14 2.03
0.90 0.23 -0.12 3.40 -0.91 -2.92 2.05 0.52 -0.26 2.00 2.12 2.14 2.03
0.92 0.25 -0.13 -0.90 1.15 0.84 2.11 0.57 -0.31 2.00 2.12 2.14 2.03
0.95 0.31 -0.18 -1.23 0.61 1.77 2.19 0.71 -0.42 2.01 2.11 2.13 2.04
0.94 0.31 -0.16 1.32 -4.88 -1.18 2.16 0.71 -0.37 2.00 2.11 2.14 2.01
0.89 0.28 -0.13 3.05 -7.49 -3.49 2.05 0.65 -0.28 2.00 2.12 2.14 2.04
0.90 0.28 -0.12 2.63 -5.03 -3.61 2.08 0.65 -0.27 2.01 2.11 2.13 2.04
0.95 0.30 -0.13 2.97 -3.28 -3.31 2.18 0.68 -0.29 2.00 2.11 2.16 2.01
0.91 0.26 -0.07 1.28 -4.43 -2.99 2.08 0.60 -0.17 2.00 2.12 2.14 2.04
0.92 0.28 -0.08 -0.86 -0.32 -0.20 2.12 0.61 -0.19 1.99 2.12 2.13 2.03
0.98 0.33 -0.14 -2.44 1.15 -0.99 2.24 0.75 -0.31 2.00 2.11 2.14 2.04
0.97 0.34 -0.15 1.13 -0.21 -4.91 2.22 0.78 -0.33 2.02 2.11 2.13 2.04
0.94 0.29 -0.11 3.19 -2.00 -8.86 2.15 0.66 -0.26 2.00 2.12 2.14 2.03
0.94 0.25 -0.11 2.42 -0.02 -8.17 2.15 0.57 -0.24 1.99 2.13 2.14 2.02
0.95 0.27 -0.14 0.67 0.07 -6.44 2.18 0.62 -0.32 1.99 2.12 2.14 2.02
0.95 0.30 -0.16 1.02 -1.08 -5.83 2.18 0.69 -0.38 2.00 2.11 2.14 2.03
0.92 0.26 -0.14 1.91 -2.80 -6.65 2.10 0.59 -0.31 1.99 2.11 2.14 2.02
0.88 0.21 -0.09 0.31 0.00 -2.78 2.02 0.49 -0.20 2.01 2.11 2.12 2.04
0.95 0.24 -0.14 -0.16 2.62 0.95 2.17 0.55 -0.31 2.00 2.10 2.12 2.02
0.98 0.30 -0.18 0.24 -0.65 1.61 2.27 0.70 -0.41 1.99 2.11 2.14 2.01
0.96 0.29 -0.14 2.44 -5.78 -0.47 2.18 0.66 -0.30 2.00 2.11 2.13 2.03
0.90 0.27 -0.07 1.84 -4.21 0.15 2.06 0.61 -0.17 1.99 2.10 2.13 2.03
0.95 0.27 -0.09 0.27 -0.10 1.84 2.17 0.63 -0.22 2.00 2.11 2.14 2.03
0.97 0.32 -0.12 -0.97 -1.37 -0.31 2.23 0.74 -0.29 2.00 2.11 2.14 2.01
0.95 0.29 -0.10 0.44 -3.22 -2.72 2.19 0.67 -0.24 2.01 2.10 2.12 2.03
0.94 0.26 -0.09 -0.31 -1.93 -2.10 2.16 0.60 -0.20 1.98 2.11 2.13 2.02
0.95 0.27 -0.09 -2.26 0.61 -1.43 2.19 0.63 -0.22 1.99 2.10 2.12 2.03
0.98 0.29 -0.12 -1.37 -0.30 -2.73 2.25 0.68 -0.28 1.99 2.11 2.11 2.03
0.96 0.27 -0.11 0.25 -3.32 -4.61 2.18 0.61 -0.25 1.99 2.11 2.14 2.03
0.90 0.24 -0.08 -0.08 -1.88 -3.32 2.07 0.55 -0.19 2.00 2.11 2.13 2.01
0.93 0.23 -0.10 0.01 2.05 0.41 2.14 0.53 -0.23 1.99 2.12 2.13 2.01
0.95 0.28 -0.14 -1.15 1.91 1.08 2.20 0.64 -0.32 1.99 2.12 2.13 2.01
0.94 0.29 -0.14 -0.15 -0.14 -0.11 2.16 0.66 -0.31 2.00 2.11 2.13 2.03
0.89 0.24 -0.09 -0.66 -0.13 0.09 2.05 0.56 -0.21 1.99 2.10 2.12 2.01
0.92 0.26 -0.10 -3.13 4.13 1.86 2.10 0.61 -0.23 1.98 2.12 2.12 2.01
0.96 0.29 -0.13 -2.66 3.27 0.88 2.19 0.66 -0.30 1.99 2.11 2.11 2.02
0.95 0.28 -0.13 -0.73 -0.33 -0.58 2.17 0.63 -0.30 1.99 2.11 2.14 2.03
0.93 0.27 -0.11 -0.11 -1.40 -0.39 2.14 0.62 -0.26 1.98 2.10 2.12 2.03
0.95 0.27 -0.12 0.18 -1.07 -0.20 2.17 0.63 -0.29 1.98 2.11 2.14 2.03
0.95 0.28 -0.14 0.11 -2.79 -0.18 2.19 0.65 -0.32 1.99 2.10 2.13 2.01
0.94 0.29 -0.12 -0.17 -4.11 -0.17 2.15 0.66 -0.27 1.99 2.10 2.12 2.03
0.92 0.28 -0.10 0.66 -3.68 0.26 2.11 0.65 -0.23 1.99 2.11 2.13 2.02
0.94 0.29 -0.11 0.36 -2.39 0.52 2.16 0.67 -0.24 1.98 2.10 2.12 2.02
0.92 0.29 -0.09 0.67 -2.30 0.06 2.12 0.68 -0.22 1.99 2.12 2.13 2.03
0.94 0.29 -0.09 -0.02 -0.69 -0.74 2.15 0.67 -0.23 1.99 2.11 2.13 2.01
0.95 0.30 -0.11 -0.88 -0.14 -1.23 2.18 0.68 -0.26 1.99 2.10 2.11 2.01
0.96 0.29 -0.12 0.06 -1.79 -1.64 2.20 0.67 -0.28 1.98 2.10 2.13 2.01
0.94 0.27 -0.11 -0.43 -3.82 -1.23 2.17 0.61 -0.26 1.99 2.10 2.12 2.02
0.95 0.27 -0.10 -1.71 -3.95 0.17 2.17 0.61 -0.23 1.98 2.11 2.13 2.03
0.94 0.27 -0.10 -1.88 -4.17 0.96 2.16 0.62 -0.22 1.99 2.10 2.13 2.01

