start recording
0.03 -1.68 1.09 165.43 -286.72 286.68 0.06 -3.87 2.51 1.59 1.52 1.51 1.49
-0.02 -1.22 1.00 63.78 -286.72 286.68 -0.04 -2.77 2.32 1.59 1.52 1.50 1.50
-0.14 -0.85 0.88 37.22 -286.72 275.88 -0.32 -1.96 2.03 1.59 1.52 1.50 1.49
-0.37 -0.55 0.76 71.93 -244.96 257.02 -0.85 -1.22 1.79 1.59 1.52 1.50 1.50
-0.50 -0.59 1.12 121.54 -199.14 228.45 -1.14 -1.31 2.68 1.59 1.52 1.49 1.49
-0.46 -0.70 1.45 99.79 -153.90 174.76 -1.06 -1.61 3.33 1.59 1.52 1.49 1.50
-0.43 -0.64 1.42 24.73 -133.26 114.75 -0.96 -1.46 3.26 1.58 1.52 1.50 1.49
-0.39 -0.46 1.20 -28.15 -107.91 59.66 -0.89 -1.06 2.77 1.58 1.52 1.50 1.49
-0.32 -0.37 1.09 -37.96 -82.57 19.58 -0.72 -0.84 2.43 1.60 1.51 1.50 1.50
-0.26 -0.35 0.93 -26.40 -55.95 5.06 -0.60 -0.80 2.14 1.58 1.51 1.51 1.50
-0.20 -0.38 0.90 -2.29 -35.13 13.36 -0.46 -0.88 2.07 1.59 1.52 1.50 1.50
-0.11 -0.46 0.90 14.61 -21.51 25.29 -0.25 -1.06 2.05 1.59 1.52 1.52 1.50
-0.05 -0.50 0.88 15.17 -13.30 30.42 -0.11 -1.15 2.02 1.59 1.53 1.50 1.50
-0.00 -0.54 0.89 12.26 -6.32 25.04 0.01 -1.23 2.04 1.60 1.51 1.50 1.49
0.06 -0.56 0.89 7.86 -2.05 12.77 0.14 -1.28 2.05 1.60 1.52 1.50 1.49
0.16 -0.61 0.91 -1.85 1.22 -1.91 0.36 -1.39 2.09 1.59 1.53 1.50 1.50
0.18 -0.57 0.87 -11.14 0.92 -15.62 0.43 -1.31 1.98 1.59 1.50 1.51 1.49
0.23 -0.53 0.80 -12.31 1.68 -19.67 0.52 -1.21 1.83 1.60 1.52 1.50 1.50
0.24 -0.51 0.79 -4.30 3.62 -17.69 0.57 -1.19 1.80 1.59 1.52 1.52 1.49
0.26 -0.54 0.81 4.04 9.75 -13.78 0.60 -1.22 1.87 1.60 1.51 1.52 1.50
0.28 -0.56 0.84 8.10 18.34 -11.96 0.65 -1.28 1.92 1.59 1.52 1.50 1.49
0.32 -0.62 0.84 3.28 19.46 -10.85 0.75 -1.41 1.91 1.60 1.51 1.51 1.50
0.34 -0.60 0.79 -7.03 13.78 -12.61 0.78 -1.38 1.82 1.59 1.52 1.51 1.49
0.35 -0.54 0.77 -8.86 8.11 -14.78 0.79 -1.23 1.77 1.59 1.52 1.50 1.49
0.35 -0.51 0.79 -4.47 7.18 -16.55 0.80 -1.18 1.81 1.60 1.51 1.50 1.50
0.33 -0.52 0.83 -2.50 11.02 -18.66 0.76 -1.19 1.91 1.60 1.52 1.52 1.50
0.33 -0.49 0.84 -5.26 16.98 -19.88 0.76 -1.12 1.93 1.60 1.52 1.51 1.49
0.33 -0.48 0.82 -6.61 22.63 -20.21 0.76 -1.10 1.88 1.60 1.52 1.51 1.49
0.35 -0.50 0.81 -5.99 22.73 -20.90 0.81 -1.16 1.83 1.61 1.51 1.52 1.50
0.39 -0.53 0.79 -6.95 18.17 -19.98 0.90 -1.22 1.79 1.59 1.52 1.51 1.50
0.40 -0.53 0.76 -5.97 11.86 -17.67 0.91 -1.21 1.74 1.59 1.52 1.51 1.50
0.37 -0.51 0.78 -3.37 6.59 -14.41 0.85 -1.15 1.81 1.60 1.51 1.52 1.50
0.33 -0.50 0.80 -0.50 7.34 -12.10 0.75 -1.14 1.84 1.60 1.52 1.51 1.50
0.28 -0.47 0.88 1.07 13.68 -13.46 0.64 -1.08 2.01 1.60 1.53 1.52 1.50
0.24 -0.48 0.91 -0.85 30.03 -21.83 0.54 -1.10 2.07 1.60 1.52 1.52 1.51
0.25 -0.51 0.87 -7.83 38.80 -25.35 0.57 -1.18 2.00 1.60 1.52 1.52 1.50
0.25 -0.47 0.84 -11.13 39.97 -25.26 0.54 -1.07 1.90 1.60 1.53 1.51 1.50
0.25 -0.47 0.81 -8.02 39.12 -27.63 0.58 -1.09 1.86 1.60 1.53 1.51 1.49
0.23 -0.45 0.77 -2.27 35.78 -27.85 0.53 -1.03 1.77 1.60 1.52 1.51 1.51
0.22 -0.45 0.83 0.19 36.34 -34.32 0.48 -1.06 1.92 1.60 1.52 1.52 1.49
0.19 -0.47 0.83 -1.60 43.37 -41.34 0.44 -1.09 1.90 1.61 1.52 1.52 1.50
0.16 -0.49 0.88 -2.56 54.70 -46.51 0.36 -1.10 2.03 1.61 1.53 1.52 1.50
0.11 -0.49 0.88 -1.87 70.25 -57.01 0.25 -1.13 2.02 1.61 1.53 1.52 1.51
0.09 -0.52 0.92 -2.99 79.58 -72.92 0.20 -1.18 2.12 1.60 1.52 1.53 1.50
0.05 -0.54 0.95 -13.57 87.18 -101.24 0.12 -1.24 2.17 1.60 1.52 1.52 1.51
0.03 -0.60 0.98 -29.96 99.73 -131.32 0.08 -1.38 2.25 1.59 1.52 1.53 1.51
0.11 -0.64 0.88 -50.52 110.01 -145.43 0.27 -1.45 2.01 1.60 1.54 1.52 1.51
0.15 -0.60 0.85 -52.47 118.68 -136.06 0.35 -1.39 1.94 1.61 1.53 1.52 1.50
0.15 -0.53 0.80 -44.44 134.69 -127.30 0.33 -1.22 1.83 1.60 1.53 1.53 1.50
0.12 -0.51 0.78 -23.73 154.74 -130.00 0.26 -1.19 1.82 1.62 1.52 1.53 1.50
0.08 -0.54 0.93 -6.52 173.70 -155.53 0.19 -1.24 2.14 1.62 1.51 1.53 1.50
0.03 -0.65 0.98 -13.69 189.66 -208.57 0.07 -1.57 2.25 1.62 1.53 1.53 1.50
0.04 -0.96 0.84 -55.97 202.37 -274.22 0.09 -2.21 1.93 1.62 1.53 1.54 1.51
0.23 -1.21 0.72 -126.50 199.26 -286.72 0.58 -2.74 1.67 1.61 1.53 1.54 1.51
0.27 -1.01 0.84 -192.31 190.02 -286.72 0.56 -2.40 1.90 1.62 1.52 1.54 1.51
0.20 -0.95 0.67 -221.19 185.04 -286.72 0.47 -2.18 1.53 1.61 1.52 1.57 1.52
0.25 -0.79 0.55 -223.90 163.42 -278.06 0.57 -1.76 1.25 1.61 1.54 1.57 1.51
0.19 -0.72 0.62 -195.29 160.38 -272.03 0.44 -1.64 1.41 1.62 1.53 1.57 1.52
0.09 -0.72 0.64 -158.15 173.86 -282.47 0.17 -1.65 1.49 1.63 1.53 1.58 1.52
-0.02 -0.77 0.63 -101.77 201.97 -286.72 -0.05 -1.78 1.45 1.62 1.54 1.60 1.51
0.03 -1.09 0.65 -90.70 224.38 -286.72 0.14 -2.57 1.46 1.64 1.54 1.62 1.51
0.17 -1.10 0.65 -121.20 230.35 -277.50 0.43 -2.48 1.48 1.66 1.54 1.65 1.52
0.27 -1.05 0.78 -143.84 223.97 -238.82 0.63 -2.41 1.79 1.66 1.56 1.64 1.53
0.28 -1.08 0.73 -156.46 215.63 -209.75 0.65 -2.50 1.66 1.64 1.57 1.65 1.54
0.29 -1.08 0.73 -156.57 197.62 -185.19 0.66 -2.47 1.67 1.65 1.56 1.65 1.53
0.28 -1.25 0.79 -167.75 183.25 -170.21 0.67 -2.87 1.81 1.63 1.56 1.65 1.53
0.33 -1.10 0.86 -211.10 166.60 -162.13 0.76 -2.54 1.96 1.64 1.56 1.65 1.53
0.33 -1.00 0.81 -243.70 154.31 -152.49 0.77 -2.31 1.90 1.63 1.55 1.66 1.53
0.27 -0.92 0.80 -262.34 158.96 -146.78 0.63 -2.10 1.84 1.64 1.55 1.67 1.52
0.27 -0.77 0.62 -264.64 157.85 -134.88 0.62 -1.77 1.42 1.63 1.56 1.66 1.53
0.27 -0.65 0.67 -253.41 162.23 -112.72 0.64 -1.52 1.60 1.63 1.56 1.66 1.54
0.45 -0.63 0.75 -222.37 169.23 -98.14 1.02 -1.44 1.72 1.65 1.56 1.66 1.53
0.44 -0.76 0.80 -209.31 168.40 -80.85 1.04 -1.76 1.84 1.63 1.56 1.66 1.54
0.45 -0.71 0.82 -218.74 165.35 -61.27 1.03 -1.62 1.89 1.65 1.56 1.67 1.54
0.38 -0.67 0.80 -236.51 160.42 -55.85 0.86 -1.52 1.83 1.63 1.56 1.67 1.54
0.35 -0.60 0.86 -253.41 164.29 -60.39 0.76 -1.40 1.97 1.64 1.56 1.67 1.54
0.42 -0.52 0.83 -257.07 195.90 -64.36 0.96 -1.19 1.91 1.63 1.57 1.66 1.55
0.53 -0.31 0.62 -257.42 203.65 -51.23 1.27 -0.62 1.39 1.65 1.56 1.68 1.55
0.60 -0.23 0.78 -233.82 226.98 -27.31 1.37 -0.53 1.79 1.65 1.58 1.69 1.55
0.63 -0.18 0.67 -205.46 225.04 -8.62 1.47 -0.44 1.59 1.64 1.58 1.69 1.56
0.59 -0.29 0.76 -173.63 223.76 3.45 1.36 -0.66 1.75 1.65 1.58 1.71 1.56
0.55 -0.27 0.73 -172.31 228.87 2.01 1.27 -0.63 1.69 1.65 1.58 1.72 1.56
0.56 -0.26 0.64 -183.69 239.89 -3.09 1.34 -0.58 1.47 1.66 1.58 1.73 1.56
0.71 -0.20 0.60 -193.19 251.22 -1.76 1.63 -0.46 1.38 1.66 1.59 1.74 1.59
0.76 -0.13 0.52 -186.82 258.49 6.89 1.76 -0.25 1.12 1.66 1.61 1.75 1.60
0.77 0.02 0.41 -174.99 266.98 10.68 1.78 0.04 0.94 1.67 1.62 1.78 1.65
0.84 0.03 0.45 -143.93 271.52 7.96 1.94 0.07 1.01 1.66 1.66 1.79 1.67
0.78 0.05 0.40 -116.98 275.27 -2.85 1.84 0.12 0.84 1.65 1.70 1.82 1.71
0.86 0.04 0.19 -100.99 279.47 1.01 1.98 0.10 0.44 1.67 1.74 1.85 1.72
0.95 0.13 0.15 -91.38 263.34 -3.70 2.18 0.31 0.32 1.66 1.79 1.87 1.76
0.82 0.16 0.07 -57.58 251.12 -11.40 1.88 0.37 0.16 1.67 1.83 1.89 1.78
0.93 0.08 0.05 -27.23 237.13 -12.49 2.14 0.19 0.07 1.68 1.86 1.94 1.83
0.98 0.13 0.01 -11.31 231.13 -10.07 2.26 0.25 0.02 1.68 1.89 1.97 1.86
1.04 0.04 -0.03 13.10 227.90 -1.89 2.38 0.09 -0.08 1.68 1.93 2.03 1.88
1.00 0.05 -0.01 28.00 222.05 9.90 2.28 0.07 -0.02 1.67 1.98 2.06 1.92
0.84 0.08 -0.10 46.03 211.51 15.07 1.94 0.19 -0.23 1.68 2.03 2.09 1.95
0.83 0.15 -0.15 58.42 200.11 14.71 1.91 0.34 -0.33 1.67 2.04 2.11 1.97
0.91 0.18 -0.25 61.84 185.83 10.79 2.08 0.44 -0.60 1.69 2.07 2.14 2.01
1.08 0.21 -0.35 67.45 177.21 8.30 2.48 0.49 -0.80 1.69 2.10 2.16 2.03
1.00 0.19 -0.27 92.46 180.01 3.93 2.23 0.41 -0.64 1.69 2.14 2.18 2.04
0.90 0.04 -0.32 105.97 162.54 13.40 2.06 0.09 -0.74 1.68 2.15 2.21 2.07
0.92 0.12 -0.27 86.86 146.88 14.04 2.11 0.33 -0.62 1.68 2.17 2.22 2.08
0.92 0.19 -0.39 74.36 141.37 17.11 2.19 0.47 -0.92 1.70 2.18 2.23 2.10
1.05 0.33 -0.34 97.33 149.26 25.25 2.40 0.77 -0.78 1.69 2.20 2.24 2.10
0.89 0.24 -0.47 117.71 87.03 27.83 2.25 0.48 -1.19 1.72 2.20 2.28 2.12
0.98 0.30 -0.35 145.86 63.56 41.88 2.25 0.69 -0.81 1.71 2.21 2.27 2.13
0.87 0.28 -0.39 186.55 38.80 40.73 2.00 0.59 -0.96 1.74 2.22 2.26 2.14
0.82 0.11 -0.53 212.75 -14.45 56.09 1.89 0.25 -1.22 1.78 2.22 2.26 2.13
0.80 0.24 -0.38 181.44 -55.55 51.06 1.83 0.54 -0.88 1.83 2.21 2.27 2.14
0.39 -0.11 -0.39 124.44 -80.72 39.01 0.84 0.00 -0.94 1.86 2.21 2.26 2.12
0.75 0.25 -0.40 80.66 -16.67 45.88 1.72 0.57 -0.91 1.89 2.21 2.24 2.12
0.98 0.30 -0.55 60.61 7.36 39.11 2.25 0.67 -1.23 1.93 2.23 2.25 2.13
1.00 0.18 -0.52 51.24 3.32 33.54 2.29 0.42 -1.20 1.96 2.23 2.25 2.13
0.85 0.34 -0.37 17.28 -2.22 23.17 1.96 0.79 -0.84 2.00 2.21 2.25 2.12
0.69 0.38 -0.32 19.04 -3.89 20.17 1.58 0.90 -0.76 2.01 2.21 2.25 2.12
0.76 0.29 -0.34 14.03 8.26 18.09 1.75 0.66 -0.78 2.03 2.23 2.25 2.12
0.76 0.31 -0.30 -2.00 23.45 9.95 1.73 0.74 -0.68 2.03 2.21 2.25 2.11
0.76 0.27 -0.29 -1.59 35.53 6.89 1.73 0.62 -0.66 2.04 2.20 2.24 2.12
0.93 0.33 -0.37 -11.65 40.67 10.14 2.14 0.76 -0.89 2.04 2.20 2.25 2.11
0.95 0.42 -0.42 -7.91 25.41 9.22 2.16 0.97 -0.96 2.04 2.20 2.24 2.10
0.84 0.40 -0.33 -6.85 15.85 4.90 1.92 0.92 -0.76 2.03 2.21 2.23 2.09
0.77 0.41 -0.29 -6.17 18.43 -0.13 1.77 0.95 -0.66 2.04 2.21 2.24 2.10
0.82 0.32 -0.32 -3.82 24.74 -2.68 1.87 0.73 -0.74 2.05 2.21 2.23 2.10
0.83 0.32 -0.34 -8.62 23.43 -0.74 1.90 0.73 -0.79 2.03 2.20 2.22 2.11
0.87 0.38 -0.39 -6.43 19.11 2.12 2.01 0.83 -0.91 2.05 2.19 2.23 2.10
0.86 0.36 -0.38 -6.40 13.27 0.60 1.97 0.83 -0.87 2.05 2.20 2.23 2.10
0.90 0.41 -0.43 -4.80 8.78 -2.73 2.07 0.94 -0.99 2.03 2.21 2.22 2.09
0.83 0.33 -0.37 -3.49 1.92 -8.51 1.86 0.73 -0.83 2.03 2.20 2.22 2.10
0.76 0.28 -0.32 -11.17 5.04 -9.48 1.75 0.64 -0.73 2.04 2.18 2.24 2.09
0.78 0.30 -0.31 -12.45 10.02 -6.38 1.78 0.69 -0.72 2.04 2.19 2.21 2.10
0.86 0.30 -0.35 -11.38 12.86 -1.69 1.98 0.70 -0.81 2.03 2.19 2.23 2.10
0.96 0.43 -0.42 -9.02 5.64 -2.90 2.19 0.99 -0.96 2.05 2.19 2.23 2.10
0.89 0.39 -0.34 -4.34 -2.99 -8.84 2.02 0.87 -0.77 2.04 2.19 2.22 2.08
0.90 0.39 -0.34 -8.32 -3.35 -16.07 2.07 0.89 -0.79 2.04 2.18 2.23 2.08
0.75 0.38 -0.25 -9.80 -2.35 -22.83 1.70 0.84 -0.56 2.03 2.19 2.23 2.08
0.80 0.25 -0.31 -9.73 9.65 -20.83 1.85 0.58 -0.70 2.01 2.19 2.21 2.09
0.84 0.34 -0.39 -20.88 11.71 -20.35 1.94 0.79 -0.89 2.03 2.18 2.22 2.07
0.79 0.43 -0.40 -21.17 15.15 -25.93 1.82 0.99 -0.93 2.01 2.18 2.22 2.08
0.79 0.49 -0.48 -17.93 18.09 -35.60 1.82 1.12 -1.10 2.01 2.18 2.21 2.09
0.85 0.60 -0.60 -11.23 17.33 -51.80 1.95 1.39 -1.37 2.00 2.18 2.20 2.10
0.68 0.52 -0.58 2.52 8.25 -77.43 1.57 1.18 -1.33 2.01 2.16 2.21 2.07
0.71 0.53 -0.70 10.85 12.23 -98.53 1.63 1.20 -1.65 2.00 2.16 2.23 2.08
0.60 0.31 -0.69 15.02 5.25 -113.02 1.39 0.67 -1.60 1.97 2.17 2.22 2.06
0.69 0.20 -0.76 -3.42 -3.38 -118.29 1.58 0.47 -1.73 1.95 2.17 2.21 2.07
0.67 0.28 -0.80 -23.43 -21.10 -121.43 1.45 0.75 -1.84 1.93 2.16 2.23 2.06
0.73 0.48 -0.77 -23.06 -33.30 -137.53 1.68 1.10 -1.77 1.89 2.16 2.19 2.07
0.52 0.58 -0.77 -11.99 -53.99 -167.85 1.26 1.36 -1.77 1.86 2.14 2.21 2.05
0.42 0.58 -0.73 3.68 -68.64 -213.06 0.92 1.34 -1.67 1.84 2.14 2.19 2.04
0.33 0.45 -0.61 11.60 -72.70 -258.96 0.76 1.04 -1.39 1.81 2.12 2.18 2.04
0.43 -0.02 -0.60 3.04 -100.97 -284.72 0.96 -0.15 -1.38 1.77 2.11 2.15 2.03
0.63 -0.62 -0.63 -46.14 -164.26 -257.70 1.45 -1.43 -1.46 1.76 2.08 2.13 2.01
0.74 -0.76 -0.36 -114.24 -209.89 -209.76 1.70 -1.68 -0.59 1.74 2.06 2.11 1.99
0.79 -0.51 -0.23 -164.57 -247.24 -179.83 1.81 -1.17 -0.53 1.74 2.00 2.07 1.94
0.85 -0.35 -0.31 -221.29 -286.72 -169.85 1.92 -0.84 -0.73 1.73 1.97 2.03 1.86
0.88 -0.08 -0.37 -172.76 -286.72 -200.54 1.97 -0.19 -0.85 1.72 1.93 1.99 1.77
0.71 0.00 -0.42 -74.10 -254.62 -220.19 1.62 0.01 -0.97 1.71 1.88 1.94 1.72
0.74 -1.07 0.65 105.11 -286.72 -281.73 2.11 -2.12 1.75 1.71 1.82 1.90 1.69
0.57 -0.83 0.08 172.69 -286.72 -240.93 1.32 -1.91 0.18 1.69 1.79 1.86 1.65
0.62 -1.37 0.23 193.51 -286.72 -202.72 1.58 -3.08 0.57 1.69 1.74 1.80 1.63
0.58 -1.24 0.05 198.86 -286.72 -140.27 1.32 -2.84 0.12 1.67 1.71 1.76 1.61
0.41 -1.30 0.28 237.48 -286.72 -63.41 0.96 -2.80 0.65 1.67 1.66 1.71 1.60
0.24 -1.07 0.31 263.17 -286.72 -10.35 0.48 -2.44 0.72 1.65 1.63 1.67 1.59
0.04 -1.32 0.36 271.53 -286.72 14.40 0.10 -3.02 0.82 1.65 1.60 1.66 1.56
0.20 -1.53 0.45 276.08 -286.72 30.87 0.44 -3.46 1.07 1.66 1.59 1.62 1.56
0.44 -1.42 0.34 241.29 -286.72 52.62 1.01 -3.27 0.79 1.63 1.56 1.61 1.54
0.78 -1.52 0.16 222.66 -286.72 117.36 1.86 -3.43 0.39 1.65 1.56 1.58 1.53
1.07 -1.72 -0.02 207.04 -286.72 220.91 2.47 -3.94 -0.04 1.63 1.54 1.58 1.52
0.35 -1.67 0.05 193.05 -286.72 286.68 0.36 -3.98 0.06 1.62 1.53 1.54 1.52
-0.28 -1.80 -0.26 235.75 -286.72 286.68 -0.67 -4.10 -0.48 1.61 1.54 1.52 1.53
-0.15 -1.33 0.17 284.16 -286.72 286.68 -0.34 -3.06 0.40 1.61 1.52 1.52 1.53
0.03 -2.00 0.01 286.66 -286.72 286.68 0.08 -4.59 0.06 1.59 1.53 1.52 1.53
-0.06 -2.00 0.17 246.37 -286.72 286.68 -0.13 -4.59 0.40 1.59 1.52 1.50 1.52
-0.79 -2.00 -0.29 223.48 -286.72 286.68 -1.70 -4.59 -0.76 1.58 1.52 1.50 1.52
-1.16 -2.00 -0.39 284.94 -286.72 286.68 -2.67 -4.59 -0.90 1.59 1.52 1.50 1.52
-1.08 -1.83 0.17 286.68 -286.72 286.68 -2.43 -3.94 0.66 1.59 1.52 1.49 1.51
-0.71 -1.67 1.80 286.68 -286.72 286.68 -1.55 -3.88 4.19 1.59 1.52 1.50 1.50
-0.39 -1.63 1.57 118.11 -286.72 286.68 -0.90 -3.73 3.60 1.59 1.52 1.48 1.51
-0.61 -1.02 1.58 -36.30 -286.72 197.02 -1.37 -2.21 3.67 1.61 1.52 1.50 1.50
-0.76 -0.28 1.16 -75.85 -252.79 124.08 -1.75 -0.64 2.65 1.60 1.53 1.49 1.50
-0.79 -0.06 1.05 -24.67 -159.00 99.05 -1.69 0.21 2.38 1.59 1.53 1.49 1.51
-0.68 -0.16 1.08 50.11 -83.30 88.33 -1.56 -0.38 2.48 1.59 1.52 1.50 1.51
-0.55 -0.41 1.29 59.71 -39.04 59.21 -1.23 -0.94 2.97 1.60 1.51 1.50 1.51
-0.44 -0.60 1.33 13.67 -15.23 16.71 -0.97 -1.38 3.01 1.60 1.51 1.49 1.50
-0.29 -0.59 1.12 -43.58 -6.39 -20.81 -0.67 -1.35 2.58 1.60 1.52 1.50 1.50
-0.19 -0.42 0.90 -64.10 -6.00 -42.54 -0.40 -0.95 2.02 1.60 1.52 1.51 1.50
-0.01 -0.45 0.75 -40.91 5.87 -35.30 -0.02 -1.02 1.72 1.60 1.51 1.52 1.50
0.08 -0.48 0.71 -8.40 12.78 -14.88 0.19 -1.10 1.65 1.60 1.52 1.51 1.51
0.18 -0.54 0.78 17.76 18.19 3.26 0.39 -1.26 1.79 1.60 1.52 1.50 1.50
0.23 -0.62 0.84 24.24 22.94 5.10 0.53 -1.42 1.92 1.60 1.52 1.51 1.49
0.29 -0.69 0.84 10.83 22.90 -6.64 0.67 -1.59 1.92 1.59 1.52 1.51 1.50
0.30 -0.67 0.83 -11.77 16.18 -22.39 0.69 -1.53 1.90 1.60 1.52 1.50 1.50
0.31 -0.57 0.76 -24.05 12.78 -33.93 0.72 -1.31 1.73 1.58 1.53 1.50 1.52
0.35 -0.56 0.76 -21.16 9.31 -36.69 0.80 -1.27 1.74 1.59 1.53 1.50 1.50
0.34 -0.51 0.77 -11.73 10.42 -31.38 0.77 -1.18 1.77 1.61 1.52 1.50 1.50
0.34 -0.52 0.78 -0.85 14.69 -20.38 0.78 -1.21 1.79 1.60 1.52 1.51 1.50
0.32 -0.57 0.81 6.72 23.47 -14.29 0.74 -1.31 1.85 1.60 1.53 1.50 1.51
0.36 -0.65 0.78 5.19 24.30 -11.25 0.82 -1.49 1.80 1.59 1.52 1.51 1.51
0.39 -0.66 0.78 0.30 17.10 -8.01 0.91 -1.50 1.78 1.59 1.51 1.50 1.51
0.39 -0.63 0.76 -1.23 8.40 -6.11 0.91 -1.44 1.74 1.61 1.52 1.52 1.50
0.38 -0.61 0.78 -0.83 5.21 -7.27 0.88 -1.40 1.79 1.60 1.53 1.52 1.50
0.36 -0.57 0.80 -3.07 3.91 -10.11 0.81 -1.32 1.83 1.60 1.53 1.51 1.50
0.31 -0.52 0.82 -5.07 9.06 -13.61 0.72 -1.20 1.87 1.61 1.51 1.52 1.50
0.31 -0.54 0.82 -5.63 16.09 -13.19 0.70 -1.22 1.86 1.61 1.52 1.52 1.50
0.31 -0.52 0.78 -3.74 20.34 -9.35 0.70 -1.19 1.79 1.59 1.53 1.51 1.50
0.30 -0.52 0.77 -1.31 18.75 -7.07 0.69 -1.22 1.76 1.62 1.51 1.52 1.50
0.30 -0.54 0.77 -0.67 16.00 -8.66 0.69 -1.24 1.78 1.61 1.53 1.50 1.50
0.30 -0.53 0.77 -0.96 16.86 -12.54 0.70 -1.22 1.76 1.60 1.53 1.52 1.51
0.32 -0.55 0.76 -0.58 19.22 -16.96 0.73 -1.28 1.75 1.60 1.53 1.51 1.50
0.30 -0.56 0.76 -1.30 21.31 -24.09 0.69 -1.28 1.75 1.60 1.52 1.50 1.52
0.28 -0.57 0.76 -3.93 22.49 -28.78 0.64 -1.31 1.74 1.59 1.53 1.53 1.51
0.27 -0.56 0.78 -4.13 23.84 -25.05 0.60 -1.28 1.79 1.61 1.52 1.51 1.52
0.24 -0.53 0.79 1.61 30.27 -20.56 0.55 -1.22 1.81 1.60 1.53 1.51 1.52
0.24 -0.54 0.79 4.69 34.42 -16.48 0.55 -1.25 1.84 1.61 1.53 1.50 1.51
0.23 -0.57 0.83 6.26 36.46 -19.03 0.54 -1.29 1.91 1.62 1.53 1.52 1.51
0.21 -0.57 0.86 2.07 44.10 -30.83 0.48 -1.31 1.97 1.61 1.54 1.53 1.50
0.19 -0.57 0.88 -6.47 50.44 -45.07 0.44 -1.30 2.00 1.60 1.52 1.52 1.51
0.17 -0.56 0.85 -16.07 59.31 -58.21 0.38 -1.29 1.96 1.61 1.52 1.52 1.51
0.16 -0.54 0.84 -20.66 68.57 -64.74 0.36 -1.18 1.93 1.62 1.53 1.51 1.52
0.16 -0.53 0.87 -19.99 81.00 -69.83 0.38 -1.20 1.98 1.62 1.53 1.51 1.51
0.18 -0.58 0.81 -16.69 91.87 -69.84 0.42 -1.32 1.87 1.61 1.53 1.52 1.51
0.20 -0.60 0.84 -10.68 96.99 -68.28 0.45 -1.38 1.94 1.63 1.52 1.53 1.52
0.17 -0.59 0.84 -11.05 109.08 -79.79 0.40 -1.36 1.94 1.61 1.54 1.52 1.52
0.16 -0.57 0.84 -11.97 123.42 -104.15 0.34 -1.29 1.89 1.60 1.52 1.53 1.53
0.16 -0.59 0.88 -10.42 138.15 -136.85 0.32 -1.40 2.02 1.63 1.52 1.53 1.52
0.21 -0.82 0.80 -34.83 153.55 -175.38 0.49 -1.89 1.82 1.62 1.54 1.52 1.52
0.34 -1.03 0.77 -90.02 141.89 -191.00 0.76 -2.23 1.81 1.62 1.53 1.52 1.52
0.26 -0.82 0.81 -140.41 131.77 -201.95 0.60 -1.89 1.85 1.62 1.52 1.53 1.52
0.20 -0.78 0.73 -158.04 133.10 -219.18 0.40 -1.71 1.66 1.62 1.53 1.53 1.52
0.16 -0.77 0.77 -163.40 145.42 -236.64 0.37 -1.76 1.76 1.62 1.53 1.53 1.53
0.16 -0.74 0.78 -157.35 150.94 -244.62 0.36 -1.69 1.80 1.61 1.54 1.54 1.53
0.14 -0.69 0.81 -151.11 157.34 -254.30 0.32 -1.61 1.89 1.60 1.53 1.54 1.52
0.11 -0.80 0.73 -139.93 175.31 -259.82 0.25 -1.84 1.67 1.61 1.53 1.54 1.52
0.14 -0.86 0.62 -131.01 173.52 -258.79 0.34 -1.98 1.42 1.62 1.54 1.54 1.54
0.21 -0.90 0.82 -128.81 177.55 -253.01 0.49 -2.07 1.87 1.61 1.54 1.56 1.53
0.17 -0.98 0.80 -151.16 177.65 -255.82 0.39 -2.25 1.84 1.64 1.54 1.56 1.54
0.17 -1.07 0.92 -187.77 174.90 -265.20 0.38 -2.42 2.15 1.64 1.55 1.56 1.54
0.16 -1.04 0.98 -233.02 186.60 -284.74 0.37 -2.39 2.26 1.64 1.55 1.56 1.54
0.14 -0.91 0.85 -267.08 181.17 -286.72 0.32 -2.06 1.88 1.63 1.56 1.58 1.55
0.18 -0.77 0.73 -263.36 176.41 -286.72 0.42 -1.77 1.67 1.65 1.55 1.59 1.55
0.25 -0.73 0.71 -237.24 188.71 -265.38 0.60 -1.68 1.68 1.64 1.57 1.61 1.55
0.39 -0.73 0.66 -206.71 180.01 -226.58 0.88 -1.65 1.51 1.64 1.57 1.61 1.55
0.31 -0.81 0.74 -198.07 162.94 -178.14 0.71 -1.86 1.69 1.65 1.56 1.62 1.56
0.35 -0.87 0.92 -205.82 155.01 -146.22 0.87 -2.04 2.14 1.65 1.57 1.63 1.56
0.40 -0.92 0.95 -235.04 149.90 -125.92 0.93 -2.12 2.19 1.64 1.57 1.63 1.57
0.28 -0.73 0.88 -276.95 142.21 -111.40 0.61 -1.65 2.03 1.65 1.57 1.64 1.56
0.23 -0.48 0.85 -285.04 157.74 -104.61 0.54 -1.11 1.95 1.64 1.58 1.63 1.58
0.28 -0.33 0.82 -278.44 178.43 -99.16 0.68 -0.79 1.87 1.65 1.57 1.65 1.58
0.35 -0.33 0.89 -262.76 194.84 -92.17 0.74 -0.77 2.02 1.65 1.59 1.65 1.60
0.44 -0.43 0.84 -255.42 208.72 -89.37 1.01 -1.00 1.93 1.63 1.58 1.68 1.61
0.52 -0.43 0.76 -270.39 217.30 -86.02 1.17 -0.96 1.77 1.65 1.59 1.70 1.61
0.56 -0.47 0.78 -279.55 209.66 -65.76 1.28 -1.09 1.78 1.67 1.59 1.73 1.61
0.57 -0.37 0.68 -286.72 209.20 -48.52 1.30 -0.83 1.49 1.66 1.61 1.72 1.64
0.60 -0.05 0.55 -286.72 202.62 -37.36 1.37 -0.12 1.26 1.67 1.62 1.73 1.65
0.48 0.08 0.68 -282.69 222.62 -33.85 1.11 0.18 1.64 1.67 1.62 1.74 1.65
0.54 0.20 0.65 -252.04 231.84 -43.46 1.21 0.40 1.46 1.67 1.64 1.75 1.67
0.63 0.10 0.58 -216.96 230.93 -44.24 1.44 0.23 1.32 1.67 1.66 1.75 1.68
0.75 0.01 0.55 -196.47 218.53 -36.09 1.76 0.01 1.28 1.66 1.68 1.77 1.69
0.80 -0.06 0.49 -192.90 205.15 -18.62 1.83 -0.14 1.12 1.67 1.70 1.78 1.70
0.88 0.02 0.41 -176.55 190.42 -10.17 2.02 0.08 0.99 1.68 1.71 1.80 1.71
0.87 0.20 0.28 -155.57 181.54 -6.23 1.97 0.52 0.73 1.67 1.73 1.80 1.72
0.76 0.32 0.29 -119.76 181.39 -11.63 1.75 0.74 0.66 1.69 1.73 1.79 1.72
0.81 0.32 0.32 -72.09 188.74 -11.07 1.87 0.74 0.75 1.69 1.74 1.81 1.71
0.79 0.26 0.42 -43.15 179.38 -11.54 1.81 0.59 0.95 1.70 1.74 1.80 1.72
0.80 0.18 0.34 -31.81 156.40 -17.64 1.86 0.44 0.79 1.68 1.75 1.81 1.72
0.91 0.14 0.34 -27.98 150.09 -20.04 2.12 0.27 0.80 1.69 1.76 1.80 1.74
0.91 0.12 0.34 -39.05 142.41 -15.56 2.09 0.27 0.78 1.69 1.76 1.81 1.74
0.84 0.15 0.36 -34.27 154.63 -13.15 1.87 0.32 0.81 1.69 1.76 1.82 1.75
0.79 0.19 0.30 -18.70 186.94 -20.22 1.81 0.43 0.69 1.70 1.77 1.83 1.76
0.80 0.15 0.21 -21.11 192.89 -25.45 1.87 0.44 0.43 1.69 1.78 1.82 1.78
0.96 0.21 0.14 -6.43 200.72 -29.55 2.19 0.48 0.31 1.68 1.82 1.86 1.80
0.99 0.22 0.04 -10.40 190.73 -35.57 2.28 0.50 0.08 1.69 1.85 1.91 1.83
1.04 0.17 -0.01 -1.00 175.22 -39.51 2.41 0.38 -0.03 1.68 1.88 1.93 1.85
1.05 0.13 -0.08 14.08 159.96 -39.49 2.40 0.29 -0.19 1.68 1.93 1.96 1.88
1.04 0.12 -0.04 26.90 150.38 -35.99 2.36 0.21 -0.15 1.68 1.94 1.97 1.90
0.93 0.08 -0.07 24.12 137.02 -35.18 2.11 0.14 -0.16 1.67 1.96 1.99 1.92
0.91 0.13 -0.11 23.76 144.17 -34.27 2.08 0.30 -0.26 1.69 1.99 2.01 1.93
0.92 0.06 -0.13 35.18 152.31 -27.67 2.26 0.20 -0.34 1.68 2.01 2.03 1.95
0.95 0.01 -0.17 43.53 154.58 -21.69 2.17 0.02 -0.40 1.67 2.04 2.05 1.98
0.97 -0.07 -0.25 51.29 137.65 -10.10 2.27 -0.13 -0.60 1.67 2.07 2.09 2.01
1.04 0.00 -0.36 37.82 104.25 0.25 2.39 0.01 -0.82 1.67 2.08 2.12 2.02
1.03 0.08 -0.44 27.51 87.93 6.29 2.37 0.18 -1.00 1.69 2.12 2.15 2.04
1.02 0.06 -0.48 20.26 73.89 11.57 2.37 0.13 -1.11 1.68 2.10 2.13 2.04
0.99 0.08 -0.47 20.36 60.71 9.11 2.26 0.19 -1.07 1.68 2.11 2.13 2.03
0.95 0.15 -0.44 29.20 41.41 2.78 2.13 0.29 -0.92 1.68 2.11 2.13 2.03
0.76 0.20 -0.33 33.04 19.82 -1.02 1.74 0.47 -0.75 1.67 2.10 2.12 2.04
0.78 0.11 -0.18 58.35 31.40 6.30 1.80 0.25 -0.41 1.67 2.09 2.11 2.04
0.93 -0.06 -0.09 77.42 48.96 39.02 2.16 -0.22 -0.17 1.66 2.09 2.11 2.04
0.85 0.06 -0.18 59.96 28.26 54.42 1.96 0.14 -0.41 1.67 2.09 2.12 2.04
0.75 0.12 -0.16 28.32 30.76 37.21 1.70 0.40 -0.42 1.67 2.10 2.13 2.06
0.76 0.35 -0.20 28.47 43.24 19.14 1.75 0.81 -0.45 1.66 2.10 2.13 2.06
0.90 0.30 -0.19 48.99 57.37 5.43 2.07 0.69 -0.43 1.67 2.13 2.14 2.07
0.97 0.06 -0.24 73.90 49.50 6.02 2.27 0.26 -0.39 1.67 2.16 2.16 2.09
1.06 0.06 -0.22 77.96 34.05 16.11 2.43 0.13 -0.50 1.66 2.15 2.18 2.10
0.89 0.05 -0.23 76.86 11.33 28.30 2.08 0.14 -0.53 1.68 2.18 2.18 2.12
0.76 0.10 -0.13 76.94 11.09 48.33 1.75 0.22 -0.29 1.71 2.18 2.19 2.12
0.68 0.19 -0.21 73.91 27.81 53.14 1.57 0.44 -0.49 1.73 2.20 2.20 2.11
0.83 0.40 -0.36 68.37 33.16 46.07 1.91 1.01 -1.01 1.76 2.21 2.22 2.12
1.05 0.51 -0.56 83.32 27.11 25.05 2.41 1.16 -1.29 1.81 2.21 2.23 2.12
1.03 0.27 -0.64 101.80 -7.15 13.23 2.30 0.62 -1.37 1.86 2.22 2.23 2.14
0.95 0.21 -0.43 83.12 -26.18 9.14 2.18 0.48 -0.98 1.89 2.20 2.21 2.13
0.80 0.15 -0.32 59.01 -22.51 12.77 1.84 0.34 -0.74 1.93 2.20 2.24 2.12
0.83 0.35 -0.30 44.82 -3.57 16.84 1.88 0.78 -0.68 1.95 2.20 2.23 2.12
0.77 0.34 -0.37 40.78 4.00 16.79 1.76 0.79 -0.85 1.98 2.20 2.22 2.12
0.84 0.40 -0.34 22.41 16.69 6.84 1.97 1.06 -0.86 1.99 2.21 2.21 2.13
0.94 0.47 -0.41 22.41 14.49 -5.05 2.16 1.09 -0.95 1.99 2.20 2.22 2.12
0.95 0.36 -0.39 22.27 8.26 -8.63 2.17 0.82 -0.90 2.00 2.20 2.22 2.12
0.91 0.27 -0.35 14.92 1.69 -7.32 2.05 0.58 -0.78 2.02 2.19 2.22 2.11
0.81 0.22 -0.25 -4.75 7.53 -2.10 1.87 0.49 -0.58 2.03 2.19 2.21 2.11
0.89 0.36 -0.32 -14.33 14.65 0.87 2.07 0.83 -0.75 2.03 2.19 2.22 2.12
0.92 0.36 -0.36 -12.46 9.36 1.18 2.11 0.90 -0.84 2.02 2.18 2.20 2.10
0.90 0.45 -0.37 -11.94 2.10 -4.85 2.06 1.02 -0.84 2.04 2.18 2.21 2.11
0.86 0.40 -0.31 -4.77 -2.09 -10.88 1.97 0.89 -0.71 2.03 2.20 2.20 2.10
0.84 0.30 -0.27 -4.87 -1.45 -14.29 1.92 0.70 -0.62 2.04 2.20 2.19 2.11
0.80 0.27 -0.26 -6.29 1.17 -11.24 1.84 0.62 -0.60 2.04 2.19 2.19 2.12
0.92 0.27 -0.31 -5.49 4.15 -3.10 2.13 0.63 -0.73 2.03 2.19 2.20 2.09
0.91 0.29 -0.33 -3.10 -3.05 2.49 2.09 0.67 -0.75 2.05 2.19 2.20 2.10
0.90 0.29 -0.30 -5.18 -7.02 3.86 2.06 0.70 -0.68 2.03 2.19 2.19 2.11
0.87 0.38 -0.29 -7.00 -7.76 -2.42 2.00 0.87 -0.64 2.04 2.19 2.19 2.09
0.85 0.31 -0.24 -5.00 -6.55 -7.76 1.96 0.71 -0.54 2.03 2.18 2.20 2.10
0.87 0.30 -0.23 -2.93 -4.38 -9.63 2.01 0.67 -0.52 2.04 2.19 2.18 2.10
0.90 0.26 -0.22 -0.33 -3.10 -5.27 2.06 0.59 -0.50 2.04 2.19 2.19 2.09
0.91 0.28 -0.24 -2.19 -3.75 -2.07 2.10 0.63 -0.56 2.03 2.17 2.18 2.09
0.90 0.31 -0.22 -4.57 -1.78 -0.41 2.05 0.73 -0.51 2.04 2.18 2.18 2.10
0.90 0.32 -0.22 -1.15 1.42 -1.32 2.07 0.75 -0.51 2.03 2.18 2.19 2.10
0.91 0.26 -0.22 -2.71 2.11 -3.70 2.08 0.59 -0.51 2.04 2.18 2.18 2.09
0.88 0.28 -0.23 -8.55 3.97 -3.83 2.02 0.65 -0.52 2.03 2.17 2.18 2.09
0.88 0.31 -0.24 -10.23 6.05 -2.48 2.02 0.70 -0.54 2.01 2.18 2.17 2.09
0.88 0.35 -0.26 -11.99 7.70 -4.82 2.03 0.81 -0.59 2.01 2.17 2.19 2.08
0.90 0.35 -0.28 -10.67 9.30 -7.83 2.08 0.82 -0.65 2.03 2.17 2.18 2.08
0.96 0.33 -0.32 -7.99 6.41 -9.01 2.19 0.75 -0.73 2.02 2.17 2.18 2.08
0.91 0.30 -0.31 -5.21 0.49 -8.36 2.06 0.67 -0.71 2.01 2.18 2.18 2.08
0.83 0.28 -0.25 -9.43 0.29 -10.24 1.90 0.65 -0.57 2.03 2.16 2.18 2.08
0.80 0.27 -0.20 -16.23 8.09 -12.82 1.84 0.62 -0.46 2.02 2.16 2.18 2.09
0.85 0.25 -0.26 -22.38 17.95 -9.48 1.98 0.62 -0.60 2.00 2.17 2.18 2.08
0.95 0.33 -0.30 -24.36 18.44 -9.69 2.18 0.76 -0.68 1.99 2.17 2.17 2.10
0.92 0.35 -0.30 -21.19 11.22 -12.34 2.09 0.80 -0.69 2.00 2.17 2.18 2.08
0.94 0.39 -0.33 -17.27 9.55 -19.36 2.15 0.89 -0.75 2.01 2.16 2.19 2.07
0.88 0.33 -0.31 -11.00 5.70 -26.37 2.02 0.72 -0.71 2.01 2.15 2.18 2.07
0.81 0.23 -0.28 -11.46 7.70 -26.46 1.85 0.54 -0.65 1.99 2.16 2.18 2.08
0.80 0.33 -0.36 -19.00 17.54 -26.56 1.84 0.77 -0.82 2.00 2.16 2.18 2.08
0.82 0.31 -0.38 -20.14 23.91 -28.87 1.92 0.71 -0.84 2.00 2.17 2.17 2.07
0.82 0.27 -0.41 -27.30 24.51 -33.88 1.88 0.62 -0.95 1.98 2.17 2.16 2.08
0.90 0.37 -0.54 -32.12 26.28 -42.04 2.13 0.88 -1.27 1.98 2.14 2.18 2.06
0.92 0.41 -0.61 -18.14 5.31 -54.89 2.08 0.97 -1.37 1.97 2.16 2.16 2.07
0.80 0.41 -0.64 -4.60 -16.13 -73.40 1.84 0.95 -1.47 1.97 2.14 2.17 2.06
0.71 0.47 -0.65 -1.01 -21.59 -95.19 1.60 1.08 -1.46 1.94 2.13 2.17 2.07
0.58 0.44 -0.63 3.86 -27.12 -114.02 1.33 1.01 -1.44 1.94 2.14 2.19 2.06
0.49 0.41 -0.65 3.12 -23.59 -127.36 1.10 0.94 -1.52 1.91 2.13 2.16 2.06
0.49 0.35 -0.71 -2.90 -17.26 -144.60 1.15 0.76 -1.68 1.87 2.13 2.16 2.05
0.70 0.40 -0.89 -16.10 -32.58 -156.62 1.60 0.91 -2.04 1.86 2.11 2.14 2.05
0.65 0.37 -0.84 -26.11 -66.76 -175.49 1.53 0.74 -1.95 1.84 2.10 2.14 2.03
0.50 0.23 -0.79 -50.51 -122.83 -198.39 1.14 0.53 -1.80 1.82 2.08 2.10 2.00
0.41 0.04 -0.47 -57.65 -142.82 -225.37 1.01 0.07 -0.99 1.81 2.05 2.06 1.97
0.55 -0.19 -0.45 -81.14 -183.59 -233.07 1.26 -0.44 -1.03 1.80 2.01 2.03 1.93
0.62 -0.47 -0.50 -99.43 -247.39 -225.13 1.42 -1.09 -1.14 1.80 1.96 1.99 1.88
0.75 -0.52 -0.39 -143.04 -286.72 -196.15 1.78 -1.25 -0.89 1.78 1.94 1.98 1.81
0.79 -0.60 -0.15 -124.76 -286.72 -173.83 1.82 -1.38 -0.34 1.76 1.91 1.93 1.74
0.66 -0.56 -0.46 -79.79 -286.72 -145.38 1.37 -1.54 -1.03 1.76 1.86 1.89 1.68
0.89 -0.25 0.16 46.75 -286.72 -215.18 2.05 -0.57 0.37 1.75 1.81 1.86 1.66
0.48 -0.51 -0.15 155.81 -286.72 -173.75 1.07 -1.23 -0.28 1.73 1.75 1.81 1.63
0.42 -0.81 0.10 173.10 -286.72 -160.00 0.95 -1.85 0.23 1.73 1.72 1.78 1.62
0.48 -0.90 0.07 191.08 -286.72 -128.24 1.10 -2.07 0.26 1.71 1.68 1.73 1.60
0.40 -1.09 0.27 234.14 -286.72 -88.23 0.88 -2.59 0.64 1.72 1.63 1.70 1.59
0.44 -1.33 0.29 244.54 -286.72 -36.85 1.02 -3.04 0.67 1.68 1.61 1.67 1.56
0.38 -1.27 0.42 257.98 -286.72 13.04 0.82 -3.13 1.01 1.67 1.58 1.64 1.54
0.41 -1.55 0.37 247.17 -286.72 54.32 0.94 -3.56 0.86 1.68 1.58 1.61 1.54
0.35 -1.37 0.33 240.21 -286.72 94.62 0.87 -3.02 0.77 1.67 1.55 1.60 1.54
0.20 -1.41 0.18 272.72 -286.72 150.90 0.44 -3.24 0.42 1.66 1.54 1.58 1.53
0.05 -1.58 0.21 286.65 -286.72 192.07 0.11 -3.63 0.48 1.65 1.54 1.57 1.53
0.18 -1.68 0.37 286.68 -286.72 242.45 0.59 -3.97 0.81 1.65 1.53 1.55 1.52
0.51 -1.83 0.36 275.02 -286.72 286.68 1.18 -4.20 0.83 1.64 1.52 1.54 1.53
0.39 -1.55 0.24 284.90 -286.72 286.68 0.86 -3.54 0.56 1.64 1.52 1.53 1.53
0.08 -1.61 -0.05 286.68 -286.72 286.68 0.18 -3.70 -0.12 1.62 1.53 1.55 1.52
-0.26 -1.85 -0.11 286.68 -286.72 286.68 -0.72 -4.28 -0.25 1.62 1.54 1.55 1.52
-0.77 -2.00 -0.39 286.68 -286.72 286.68 -1.76 -4.59 -0.89 1.60 1.54 1.53 1.51
-1.13 -2.00 -0.13 286.68 -286.72 286.68 -2.60 -4.59 -0.30 1.61 1.52 1.52 1.51
-0.79 -1.96 1.02 286.68 -286.72 286.68 -1.77 -4.33 2.47 1.59 1.51 1.52 1.52
-0.32 -1.74 1.46 265.78 -286.72 286.68 -0.73 -3.99 3.35 1.59 1.53 1.52 1.50
-0.23 -1.79 1.28 90.42 -286.72 244.90 -0.57 -4.04 2.96 1.60 1.52 1.52 1.51
-0.36 -1.18 1.18 -24.53 -286.72 183.43 -0.83 -2.70 2.70 1.59 1.53 1.51 1.52
-0.39 -0.75 1.01 -44.94 -278.99 141.20 -0.95 -1.73 2.25 1.60 1.52 1.52 1.51
-0.55 -0.40 1.11 -17.62 -219.98 108.17 -1.26 -0.92 2.56 1.60 1.53 1.52 1.51
-0.61 -0.30 1.22 26.83 -136.04 79.16 -1.39 -0.68 2.91 1.60 1.53 1.52 1.52
-0.43 -0.48 1.30 40.03 -70.80 52.19 -0.95 -1.09 3.06 1.59 1.52 1.52 1.51
-0.36 -0.57 1.34 6.04 -35.64 34.40 -0.82 -1.32 3.07 1.61 1.51 1.53 1.50
-0.28 -0.58 1.18 -28.10 -11.12 15.52 -0.62 -1.33 2.65 1.62 1.52 1.53 1.50
-0.21 -0.50 0.96 -36.13 0.96 -0.50 -0.48 -1.15 2.21 1.62 1.52 1.54 1.50
-0.10 -0.51 0.87 -22.58 9.86 -7.39 -0.17 -1.28 1.94 1.61 1.53 1.54 1.52
0.02 -0.56 0.79 -1.86 15.01 -4.48 0.10 -1.30 1.80 1.61 1.53 1.53 1.52
0.11 -0.62 0.73 10.90 12.33 4.05 0.26 -1.43 1.66 1.60 1.53 1.54 1.51
0.17 -0.66 0.79 15.86 10.15 12.37 0.40 -1.51 1.81 1.61 1.52 1.53 1.52
0.21 -0.68 0.83 10.43 18.39 5.44 0.48 -1.57 1.90 1.61 1.52 1.54 1.51
0.24 -0.71 0.83 -4.61 25.85 -10.18 0.55 -1.65 1.90 1.60 1.53 1.53 1.52
0.26 -0.67 0.77 -19.70 28.52 -25.84 0.62 -1.54 1.76 1.61 1.52 1.53 1.51
0.30 -0.60 0.72 -23.71 26.78 -33.20 0.69 -1.37 1.66 1.62 1.52 1.53 1.51
0.36 -0.60 0.68 -22.34 23.84 -32.65 0.82 -1.38 1.56 1.61 1.53 1.54 1.52
0.39 -0.59 0.65 -16.57 20.41 -23.50 0.90 -1.36 1.50 1.61 1.54 1.54 1.52
0.36 -0.54 0.63 -6.78 18.23 -11.84 0.85 -1.24 1.46 1.61 1.53 1.55 1.51
0.38 -0.59 0.66 5.71 20.04 -5.06 0.87 -1.33 1.51 1.62 1.53 1.55 1.52
0.40 -0.61 0.69 9.41 20.72 -7.53 0.91 -1.40 1.58 1.62 1.52 1.55 1.51
0.41 -0.66 0.71 1.91 16.18 -15.70 0.94 -1.50 1.62 1.62 1.53 1.54 1.52
0.40 -0.64 0.69 -10.61 7.96 -23.18 0.92 -1.47 1.58 1.61 1.53 1.55 1.51
0.41 -0.64 0.67 -17.50 1.68 -24.58 0.95 -1.47 1.54 1.62 1.52 1.55 1.52
0.39 -0.62 0.66 -16.96 -1.32 -19.93 0.89 -1.40 1.53 1.62 1.52 1.55 1.53
0.37 -0.58 0.65 -8.38 0.00 -9.65 0.85 -1.32 1.49 1.63 1.54 1.55 1.52
0.35 -0.57 0.68 5.66 2.97 0.61 0.81 -1.31 1.56 1.63 1.53 1.54 1.51
0.34 -0.60 0.74 15.52 9.48 3.41 0.78 -1.37 1.70 1.61 1.53 1.56 1.52
0.34 -0.65 0.77 12.07 13.21 -2.00 0.79 -1.49 1.76 1.62 1.53 1.54 1.52
0.36 -0.66 0.76 1.76 10.51 -9.70 0.82 -1.51 1.76 1.64 1.52 1.56 1.52
0.36 -0.65 0.74 -8.01 8.20 -16.58 0.83 -1.50 1.70 1.62 1.54 1.54 1.53
0.36 -0.64 0.71 -11.31 5.59 -17.78 0.81 -1.46 1.63 1.62 1.54 1.55 1.51
0.33 -0.61 0.74 -8.89 3.13 -14.33 0.76 -1.41 1.70 1.62 1.53 1.55 1.52
0.29 -0.59 0.77 -5.33 7.78 -14.05 0.66 -1.35 1.77 1.62 1.53 1.55 1.53
0.26 -0.60 0.80 -4.09 14.92 -15.95 0.60 -1.37 1.85 1.64 1.54 1.55 1.52
0.24 -0.60 0.84 -4.87 25.88 -21.80 0.54 -1.37 1.93 1.63 1.54 1.55 1.52
0.20 -0.60 0.85 -8.37 36.50 -31.50 0.46 -1.36 1.96 1.63 1.53 1.55 1.52
0.17 -0.60 0.88 -11.10 50.53 -47.46 0.40 -1.38 2.03 1.64 1.53 1.55 1.52
0.19 -0.67 0.84 -18.24 64.69 -62.79 0.44 -1.53 1.94 1.62 1.54 1.56 1.52
0.23 -0.71 0.78 -30.47 61.48 -67.50 0.56 -1.67 1.82 1.63 1.54 1.55 1.52
0.26 -0.72 0.82 -43.51 55.21 -74.11 0.59 -1.65 1.88 1.65 1.54 1.56 1.52
0.25 -0.75 0.76 -55.95 49.65 -85.54 0.57 -1.74 1.75 1.62 1.53 1.57 1.52
0.24 -0.70 0.84 -65.97 45.60 -98.76 0.54 -1.61 1.93 1.63 1.53 1.57 1.52
0.20 -0.73 0.89 -78.11 53.43 -117.22 0.46 -1.67 2.04 1.63 1.53 1.56 1.53
0.20 -0.70 0.90 -97.10 57.45 -143.19 0.44 -1.55 2.07 1.63 1.54 1.57 1.53
0.15 -0.62 0.96 -104.62 67.37 -170.46 0.33 -1.41 2.20 1.63 1.54 1.56 1.52
0.09 -0.64 0.96 -120.82 90.97 -208.92 0.17 -1.62 2.15 1.62 1.54 1.58 1.53
0.21 -0.92 0.78 -157.26 97.81 -210.56 0.47 -2.11 1.79 1.63 1.54 1.59 1.53
0.28 -0.78 0.84 -184.11 78.70 -191.57 0.59 -1.74 1.95 1.62 1.54 1.60 1.54
0.23 -0.65 0.80 -195.33 68.67 -174.90 0.53 -1.50 1.85 1.63 1.55 1.59 1.53
0.16 -0.55 0.77 -189.00 63.16 -168.60 0.40 -1.23 1.77 1.63 1.53 1.58 1.53
0.19 -0.52 0.90 -168.12 70.67 -173.69 0.39 -1.19 2.07 1.62 1.54 1.59 1.53
0.13 -0.55 0.94 -161.58 78.10 -188.57 0.29 -1.25 2.16 1.64 1.54 1.60 1.54
0.08 -0.56 0.97 -162.71 92.87 -212.62 0.23 -1.25 2.24 1.63 1.54 1.60 1.54
0.09 -0.58 0.94 -160.32 121.03 -229.93 0.20 -1.33 2.16 1.63 1.54 1.61 1.54
0.09 -0.61 0.85 -164.74 140.66 -230.03 0.21 -1.38 1.93 1.64 1.56 1.62 1.54
0.15 -0.57 0.81 -167.93 140.13 -207.49 0.34 -1.31 1.87 1.62 1.57 1.63 1.54
0.24 -0.50 0.89 -162.28 125.70 -180.17 0.57 -1.17 2.04 1.62 1.55 1.63 1.55
0.24 -0.49 0.91 -158.30 110.83 -166.41 0.55 -1.12 2.10 1.63 1.56 1.65 1.54
0.28 -0.45 0.93 -168.43 93.97 -169.42 0.64 -1.07 2.18 1.62 1.55 1.63 1.54
0.24 -0.42 0.97 -177.89 78.75 -182.69 0.55 -0.95 2.20 1.63 1.56 1.65 1.55
0.19 -0.33 0.88 -170.44 73.69 -199.49 0.44 -0.76 2.03 1.65 1.56 1.64 1.54
0.13 -0.27 0.89 -147.50 86.12 -209.33 0.33 -0.60 1.99 1.65 1.56 1.63 1.54
0.11 -0.24 0.82 -107.86 120.57 -211.00 0.25 -0.55 1.89 1.63 1.56 1.64 1.54
0.15 -0.44 0.83 -93.45 135.70 -200.53 0.37 -1.03 1.94 1.64 1.56 1.65 1.54
0.30 -0.58 1.00 -126.51 129.09 -179.92 0.68 -1.34 2.28 1.65 1.56 1.66 1.54
0.43 -0.69 1.08 -165.03 124.05 -165.14 1.02 -1.58 2.46 1.63 1.57 1.66 1.54
0.47 -0.63 1.03 -218.75 101.66 -148.79 1.09 -1.47 2.31 1.66 1.56 1.68 1.54
0.44 -0.45 0.91 -260.42 80.97 -137.92 1.01 -1.03 2.09 1.65 1.56 1.66 1.54
0.38 -0.23 0.85 -266.22 70.22 -129.60 0.86 -0.48 1.97 1.64 1.57 1.67 1.55
0.31 -0.21 0.86 -247.64 64.50 -133.44 0.71 -0.47 1.97 1.63 1.57 1.67 1.55
0.30 -0.23 0.92 -243.00 60.49 -144.15 0.66 -0.53 2.11 1.65 1.56 1.67 1.55
0.35 -0.14 0.86 -235.54 80.54 -153.07 0.79 -0.32 1.98 1.64 1.56 1.67 1.55
0.40 -0.07 0.87 -210.38 96.29 -133.89 0.88 -0.14 1.95 1.64 1.57 1.68 1.54
0.32 -0.11 0.98 -188.58 114.24 -116.07 0.68 -0.26 2.24 1.64 1.56 1.68 1.56
0.34 -0.19 1.08 -172.84 128.90 -110.06 0.78 -0.45 2.48 1.65 1.56 1.67 1.55
0.38 -0.29 1.04 -185.00 140.54 -106.96 0.90 -0.69 2.38 1.64 1.57 1.68 1.54
0.49 -0.24 0.99 -212.22 144.87 -100.52 1.12 -0.55 2.27 1.65 1.56 1.68 1.55
0.53 -0.06 0.87 -227.37 137.84 -90.73 1.23 -0.13 1.95 1.64 1.57 1.70 1.55
0.56 0.04 0.87 -224.46 150.77 -83.84 1.28 0.08 1.99 1.67 1.58 1.69 1.56
0.48 0.17 0.84 -218.17 170.65 -89.94 0.98 0.39 1.86 1.63 1.57 1.70 1.55
0.52 0.21 0.80 -160.96 220.34 -102.86 1.19 0.47 1.84 1.66 1.58 1.71 1.56
0.53 0.27 0.73 -142.30 224.07 -95.40 1.22 0.63 1.61 1.66 1.59 1.72 1.58
0.71 0.27 0.72 -121.67 218.17 -88.28 1.66 0.61 1.59 1.66 1.60 1.72 1.60
0.84 0.27 0.69 -97.61 196.45 -79.36 1.93 0.61 1.59 1.65 1.62 1.74 1.63
0.80 0.25 0.64 -64.19 171.21 -68.14 1.81 0.51 1.45 1.66 1.63 1.75 1.65
0.76 0.20 0.56 -44.25 142.84 -61.07 1.74 0.45 1.27 1.67 1.66 1.78 1.69
0.76 0.13 0.63 -26.18 147.52 -60.92 1.72 0.30 1.43 1.66 1.69 1.78 1.70
0.74 0.10 0.56 -17.45 150.72 -58.41 1.69 0.23 1.27 1.66 1.72 1.80 1.72
0.81 0.07 0.51 -17.25 162.55 -54.38 1.85 0.17 1.17 1.67 1.75 1.84 1.73
0.80 0.06 0.53 -21.49 169.23 -50.22 1.83 0.14 1.22 1.67 1.78 1.88 1.76
0.87 0.10 0.44 -27.22 178.95 -45.87 1.99 0.22 1.02 1.66 1.83 1.92 1.80
0.94 0.07 0.37 -24.49 171.34 -38.35 2.17 0.18 0.86 1.66 1.87 1.95 1.84
0.93 0.12 0.29 -12.40 160.36 -34.27 2.14 0.28 0.67 1.67 1.91 1.99 1.86
0.89 0.13 0.33 7.07 154.57 -38.26 2.04 0.26 0.81 1.67 1.97 2.00 1.90
0.80 0.16 0.32 26.57 156.84 -43.27 1.97 0.45 0.74 1.67 1.99 2.05 1.93
0.73 0.05 0.30 53.21 165.22 -45.26 1.67 0.12 0.68 1.66 2.04 2.06 1.96
0.90 -0.02 0.21 65.24 170.60 -28.18 2.01 -0.12 0.45 1.67 2.06 2.09 1.98
0.94 0.00 0.23 63.25 174.96 -13.95 2.16 0.01 0.52 1.67 2.09 2.13 2.01
0.90 -0.01 0.12 64.64 161.10 -6.92 2.05 -0.03 0.28 1.68 2.11 2.14 2.02
0.97 0.10 0.09 63.72 147.80 1.51 2.22 0.24 0.21 1.68 2.12 2.18 2.04
0.86 0.11 0.02 61.13 159.56 2.65 1.97 0.25 0.05 1.68 2.14 2.18 2.05
0.99 0.17 -0.04 66.42 163.72 1.42 2.30 0.36 -0.07 1.70 2.16 2.18 2.08
0.84 0.14 0.03 80.54 163.09 1.53 1.93 0.33 0.07 1.72 2.17 2.20 2.09
0.78 0.04 -0.05 94.05 163.13 1.04 1.78 0.05 -0.12 1.71 2.17 2.21 2.09
0.93 0.02 -0.05 88.41 157.18 8.99 2.14 0.05 -0.11 1.72 2.18 2.21 2.09
0.93 0.02 -0.17 83.62 154.60 14.73 2.14 0.04 -0.36 1.72 2.19 2.23 2.11
1.01 0.10 -0.25 74.40 146.11 29.85 2.36 0.25 -0.65 1.74 2.20 2.23 2.12
1.05 0.24 -0.31 79.34 123.03 30.46 2.41 0.56 -0.72 1.75 2.22 2.25 2.14
0.94 0.20 -0.34 101.91 102.40 25.82 2.16 0.46 -0.76 1.79 2.22 2.25 2.13
0.91 0.18 -0.13 129.60 81.96 23.53 2.08 0.40 -0.29 1.80 2.23 2.24 2.14
0.83 0.13 -0.09 148.66 71.91 25.14 1.92 0.31 -0.19 1.81 2.24 2.26 2.14
0.84 0.04 -0.08 149.05 64.93 38.81 1.92 0.10 -0.19 1.86 2.23 2.26 2.13
0.84 -0.02 -0.27 125.75 45.60 55.07 1.93 -0.06 -0.68 1.89 2.23 2.26 2.13
1.04 0.16 -0.48 85.49 36.78 66.00 2.42 0.49 -1.17 1.93 2.23 2.25 2.13
1.03 0.30 -0.56 71.12 17.84 55.67 2.37 0.68 -1.30 1.96 2.24 2.25 2.14
1.08 0.41 -0.47 54.38 11.72 37.26 2.39 0.88 -1.02 1.99 2.23 2.25 2.13
0.74 0.25 -0.33 48.05 4.89 17.60 1.70 0.57 -0.76 2.01 2.22 2.23 2.13
0.88 0.30 -0.28 34.45 21.32 11.07 2.00 0.60 -0.64 2.02 2.24 2.24 2.13
0.97 0.21 -0.36 25.22 25.24 16.14 2.24 0.49 -0.82 2.02 2.22 2.23 2.12
0.91 0.23 -0.34 14.43 20.64 21.53 2.10 0.52 -0.78 2.05 2.21 2.23 2.12
0.86 0.26 -0.28 0.15 21.49 22.67 1.91 0.56 -0.60 2.03 2.21 2.24 2.13
0.81 0.29 -0.26 -5.92 27.59 17.38 1.85 0.66 -0.59 2.04 2.22 2.23 2.12
0.90 0.35 -0.32 -6.33 34.71 11.86 2.10 0.81 -0.76 2.05 2.22 2.24 2.12
0.94 0.33 -0.38 -0.60 27.97 9.02 2.17 0.75 -0.86 2.05 2.20 2.23 2.12
0.88 0.33 -0.30 -1.15 18.17 5.03 1.99 0.72 -0.67 2.06 2.22 2.24 2.12
0.94 0.36 -0.32 0.16 18.52 3.91 2.18 0.85 -0.77 2.05 2.22 2.21 2.11
0.91 0.33 -0.33 1.41 12.85 0.71 2.10 0.76 -0.76 2.06 2.21 2.23 2.11
0.83 0.33 -0.25 -3.61 12.84 -4.28 1.90 0.75 -0.57 2.04 2.20 2.21 2.10
0.85 0.33 -0.29 1.76 16.22 -4.40 1.96 0.75 -0.66 2.04 2.21 2.21 2.11
0.87 0.28 -0.32 2.20 14.39 -3.16 1.99 0.65 -0.73 2.05 2.21 2.21 2.10
0.92 0.32 -0.38 -1.50 8.72 -2.42 2.11 0.74 -0.87 2.05 2.20 2.21 2.09
0.91 0.32 -0.39 -4.72 1.42 -5.00 2.08 0.73 -0.90 2.06 2.21 2.21 2.11
0.92 0.35 -0.41 -6.97 -5.81 -10.29 2.10 0.81 -0.91 2.04 2.19 2.21 2.10
0.75 0.33 -0.25 -4.33 -9.39 -17.42 1.73 0.75 -0.58 2.05 2.19 2.20 2.11
0.81 0.26 -0.25 -1.51 -0.25 -15.93 1.86 0.59 -0.58 2.05 2.19 2.21 2.11
0.87 0.26 -0.29 -6.15 -0.22 -13.14 2.02 0.59 -0.67 2.05 2.20 2.22 2.10
0.93 0.29 -0.29 -3.23 -7.74 -13.76 2.14 0.67 -0.67 2.04 2.19 2.21 2.08
0.91 0.29 -0.27 -8.02 -7.46 -11.00 2.10 0.69 -0.64 2.04 2.19 2.22 2.10
0.93 0.34 -0.30 -7.91 -10.81 -17.33 2.14 0.77 -0.69 2.05 2.19 2.22 2.09
0.83 0.23 -0.21 -5.98 -11.34 -23.96 1.91 0.53 -0.48 2.05 2.19 2.20 2.10
0.89 0.24 -0.24 -6.92 -5.78 -25.59 2.05 0.54 -0.57 2.06 2.19 2.19 2.09
0.89 0.15 -0.21 -11.27 -5.07 -25.63 2.04 0.34 -0.49 2.05 2.18 2.22 2.08
0.89 0.19 -0.21 -15.98 -4.34 -21.11 2.03 0.43 -0.49 2.04 2.18 2.21 2.09
0.88 0.21 -0.23 -20.12 -2.50 -15.76 2.03 0.49 -0.54 2.05 2.18 2.20 2.10
0.91 0.36 -0.26 -19.99 0.50 -19.57 2.09 0.83 -0.62 2.03 2.18 2.20 2.08
0.89 0.28 -0.24 -11.48 -0.07 -30.78 2.02 0.60 -0.55 2.02 2.19 2.19 2.10
0.89 0.27 -0.27 -16.69 6.04 -40.85 2.03 0.63 -0.61 2.02 2.19 2.20 2.08
0.89 0.25 -0.31 -17.57 9.69 -45.88 2.05 0.54 -0.72 2.02 2.17 2.21 2.09
0.85 0.16 -0.35 -27.69 12.48 -45.67 1.95 0.36 -0.81 2.01 2.18 2.21 2.08
0.85 0.19 -0.47 -43.15 12.43 -44.50 1.97 0.43 -1.09 2.00 2.18 2.20 2.07
0.95 0.23 -0.54 -58.89 14.66 -50.87 2.19 0.54 -1.23 1.98 2.18 2.19 2.06
0.87 0.26 -0.64 -63.10 -7.84 -60.01 1.99 0.60 -1.46 1.95 2.16 2.19 2.06
0.83 0.41 -0.66 -63.85 -20.56 -76.19 1.82 1.04 -1.51 1.90 2.16 2.19 2.06
0.70 0.49 -0.52 -50.01 -29.30 -100.97 1.62 1.13 -1.19 1.88 2.14 2.18 2.07
0.71 0.47 -0.58 -37.52 -45.94 -127.48 1.58 1.09 -1.33 1.84 2.14 2.18 2.05
0.62 0.31 -0.50 -37.76 -59.54 -150.86 1.41 0.70 -1.14 1.81 2.12 2.17 2.05
0.61 0.09 -0.43 -50.06 -82.84 -162.52 1.41 0.14 -1.02 1.79 2.12 2.14 2.03
0.65 -0.13 -0.38 -69.51 -111.03 -165.77 1.56 -0.29 -0.88 1.78 2.09 2.12 1.99
0.83 -0.13 -0.37 -90.27 -132.03 -169.70 1.91 -0.31 -0.85 1.78 2.05 2.08 1.98
0.87 -0.23 -0.47 -88.21 -187.64 -184.44 1.96 -0.66 -1.10 1.78 2.01 2.04 1.91
1.01 -0.33 -0.40 -114.69 -242.61 -188.34 2.31 -0.75 -0.92 1.77 1.97 2.01 1.84
1.09 -0.40 -0.41 -89.87 -238.52 -179.10 2.51 -0.91 -0.97 1.74 1.94 1.97 1.78
0.91 -0.20 -0.35 -67.37 -238.10 -171.57 2.09 -0.47 -0.81 1.76 1.89 1.95 1.72
0.63 -0.22 -0.16 -26.16 -200.46 -155.29 0.77 -1.06 -0.88 1.74 1.84 1.89 1.68
1.07 -0.16 0.10 99.51 -286.72 -210.99 2.45 -0.37 0.23 1.72 1.81 1.86 1.66
0.58 -0.80 -0.15 218.57 -286.72 -152.83 1.34 -1.84 -0.35 1.71 1.77 1.84 1.64
0.83 -0.92 0.04 196.13 -286.72 -125.17 1.91 -1.91 0.03 1.71 1.72 1.80 1.61
0.78 -0.88 0.10 203.57 -286.72 -85.48 1.79 -2.02 0.22 1.70 1.69 1.75 1.60
0.67 -0.92 0.02 231.67 -286.72 -47.56 1.45 -2.13 0.19 1.69 1.67 1.72 1.59
0.51 -0.89 0.08 242.64 -286.72 -13.02 1.17 -2.03 0.19 1.67 1.64 1.69 1.57
0.35 -0.93 0.04 281.84 -286.72 12.22 0.95 -2.11 0.13 1.66 1.62 1.66 1.56
0.46 -1.03 0.14 286.68 -286.72 53.06 1.05 -2.38 0.31 1.66 1.59 1.65 1.54
0.22 -1.11 0.12 286.68 -286.72 83.72 0.50 -2.72 0.27 1.66 1.56 1.63 1.53
0.07 -1.42 0.41 286.68 -286.72 90.47 0.15 -3.06 0.90 1.65 1.56 1.61 1.53
0.30 -1.49 0.40 282.90 -286.72 110.49 0.69 -3.42 0.92 1.65 1.54 1.60 1.53
0.77 -1.53 0.14 243.15 -286.72 179.43 2.09 -3.52 0.53 1.64 1.54 1.58 1.54
1.02 -1.47 -0.12 241.52 -286.72 286.68 2.35 -3.38 -0.29 1.63 1.54 1.57 1.53
0.59 -1.33 -0.33 286.67 -286.72 286.68 1.08 -2.85 -0.66 1.62 1.54 1.54 1.53
-0.13 -1.63 -0.66 286.68 -286.72 286.68 -0.30 -3.74 -1.50 1.62 1.54 1.54 1.53
-0.71 -2.00 -0.82 286.68 -286.72 286.68 -1.63 -4.59 -1.88 1.63 1.53 1.54 1.53
-1.17 -2.00 -0.31 286.68 -286.72 286.68 -2.67 -4.59 -0.53 1.60 1.53 1.53 1.52
-0.88 -2.00 0.33 286.68 -286.72 286.68 -2.02 -4.59 0.76 1.61 1.52 1.53 1.53
-0.65 -2.00 1.14 286.68 -286.72 286.68 -1.34 -4.59 2.60 1.60 1.52 1.52 1.52
-0.39 -2.00 1.13 123.74 -286.72 286.68 -0.88 -4.59 2.60 1.59 1.53 1.52 1.52
-0.41 -1.42 1.06 27.71 -286.72 286.68 -0.86 -3.33 2.42 1.60 1.53 1.51 1.52
-0.41 -0.75 0.87 60.97 -286.21 279.96 -0.95 -1.72 2.00 1.60 1.53 1.51 1.51
-0.61 -0.59 1.02 123.52 -212.22 260.27 -1.49 -1.30 2.40 1.59 1.53 1.52 1.51
-0.51 -0.67 1.64 130.82 -134.70 185.25 -1.18 -1.54 3.76 1.61 1.52 1.51 1.52
-0.46 -0.73 1.59 61.08 -90.26 114.08 -1.06 -1.67 3.66 1.60 1.52 1.52 1.51
-0.46 -0.58 1.49 -21.39 -68.68 40.53 -1.05 -1.34 3.37 1.61 1.52 1.52 1.51
-0.32 -0.36 1.27 -81.77 -33.32 -22.58 -0.73 -0.82 2.92 1.60 1.53 1.51 1.51
-0.23 -0.27 1.01 -76.98 -5.57 -58.94 -0.51 -0.62 2.29 1.61 1.52 1.54 1.50
-0.05 -0.34 0.84 -41.75 25.56 -57.33 -0.12 -0.79 1.92 1.60 1.54 1.53 1.51
0.10 -0.51 0.73 -7.12 36.16 -29.78 0.27 -1.19 1.67 1.61 1.52 1.54 1.50
0.21 -0.64 0.67 19.20 30.91 6.65 0.49 -1.49 1.57 1.60 1.52 1.55 1.50
0.28 -0.71 0.70 29.61 17.97 28.59 0.65 -1.63 1.61 1.61 1.53 1.53 1.50
0.31 -0.72 0.79 29.13 15.43 24.23 0.71 -1.66 1.84 1.60 1.52 1.55 1.51
0.33 -0.76 0.87 10.95 21.76 -1.44 0.75 -1.73 2.00 1.60 1.52 1.54 1.50
0.35 -0.73 0.85 -14.54 30.68 -32.84 0.80 -1.69 1.94 1.60 1.52 1.55 1.50
0.38 -0.70 0.75 -38.32 32.38 -50.72 0.88 -1.60 1.73 1.61 1.52 1.54 1.50
0.45 -0.63 0.62 -44.06 25.46 -47.73 1.04 -1.45 1.41 1.62 1.52 1.54 1.52
0.47 -0.54 0.53 -26.34 15.79 -26.38 1.07 -1.23 1.21 1.61 1.52 1.55 1.51
0.45 -0.56 0.53 -1.42 6.12 -5.76 1.04 -1.29 1.22 1.61 1.53 1.55 1.51
0.42 -0.61 0.64 14.66 -4.89 6.44 0.94 -1.40 1.48 1.62 1.52 1.55 1.52
0.36 -0.65 0.73 16.49 -7.31 4.65 0.82 -1.48 1.68 1.62 1.52 1.55 1.51
0.34 -0.66 0.82 5.37 -2.29 -5.96 0.78 -1.50 1.88 1.61 1.52 1.54 1.52
0.35 -0.66 0.80 -9.84 2.00 -16.60 0.82 -1.50 1.84 1.62 1.53 1.54 1.52
0.38 -0.61 0.75 -17.99 2.90 -19.84 0.88 -1.40 1.71 1.61 1.54 1.54 1.52
0.40 -0.56 0.70 -14.39 2.02 -14.66 0.91 -1.29 1.59 1.61 1.52 1.54 1.51
0.38 -0.55 0.70 -3.55 0.04 -5.46 0.88 -1.26 1.61 1.62 1.52 1.55 1.51
0.35 -0.56 0.72 4.70 0.40 0.20 0.80 -1.29 1.65 1.61 1.53 1.55 1.52
0.34 -0.60 0.76 6.68 3.54 -3.25 0.78 -1.37 1.75 1.61 1.53 1.54 1.52
0.36 -0.60 0.78 0.44 7.86 -10.11 0.83 -1.38 1.80 1.61 1.53 1.55 1.51
0.41 -0.63 0.74 -5.84 12.15 -12.91 0.94 -1.45 1.67 1.62 1.53 1.55 1.52
0.44 -0.62 0.70 -7.52 12.13 -9.27 1.01 -1.41 1.60 1.62 1.53 1.56 1.51
0.43 -0.61 0.66 -3.07 8.97 -4.05 0.99 -1.40 1.51 1.61 1.53 1.55 1.51
0.40 -0.62 0.66 2.33 3.74 -1.80 0.91 -1.43 1.53 1.62 1.53 1.54 1.52
0.37 -0.62 0.72 5.07 1.94 -1.81 0.85 -1.41 1.65 1.62 1.54 1.55 1.52
0.34 -0.60 0.77 4.29 7.92 -5.59 0.79 -1.37 1.76 1.61 1.53 1.56 1.53
0.32 -0.58 0.79 1.87 18.81 -12.77 0.74 -1.33 1.81 1.61 1.54 1.54 1.52
0.32 -0.56 0.75 -2.56 28.12 -18.31 0.73 -1.28 1.72 1.63 1.53 1.55 1.52
0.29 -0.52 0.77 -4.45 31.48 -24.68 0.66 -1.20 1.77 1.61 1.52 1.54 1.52
0.25 -0.53 0.78 -3.39 32.99 -33.34 0.58 -1.22 1.79 1.63 1.53 1.55 1.52
0.24 -0.56 0.79 -1.44 36.49 -40.33 0.55 -1.27 1.82 1.61 1.54 1.55 1.52
0.23 -0.56 0.81 -4.50 38.47 -42.62 0.52 -1.29 1.87 1.62 1.54 1.54 1.53
0.19 -0.53 0.86 -6.55 46.52 -46.53 0.45 -1.23 1.98 1.63 1.54 1.54 1.52
0.17 -0.56 0.87 -7.67 62.26 -57.58 0.39 -1.29 1.99 1.63 1.53 1.55 1.52
0.19 -0.58 0.87 -9.41 84.05 -69.97 0.43 -1.33 2.00 1.63 1.53 1.56 1.52
0.16 -0.57 0.90 -9.50 117.24 -85.18 0.36 -1.30 2.06 1.61 1.53 1.56 1.52
0.17 -0.66 0.86 -9.94 152.47 -105.08 0.37 -1.57 1.95 1.62 1.53 1.54 1.53
0.20 -0.70 0.77 -14.04 154.72 -117.06 0.46 -1.60 1.76 1.62 1.53 1.56 1.52
0.21 -0.71 0.84 -26.74 151.05 -131.71 0.47 -1.63 1.92 1.62 1.53 1.55 1.53
0.18 -0.71 0.81 -40.49 148.43 -160.92 0.41 -1.62 1.86 1.64 1.53 1.55 1.53
0.13 -0.83 0.78 -61.09 150.98 -188.87 0.30 -1.94 1.80 1.64 1.52 1.57 1.53
0.21 -1.03 0.72 -103.44 155.80 -212.85 0.50 -2.36 1.66 1.65 1.54 1.56 1.53
0.25 -1.03 0.70 -157.32 140.98 -213.76 0.58 -2.36 1.62 1.65 1.53 1.58 1.52
0.22 -0.81 0.70 -193.15 131.94 -215.68 0.52 -1.72 1.63 1.64 1.54 1.57 1.53
0.21 -0.69 0.60 -178.88 143.02 -215.21 0.48 -1.59 1.37 1.63 1.54 1.58 1.54
0.26 -0.69 0.58 -144.53 140.15 -190.68 0.64 -1.59 1.32 1.63 1.54 1.58 1.53
0.28 -0.70 0.62 -112.91 130.59 -170.05 0.65 -1.61 1.42 1.63 1.55 1.58 1.54
0.25 -0.79 0.63 -88.86 121.77 -158.57 0.55 -1.84 1.44 1.66 1.54 1.58 1.53
0.20 -0.93 0.64 -79.28 101.64 -159.34 0.46 -2.13 1.48 1.67 1.54 1.58 1.54
0.22 -1.01 0.75 -93.72 92.88 -163.21 0.50 -2.31 1.73 1.67 1.55 1.58 1.54
0.24 -1.06 0.85 -127.24 94.61 -173.29 0.50 -2.52 1.94 1.67 1.54 1.58 1.54
0.16 -0.95 0.80 -156.82 107.88 -177.15 0.37 -2.17 1.83 1.67 1.55 1.59 1.54
0.13 -0.78 0.75 -167.67 129.48 -187.40 0.34 -1.79 1.77 1.67 1.55 1.59 1.54
0.18 -0.76 0.77 -161.29 157.67 -194.29 0.41 -1.74 1.76 1.67 1.55 1.60 1.55
0.23 -0.79 0.75 -151.14 161.65 -198.43 0.49 -1.83 1.73 1.67 1.56 1.59 1.56
0.24 -0.81 0.80 -155.08 149.53 -202.67 0.54 -1.86 1.85 1.66 1.55 1.61 1.55
0.28 -0.93 0.83 -171.35 135.27 -206.50 0.65 -2.14 1.94 1.67 1.55 1.61 1.55
0.32 -0.95 0.85 -207.70 113.43 -207.04 0.74 -2.14 1.94 1.67 1.55 1.62 1.54
0.34 -0.90 0.80 -246.52 94.30 -203.13 0.77 -2.06 1.83 1.67 1.56 1.62 1.55
0.25 -0.77 0.77 -279.48 72.28 -199.64 0.56 -1.76 1.72 1.65 1.55 1.61 1.54
0.22 -0.67 0.78 -286.57 70.86 -197.07 0.51 -1.54 1.78 1.67 1.57 1.61 1.54
0.22 -0.53 0.76 -278.55 87.75 -188.57 0.50 -1.23 1.76 1.67 1.56 1.61 1.55
0.25 -0.62 0.80 -248.95 116.12 -170.40 0.57 -1.43 1.84 1.66 1.56 1.61 1.55
0.29 -0.70 0.88 -236.82 129.83 -154.20 0.69 -1.63 2.02 1.67 1.57 1.61 1.56
0.32 -0.71 0.90 -244.49 131.41 -138.79 0.71 -1.64 2.05 1.66 1.58 1.64 1.55
0.34 -0.70 0.93 -265.25 124.70 -128.76 0.77 -1.61 2.13 1.67 1.58 1.63 1.57
0.35 -0.61 0.92 -286.71 115.83 -123.50 0.82 -1.39 2.11 1.66 1.58 1.65 1.57
0.33 -0.48 0.84 -286.72 110.33 -122.41 0.76 -1.09 1.92 1.66 1.59 1.65 1.58
0.39 -0.40 0.81 -286.72 117.75 -123.32 0.88 -0.90 1.82 1.67 1.57 1.68 1.56
0.45 -0.21 0.77 -286.72 131.56 -127.60 1.04 -0.48 1.77 1.68 1.58 1.67 1.56
0.47 -0.08 0.75 -286.72 130.94 -120.93 1.18 -0.20 1.71 1.67 1.57 1.67 1.56
0.50 -0.00 0.77 -285.88 136.98 -109.16 1.11 -0.01 1.77 1.69 1.59 1.68 1.58
0.52 0.13 0.71 -267.76 131.93 -104.15 1.19 0.30 1.63 1.68 1.58 1.70 1.61
0.55 0.22 0.70 -221.18 123.70 -100.54 1.29 0.50 1.56 1.68 1.60 1.71 1.64
0.54 0.27 0.62 -176.24 133.38 -92.36 1.25 0.62 1.41 1.69 1.61 1.73 1.65
0.54 0.23 0.66 -116.55 120.20 -85.11 1.28 0.53 1.51 1.69 1.62 1.74 1.67
0.60 0.12 0.75 -77.93 122.99 -76.04 1.39 0.28 1.72 1.68 1.65 1.75 1.69
0.69 0.11 0.88 -57.78 98.85 -55.41 1.59 0.27 2.03 1.68 1.66 1.77 1.69
0.65 0.03 0.82 -52.47 85.70 -34.76 1.51 0.07 1.88 1.69 1.68 1.76 1.69
0.63 0.06 0.86 -54.92 82.04 -14.77 1.45 0.13 1.98 1.70 1.69 1.79 1.71
0.53 0.13 0.82 -50.33 92.57 -15.02 1.22 0.32 1.89 1.70 1.72 1.79 1.70
0.50 0.16 0.82 -45.59 110.57 -25.34 1.14 0.37 1.88 1.71 1.73 1.80 1.71
0.53 0.18 0.78 -36.43 133.13 -36.27 1.22 0.41 1.78 1.70 1.74 1.82 1.74
0.59 0.15 0.72 -28.49 146.13 -40.00 1.36 0.33 1.65 1.71 1.78 1.85 1.75
0.71 0.08 0.71 -23.86 153.56 -39.34 1.64 0.19 1.63 1.72 1.80 1.88 1.77
0.81 0.07 0.63 -27.93 156.94 -34.76 1.88 0.17 1.40 1.71 1.83 1.88 1.77
0.84 0.06 0.60 -33.56 150.31 -26.89 1.93 0.14 1.37 1.71 1.86 1.90 1.79
0.86 0.14 0.58 -44.18 138.20 -25.02 1.90 0.35 1.31 1.71 1.89 1.92 1.84
0.80 0.21 0.52 -38.17 132.76 -30.14 1.83 0.49 1.19 1.71 1.91 1.94 1.84
0.81 0.19 0.51 -29.67 131.29 -35.02 1.83 0.43 1.16 1.71 1.92 1.95 1.87
0.81 0.22 0.52 -17.63 132.81 -37.90 1.86 0.56 1.20 1.71 1.96 1.98 1.90
0.75 0.21 0.51 7.09 151.11 -41.62 1.73 0.49 1.18 1.71 1.99 2.02 1.92
0.73 0.11 0.49 24.04 167.40 -31.16 1.72 0.25 1.16 1.71 2.03 2.04 1.96
0.85 0.05 0.50 31.28 186.38 -21.08 1.95 0.13 1.15 1.70 2.05 2.07 1.98
0.91 0.03 0.42 20.66 188.68 -21.30 2.14 0.05 0.94 1.69 2.08 2.08 2.01
0.97 0.08 0.31 8.23 186.67 -14.39 2.24 0.19 0.69 1.69 2.10 2.12 2.03
0.99 0.17 0.21 15.16 176.21 -6.77 2.27 0.39 0.47 1.70 2.11 2.14 2.03
0.92 0.25 0.20 33.71 169.02 -10.20 2.13 0.57 0.39 1.70 2.13 2.15 2.06
0.94 0.20 0.16 53.58 160.86 -13.10 2.15 0.46 0.36 1.70 2.14 2.18 2.06
0.95 0.13 0.17 65.83 157.36 -13.05 2.17 0.27 0.42 1.69 2.16 2.19 2.08
0.94 0.07 0.11 74.36 150.77 -8.29 2.16 0.16 0.26 1.69 2.17 2.20 2.10
0.89 0.03 0.15 76.25 153.00 6.01 2.05 0.07 0.34 1.71 2.17 2.21 2.09
0.85 0.11 0.07 69.70 150.24 6.73 1.94 0.27 0.12 1.70 2.19 2.23 2.10
0.90 0.19 -0.00 52.30 156.86 1.11 2.06 0.44 -0.01 1.71 2.19 2.23 2.11
1.02 0.16 -0.05 56.04 158.79 2.01 2.37 0.40 -0.19 1.73 2.20 2.25 2.14
1.02 0.11 -0.21 64.36 136.05 3.59 2.33 0.24 -0.47 1.71 2.21 2.27 2.11
1.14 0.13 -0.12 55.03 113.29 5.28 2.61 0.29 -0.28 1.72 2.22 2.26 2.14
1.09 0.08 -0.20 53.11 84.78 6.87 2.42 0.13 -0.45 1.71 2.22 2.27 2.13
1.10 0.13 -0.18 58.90 65.63 13.67 2.53 0.31 -0.42 1.73 2.23 2.26 2.12
0.81 0.10 -0.12 71.99 48.40 16.04 1.94 0.26 -0.28 1.73 2.21 2.28 2.12
0.75 0.19 -0.02 81.34 51.28 12.22 1.71 0.43 -0.04 1.76 2.22 2.26 2.14
0.78 0.19 0.01 106.19 62.61 14.71 1.78 0.44 -0.02 1.77 2.21 2.26 2.14
0.83 0.11 0.03 132.96 71.79 21.14 1.78 0.16 -0.03 1.81 2.21 2.28 2.13
0.69 0.09 -0.08 141.26 68.48 26.27 1.59 0.21 -0.18 1.82 2.23 2.27 2.15
0.83 0.04 -0.34 133.37 47.85 34.06 2.04 0.02 -0.81 1.86 2.21 2.28 2.13
1.06 0.04 -0.29 98.52 34.25 43.87 2.43 0.10 -0.66 1.89 2.24 2.27 2.14
0.90 0.16 -0.32 78.95 28.17 43.30 2.06 0.33 -0.61 1.93 2.23 2.25 2.13
1.07 0.37 -0.28 61.91 38.26 26.67 2.40 0.82 -0.63 1.97 2.22 2.26 2.12
0.96 0.32 -0.33 62.33 33.02 22.78 2.21 0.74 -0.75 1.99 2.23 2.26 2.14
1.04 0.20 -0.28 53.00 25.85 19.77 2.37 0.44 -0.66 2.02 2.23 2.26 2.13
1.04 0.23 -0.22 39.67 13.61 17.49 2.39 0.53 -0.51 2.03 2.23 2.25 2.13
0.98 0.22 -0.24 31.44 3.27 12.91 2.21 0.53 -0.54 2.03 2.23 2.23 2.12
0.94 0.24 -0.24 19.95 4.82 8.44 2.16 0.54 -0.55 2.07 2.23 2.26 2.12
0.97 0.28 -0.25 10.47 7.56 1.13 2.22 0.64 -0.61 2.05 2.24 2.25 2.11
1.10 0.29 -0.34 3.50 7.39 -8.25 2.55 0.66 -0.80 2.05 2.22 2.25 2.11
1.08 0.29 -0.32 -4.23 -9.25 -18.73 2.47 0.67 -0.72 2.06 2.23 2.25 2.12
0.94 0.30 -0.22 -3.87 -23.39 -22.26 2.13 0.65 -0.48 2.05 2.23 2.26 2.12
0.78 0.25 -0.10 3.82 -20.19 -18.86 1.80 0.56 -0.23 2.06 2.23 2.23 2.12
0.85 0.19 -0.09 6.74 -6.55 -11.94 1.95 0.44 -0.20 2.05 2.23 2.24 2.11
0.92 0.13 -0.12 -0.66 -1.06 -6.50 2.11 0.31 -0.27 2.05 2.22 2.24 2.11
0.99 0.19 -0.14 -9.93 -0.64 -2.70 2.27 0.43 -0.33 2.05 2.21 2.23 2.10
0.98 0.24 -0.14 -12.94 -3.75 -3.82 2.27 0.57 -0.33 2.06 2.21 2.24 2.10
1.02 0.27 -0.14 -8.60 -6.88 -9.01 2.34 0.63 -0.35 2.04 2.21 2.25 2.10
0.94 0.23 -0.07 -2.78 -10.22 -13.01 2.15 0.52 -0.17 2.06 2.22 2.24 2.12
0.92 0.19 -0.06 3.24 -5.07 -12.80 2.13 0.44 -0.13 2.05 2.21 2.23 2.11
1.00 0.16 -0.10 5.56 -2.36 -9.48 2.30 0.37 -0.23 2.04 2.21 2.23 2.10
0.99 0.16 -0.10 3.81 -5.46 -7.37 2.28 0.32 -0.21 2.06 2.21 2.25 2.10
0.91 0.12 -0.03 2.07 -8.29 -5.15 2.07 0.28 -0.08 2.05 2.20 2.25 2.10
0.94 0.20 -0.08 -1.27 -3.27 -4.69 2.16 0.46 -0.18 2.04 2.20 2.24 2.09
1.01 0.22 -0.13 1.21 -3.14 -4.81 2.31 0.49 -0.28 2.05 2.20 2.24 2.10
0.96 0.19 -0.08 1.30 -6.98 -6.55 2.20 0.44 -0.19 2.04 2.20 2.24 2.10
0.94 0.17 -0.06 0.53 -4.54 -6.82 2.16 0.40 -0.14 2.05 2.20 2.23 2.10
1.00 0.18 -0.09 1.65 -2.24 -5.83 2.30 0.41 -0.21 2.03 2.21 2.24 2.09
1.01 0.19 -0.11 2.35 -6.16 -5.99 2.31 0.43 -0.26 2.04 2.20 2.23 2.10
0.91 0.15 -0.04 0.49 -8.31 -7.12 2.08 0.34 -0.10 2.03 2.20 2.22 2.09
0.85 0.11 0.01 -1.73 1.84 -1.99 1.98 0.25 0.02 2.04 2.20 2.22 2.09
1.02 0.18 -0.11 -4.53 6.45 0.87 2.34 0.41 -0.25 2.03 2.19 2.22 2.09
1.03 0.22 -0.14 -2.77 -0.79 -0.38 2.35 0.51 -0.31 2.03 2.21 2.22 2.10
0.94 0.21 -0.07 -0.83 -4.36 -3.61 2.16 0.48 -0.15 2.04 2.21 2.22 2.08
0.98 0.19 -0.07 0.78 -0.44 -5.39 2.24 0.43 -0.16 2.03 2.20 2.21 2.08
1.00 0.17 -0.08 1.54 -2.09 -5.44 2.28 0.39 -0.19 2.04 2.19 2.23 2.08
0.93 0.17 -0.05 2.43 -3.63 -4.40 2.13 0.40 -0.12 2.03 2.19 2.23 2.09
0.92 0.15 -0.04 3.93 1.47 -2.79 2.11 0.35 -0.09 2.03 2.18 2.22 2.08
1.00 0.16 -0.10 2.16 3.44 -2.17 2.31 0.36 -0.25 2.03 2.20 2.22 2.10
1.05 0.16 -0.14 0.55 -2.98 -2.75 2.41 0.37 -0.32 2.02 2.19 2.22 2.08
0.98 0.16 -0.09 -1.29 -9.34 -3.26 2.23 0.36 -0.18 2.02 2.19 2.21 2.10
0.93 0.18 -0.03 -2.46 -7.15 -2.73 2.12 0.41 -0.10 2.04 2.19 2.23 2.08
0.95 0.18 -0.06 -1.05 -2.77 -1.63 2.17 0.42 -0.14 2.02 2.20 2.23 2.10
0.97 0.19 -0.08 0.66 -1.64 -1.37 2.22 0.44 -0.17 2.02 2.20 2.21 2.10
0.96 0.19 -0.07 1.41 -1.72 -1.36 2.20 0.43 -0.16 2.03 2.19 2.22 2.09
0.94 0.17 -0.05 0.23 0.27 -1.41 2.15 0.38 -0.11 2.02 2.19 2.23 2.08
1.00 0.18 -0.09 -0.94 2.95 -1.09 2.32 0.41 -0.21 2.04 2.19 2.23 2.09
1.05 0.19 -0.13 0.57 -4.12 -1.67 2.40 0.43 -0.30 2.03 2.19 2.22 2.08
0.97 0.18 -0.07 1.92 -8.67 -1.97 2.22 0.41 -0.14 2.03 2.18 2.22 2.08
0.93 0.17 -0.04 1.99 -5.63 -1.43 2.15 0.39 -0.09 2.03 2.18 2.24 2.08
0.96 0.16 -0.05 0.93 -2.29 -1.97 2.21 0.37 -0.12 2.03 2.19 2.22 2.09
0.95 0.15 -0.04 -1.52 -1.05 -1.75 2.20 0.35 -0.10 2.02 2.19 2.22 2.08
0.98 0.17 -0.06 -2.29 2.04 -1.02 2.23 0.39 -0.13 2.01 2.19 2.21 2.07
0.99 0.20 -0.07 -0.66 1.59 -1.69 2.27 0.45 -0.16 2.03 2.19 2.20 2.07
1.01 0.18 -0.09 3.05 -0.04 -2.36 2.31 0.40 -0.19 2.03 2.19 2.23 2.07
0.98 0.14 -0.06 3.38 -3.03 -2.40 2.25 0.32 -0.14 2.01 2.18 2.21 2.09
0.95 0.13 -0.04 -0.20 -1.83 -0.43 2.17 0.29 -0.08 2.01 2.19 2.21 2.09
0.96 0.17 -0.06 -3.04 1.35 0.67 2.21 0.39 -0.13 2.02 2.18 2.21 2.09
0.98 0.17 -0.07 -0.81 1.61 1.07 2.25 0.39 -0.17 2.02 2.18 2.21 2.07
0.98 0.16 -0.08 -1.82 -0.07 0.54 2.25 0.37 -0.18 2.03 2.18 2.23 2.08
0.97 0.19 -0.08 -2.30 -0.80 0.46 2.24 0.43 -0.18 2.00 2.19 2.20 2.08
0.98 0.17 -0.08 -1.22 -1.75 0.07 2.25 0.40 -0.19 2.02 2.18 2.21 2.10
0.97 0.17 -0.08 -2.31 -2.83 0.04 2.21 0.40 -0.20 2.01 2.19 2.21 2.07
0.97 0.19 -0.08 -1.92 -2.74 0.84 2.23 0.44 -0.18 2.02 2.18 2.21 2.09
0.95 0.19 -0.06 -1.58 -2.47 0.60 2.18 0.43 -0.15 2.02 2.18 2.22 2.08
0.96 0.19 -0.06 -2.97 -0.46 0.20 2.23 0.45 -0.15 2.01 2.19 2.22 2.07
0.99 0.20 -0.08 -2.84 -1.47 -0.66 2.27 0.47 -0.17 2.01 2.18 2.21 2.07
0.99 0.20 -0.07 -2.44 -3.91 -0.92 2.27 0.46 -0.17 2.00 2.18 2.20 2.08
1.00 0.19 -0.08 -2.25 -7.04 -1.88 2.30 0.44 -0.16 2.01 2.19 2.23 2.08
0.96 0.17 -0.04 -2.07 -9.03 -0.88 2.21 0.40 -0.10 2.02 2.15 2.20 2.11
0.95 0.16 -0.02 -2.22 -7.18 0.20 2.20 0.37 -0.06 2.00 2.24 2.25 2.07
0.95 0.17 -0.02 -2.67 -4.33 0.77 2.18 0.39 -0.03 2.08 2.13 2.25 2.03
0.95 0.17 -0.02 -3.27 -1.56 0.31 2.18 0.39 -0.05 2.06 2.12 2.23 2.06
0.97 0.17 -0.05 -2.69 1.01 0.44 2.24 0.39 -0.12 1.99 2.21 2.28 2.07
1.02 0.17 -0.09 -2.56 -0.11 0.94 2.33 0.39 -0.20 1.98 2.25 2.14 2.10
1.03 0.18 -0.10 -2.95 -4.94 1.37 2.38 0.40 -0.23 1.98 2.14 2.17 2.03
0.98 0.17 -0.07 -2.60 -9.79 2.22 2.25 0.39 -0.14 2.04 2.15 2.21 2.04
0.90 0.18 -0.03 -2.97 -9.77 3.97 2.07 0.41 -0.07 2.01 2.15 2.23 2.05
0.92 0.18 -0.03 -4.11 -5.89 6.13 2.12 0.41 -0.05 2.01 2.11 2.16 2.11
0.97 0.19 -0.06 -5.45 -2.81 8.52 2.22 0.45 -0.16 1.99 2.17 2.17 2.12
1.01 0.20 -0.11 -6.05 -5.00 8.71 2.31 0.47 -0.25 2.03 2.17 2.18 2.09
1.04 0.25 -0.16 -5.37 -9.82 6.77 2.39 0.56 -0.36 2.00 2.20 2.24 2.05
1.00 0.21 -0.12 -1.15 -17.11 2.85 2.29 0.48 -0.26 2.04 2.19 2.19 2.07
0.96 0.23 -0.06 0.45 -18.88 2.08 2.21 0.52 -0.13 1.95 2.21 2.26 1.99
0.94 0.15 -0.03 1.59 -13.43 3.18 2.14 0.39 -0.07 1.98 2.14 2.17 2.05
0.95 0.14 0.00 -1.94 -5.92 6.42 2.19 0.33 0.01 2.02 2.20 2.24 2.11
0.94 0.21 -0.01 -2.02 -0.02 8.23 2.16 0.48 -0.09 1.98 2.16 2.21 2.08
1.04 0.23 -0.05 1.64 1.15 5.14 2.38 0.53 -0.15 2.04 2.21 2.23 2.05
1.02 0.22 -0.05 5.96 -3.39 0.08 2.35 0.50 -0.13 1.98 2.19 2.23 2.04
1.01 0.17 -0.06 4.65 -1.72 -3.09 2.33 0.37 -0.10 2.04 2.20 2.18 2.08
0.96 0.15 -0.02 4.37 -0.05 -3.54 2.17 0.35 -0.06 1.97 2.14 2.19 2.09
0.93 0.14 -0.04 1.95 5.70 -2.73 2.13 0.33 -0.08 2.07 2.20 2.14 2.11
0.93 0.15 -0.04 -1.40 9.87 -2.00 2.18 0.41 -0.06 2.04 2.20 2.22 2.05
0.94 0.18 -0.02 -3.15 12.44 -0.46 2.16 0.41 -0.06 2.03 2.19 2.16 2.09
0.97 0.17 -0.03 -2.43 14.22 0.93 2.24 0.40 -0.08 1.95 2.25 2.16 2.12
0.98 0.19 -0.07 -0.03 7.96 2.27 2.28 0.45 -0.09 2.03 2.21 2.27 2.11
0.93 0.21 -0.02 3.75 2.82 1.26 2.12 0.47 -0.05 2.05 2.13 2.13 2.02
0.93 0.21 -0.02 3.18 3.79 -1.61 2.14 0.48 -0.06 1.98 2.17 2.18 2.12
0.92 0.21 -0.01 3.07 4.45 -3.40 2.09 0.47 -0.05 2.02 2.13 2.21 2.11
0.91 0.20 -0.02 5.63 3.50 -4.16 2.08 0.45 -0.05 2.03 2.20 2.26 2.10
0.95 0.17 -0.05 5.87 4.16 -3.58 2.21 0.40 -0.10 1.95 2.17 2.17 2.06
0.99 0.19 -0.07 4.27 0.90 -2.07 2.28 0.43 -0.16 1.95 2.23 2.14 2.11
1.01 0.20 -0.07 4.82 -3.87 -1.56 2.31 0.47 -0.17 2.03 2.11 2.24 2.08
0.97 0.19 -0.04 4.38 -7.45 -1.79 2.21 0.42 -0.09 2.00 2.12 2.26 2.03
0.94 0.16 -0.02 1.79 -7.95 -0.63 2.16 0.36 -0.04 1.98 2.12 2.26 2.09
0.92 0.16 -0.01 -1.64 -7.07 0.58 2.10 0.36 -0.03 1.99 2.19 2.27 2.00
0.91 0.18 -0.03 -4.05 -3.43 2.47 2.11 0.43 -0.06 2.03 2.21 2.24 2.11
0.97 0.21 -0.07 -3.67 -2.96 1.78 2.23 0.49 -0.16 2.08 2.13 2.27 2.02
0.97 0.18 -0.08 0.99 -8.04 0.61 2.23 0.41 -0.19 2.01 2.14 2.21 2.06
0.96 0.15 -0.07 0.60 -11.52 1.33 2.19 0.34 -0.14 2.02 2.22 2.25 2.12
0.95 0.16 -0.03 0.54 -12.04 1.78 2.18 0.36 -0.08 2.05 2.12 2.27 2.01
0.94 0.13 -0.00 0.35 -9.06 1.17 2.20 0.33 0.00 2.01 2.16 2.20 2.07
0.96 0.14 0.01 -0.82 -6.73 1.44 2.20 0.33 0.01 2.04 2.20 2.22 2.06
0.97 0.15 0.01 -2.12 -5.23 1.29 2.23 0.35 0.02 2.04 2.21 2.23 2.09
0.98 0.18 0.01 -2.89 -3.71 0.70 2.26 0.41 0.04 2.08 2.14 2.20 2.11
1.02 0.19 -0.02 -1.07 -5.52 -0.19 2.35 0.44 -0.04 1.94 2.24 2.13 2.14
0.98 0.18 0.00 0.79 -7.39 -1.64 2.24 0.41 0.00 1.98 2.19 2.23 2.09
0.96 0.19 0.01 0.23 -4.44 -3.61 2.22 0.43 0.01 2.06 2.17 2.20 2.07
0.97 0.19 -0.01 -0.28 -1.75 -6.63 2.23 0.43 -0.01 2.00 2.12 2.25 1.99
0.99 0.15 -0.01 -0.74 -0.74 -7.39 2.28 0.35 -0.02 2.03 2.17 2.15 2.07
1.00 0.17 -0.01 -3.05 -1.22 -5.79 2.28 0.39 -0.02 1.95 2.23 2.15 2.04
1.00 0.21 -0.02 -2.07 -1.00 -5.55 2.30 0.49 -0.05 2.00 2.17 2.21 2.06
0.99 0.22 -0.02 -0.23 -2.13 -7.19 2.28 0.50 -0.06 1.96 2.09 2.14 2.03
0.98 0.21 -0.02 0.88 -1.70 -7.61 2.26 0.48 -0.04 1.99 2.20 2.15 2.09
0.98 0.19 -0.02 1.00 -1.18 -7.54 2.24 0.43 -0.04 2.03 2.19 2.23 2.06
0.98 0.17 -0.02 0.28 -0.79 -5.84 2.25 0.39 -0.04 2.07 2.09 2.26 2.00
0.99 0.17 -0.03 -0.52 -0.32 -3.03 2.27 0.39 -0.06 2.01 2.20 2.20 2.01
1.00 0.19 -0.03 -1.90 0.20 -2.19 2.29 0.43 -0.08 2.03 2.11 2.18 2.14
1.01 0.19 -0.04 -1.76 -0.73 -2.95 2.32 0.42 -0.11 2.02 2.13 2.16 2.16
1.00 0.17 -0.03 -1.78 -2.81 -4.34 2.29 0.39 -0.07 1.95 2.16 2.16 2.07
0.97 0.16 -0.01 -0.74 -2.55 -4.59 2.23 0.36 -0.07 2.00 2.17 2.22 2.08
0.98 0.13 -0.02 0.01 -1.15 -3.39 2.25 0.30 -0.05 2.04 2.21 2.23 2.11
0.99 0.14 -0.03 0.73 -1.00 -1.05 2.27 0.33 -0.08 1.98 2.13 2.19 2.10
0.99 0.16 -0.03 1.55 -1.17 0.26 2.26 0.37 -0.07 2.01 2.18 2.24 2.09
0.99 0.16 -0.03 1.29 -1.15 1.05 2.26 0.37 -0.06 2.04 2.12 2.25 2.01
0.97 0.18 -0.02 0.67 -1.59 1.09 2.24 0.42 -0.05 1.95 2.15 2.25 2.00
0.98 0.19 -0.03 2.75 -1.11 1.80 2.24 0.44 -0.07 1.94 2.12 2.17 2.01
0.98 0.18 -0.02 4.32 -1.21 2.22 2.24 0.42 -0.04 2.04 2.13 2.26 2.00
0.96 0.18 -0.01 3.01 0.30 2.50 2.21 0.42 -0.01 1.93 2.19 2.24 2.01
0.99 0.20 -0.01 1.92 1.66 2.52 2.26 0.46 -0.03 2.03 2.14 2.25 2.09
0.98 0.22 -0.01 0.55 1.00 1.07 2.24 0.50 -0.02 1.93 2.22 2.16 2.07
0.98 0.23 -0.02 0.40 1.06 -0.35 2.25 0.52 -0.04 1.94 2.24 2.14 2.14
0.98 0.23 -0.03 0.65 0.62 -1.67 2.24 0.52 -0.06 2.02 2.12 2.17 2.04
0.97 0.21 -0.02 1.67 -1.55 -2.76 2.23 0.48 -0.05 2.04 2.12 2.26 2.01
0.95 0.18 -0.00 -0.11 -2.67 -2.77 2.18 0.42 -0.01 1.94 2.24 2.11 2.13
0.95 0.20 -0.01 -1.83 -0.97 -0.37 2.19 0.46 -0.02 1.99 2.14 2.14 2.10
0.96 0.19 -0.02 -2.24 -0.75 0.05 2.21 0.44 -0.04 2.03 2.23 2.18 2.05
0.97 0.19 -0.02 -1.07 -0.76 0.66 2.23 0.44 -0.06 1.95 2.17 2.24 2.07
0.98 0.18 -0.02 -0.52 -1.05 0.83 2.25 0.40 -0.04 2.01 2.14 2.19 2.04
0.98 0.17 -0.01 -0.56 -1.58 1.29 2.25 0.39 -0.02 2.03 2.19 2.22 2.05
0.96 0.17 0.02 -1.15 -2.14 2.11 2.19 0.39 0.04 1.95 2.24 2.22 2.02
0.97 0.17 0.01 -1.47 -0.12 3.05 2.23 0.39 0.02 2.06 2.14 2.19 2.07
0.99 0.18 -0.00 -1.44 -0.59 2.21 2.28 0.42 -0.01 1.99 2.11 2.20 2.08
0.96 0.18 0.01 -0.19 -1.25 1.79 2.20 0.42 0.02 2.02 2.20 2.14 2.07
0.97 0.17 0.00 0.13 0.00 1.64 2.22 0.39 0.00 1.95 2.21 2.15 2.12
0.98 0.16 -0.02 0.39 -0.50 1.82 2.26 0.38 -0.04 1.95 2.22 2.11 2.12
0.95 0.17 0.01 0.24 -0.66 2.08 2.18 0.38 0.01 2.01 2.19 2.22 2.07
0.97 0.19 -0.01 0.99 1.20 1.95 2.23 0.43 -0.01 2.03 2.10 2.18 2.08
0.97 0.19 -0.00 2.74 0.70 2.03 2.23 0.43 -0.00 2.06 2.17 2.12 2.14
0.97 0.19 0.00 2.67 0.21 1.20 2.24 0.44 0.01 1.96 2.16 2.14 2.07
0.96 0.19 0.02 1.67 -0.64 0.48 2.20 0.43 0.04 1.97 2.13 2.22 2.07
0.95 0.21 0.02 -0.42 0.93 0.59 2.18 0.48 0.04 1.97 2.17 2.21 2.04
0.97 0.22 -0.00 -0.78 1.62 -0.13 2.22 0.52 -0.01 2.01 2.12 2.17 2.02
0.96 0.24 -0.01 -0.08 1.06 -1.67 2.21 0.54 -0.01 1.94 2.16 2.14 2.07
0.97 0.21 -0.02 1.28 0.67 -3.21 2.24 0.49 -0.04 2.00 2.15 2.25 2.03
0.97 0.20 -0.01 1.15 -0.52 -3.13 2.22 0.45 -0.02 1.94 2.23 2.17 2.07
0.96 0.18 0.00 -0.35 -0.26 -2.23 2.20 0.40 0.00 1.98 2.18 2.20 2.04
0.96 0.17 -0.01 -2.56 -0.09 -1.50 2.21 0.40 -0.03 2.04 2.11 2.16 2.14
0.97 0.20 -0.01 -3.21 -0.28 -0.59 2.21 0.45 -0.03 2.06 2.12 2.21 2.06
0.95 0.20 -0.00 -2.69 0.80 -1.56 2.18 0.47 -0.00 1.98 2.14 2.18 2.09
0.97 0.19 -0.01 -2.36 2.39 -2.51 2.23 0.45 -0.04 1.96 2.21 2.16 2.05
1.00 0.19 -0.03 -2.19 1.11 -2.72 2.30 0.42 -0.07 1.95 2.17 2.25 2.00
1.00 0.17 -0.02 -2.50 -3.18 -2.08 2.29 0.40 -0.06 1.98 2.11 2.20 2.08
0.97 0.19 0.00 -2.18 -5.11 -0.48 2.21 0.43 0.02 1.95 2.17 2.25 2.11
