start recording
-1.60 -1.86 1.16 286.68 -286.72 286.68 -3.67 -4.26 2.67 1.60 1.53 1.50 1.50
-0.93 -1.59 1.93 201.19 -286.72 275.99 -2.02 -3.62 4.44 1.59 1.50 1.51 1.52
-0.21 -1.09 1.77 -11.21 -258.82 215.67 -0.47 -2.51 4.07 1.59 1.52 1.52 1.51
-0.23 -0.64 1.26 -115.44 -240.88 202.95 -0.57 -1.31 2.84 1.58 1.52 1.51 1.50
-0.46 -0.09 0.79 -86.13 -235.93 181.55 -1.05 -0.21 1.81 1.60 1.52 1.51 1.52
-0.50 -0.04 0.82 36.56 -218.87 171.02 -1.17 -0.08 2.04 1.59 1.53 1.49 1.51
-0.55 -0.19 1.33 111.48 -172.47 148.09 -1.27 -0.44 3.04 1.61 1.53 1.50 1.52
-0.45 -0.28 1.57 104.49 -119.49 109.01 -1.04 -0.65 3.61 1.60 1.53 1.50 1.51
-0.25 -0.46 1.64 38.20 -77.35 68.67 -0.57 -1.13 3.75 1.59 1.52 1.51 1.51
-0.14 -0.50 1.31 -35.16 -61.56 42.00 -0.33 -1.15 3.01 1.59 1.52 1.51 1.51
-0.06 -0.34 1.15 -63.60 -56.84 20.81 -0.12 -0.72 2.58 1.61 1.51 1.52 1.51
-0.04 -0.22 0.94 -38.71 -43.99 18.10 -0.09 -0.50 2.15 1.59 1.53 1.51 1.52
-0.00 -0.26 0.92 3.24 -34.97 32.39 0.01 -0.63 2.13 1.60 1.51 1.52 1.51
0.02 -0.36 1.00 31.63 -26.32 45.27 0.03 -0.77 2.24 1.60 1.52 1.52 1.52
0.06 -0.44 1.00 41.45 -10.15 40.68 0.13 -1.01 2.29 1.61 1.52 1.50 1.52
0.14 -0.54 0.99 28.74 1.40 21.42 0.32 -1.26 2.26 1.59 1.53 1.50 1.52
0.19 -0.58 0.99 -3.98 1.68 1.04 0.44 -1.33 2.28 1.59 1.52 1.51 1.51
0.22 -0.53 0.92 -30.14 -0.08 -16.44 0.50 -1.22 2.08 1.60 1.52 1.51 1.51
0.24 -0.43 0.85 -37.35 -3.83 -20.46 0.58 -0.98 1.94 1.60 1.53 1.51 1.51
0.28 -0.34 0.81 -22.37 -5.38 -14.42 0.65 -0.77 1.86 1.60 1.53 1.51 1.51
0.31 -0.32 0.79 1.63 -0.56 -7.47 0.74 -0.80 1.83 1.61 1.52 1.51 1.52
0.36 -0.41 0.80 13.27 2.07 -1.03 0.82 -0.94 1.84 1.59 1.53 1.53 1.51
0.31 -0.45 0.79 12.55 3.36 -0.94 0.72 -1.04 1.81 1.60 1.52 1.53 1.51
0.28 -0.47 0.79 11.38 8.57 -8.96 0.62 -1.08 1.83 1.60 1.53 1.53 1.51
0.30 -0.51 0.86 4.87 13.94 -20.18 0.70 -1.18 1.97 1.61 1.52 1.52 1.51
0.33 -0.54 0.85 -8.49 13.55 -29.52 0.76 -1.22 1.95 1.60 1.52 1.52 1.52
0.35 -0.50 0.81 -19.35 8.15 -34.28 0.82 -1.16 1.87 1.60 1.54 1.52 1.51
0.36 -0.46 0.79 -23.40 2.41 -33.93 0.83 -1.06 1.82 1.61 1.53 1.52 1.52
0.34 -0.42 0.77 -18.51 0.46 -29.24 0.79 -0.98 1.73 1.61 1.52 1.53 1.51
0.32 -0.38 0.75 -1.79 2.33 -18.42 0.73 -0.88 1.71 1.59 1.53 1.53 1.52
0.26 -0.44 0.80 13.69 8.22 -12.29 0.68 -0.86 1.81 1.61 1.53 1.52 1.52
0.25 -0.47 0.87 16.61 13.69 -17.36 0.57 -1.09 1.99 1.61 1.53 1.53 1.53
0.22 -0.48 0.91 11.23 17.70 -27.64 0.51 -1.10 2.08 1.59 1.53 1.52 1.50
0.18 -0.44 0.95 5.46 28.52 -44.41 0.45 -1.03 2.20 1.61 1.53 1.52 1.52
0.17 -0.39 1.00 1.37 46.08 -64.06 0.40 -0.89 2.29 1.62 1.52 1.54 1.52
0.18 -0.42 0.97 0.22 61.71 -75.99 0.42 -0.97 2.20 1.60 1.53 1.53 1.51
0.16 -0.42 1.00 -1.01 71.39 -80.00 0.36 -0.96 2.31 1.60 1.52 1.53 1.52
0.19 -0.57 0.98 -11.05 74.61 -83.54 0.44 -1.30 2.24 1.61 1.52 1.53 1.52
0.19 -0.60 0.92 -27.94 71.22 -84.55 0.49 -1.37 2.10 1.60 1.52 1.54 1.52
0.20 -0.64 0.95 -48.07 66.37 -92.84 0.46 -1.48 2.19 1.61 1.53 1.55 1.52
0.19 -0.65 0.91 -69.79 64.75 -112.15 0.40 -1.52 2.09 1.61 1.54 1.56 1.52
0.17 -0.67 0.97 -92.72 67.77 -142.13 0.39 -1.54 2.22 1.60 1.54 1.57 1.52
0.12 -0.75 0.99 -119.90 79.99 -179.20 0.28 -1.72 2.32 1.62 1.53 1.57 1.52
0.12 -0.75 1.02 -158.97 86.75 -230.43 0.27 -1.73 2.37 1.62 1.53 1.58 1.53
0.12 -0.66 1.04 -194.45 97.05 -275.16 0.29 -1.52 2.39 1.62 1.53 1.59 1.52
0.09 -0.77 1.06 -228.10 115.41 -286.72 0.26 -1.73 2.44 1.61 1.55 1.59 1.53
0.07 -0.79 0.98 -262.75 134.62 -286.72 0.16 -1.81 2.26 1.62 1.54 1.62 1.52
-0.00 -0.68 0.90 -277.16 146.17 -286.72 -0.09 -1.57 2.06 1.63 1.55 1.65 1.54
-0.02 -0.80 0.89 -280.37 177.10 -286.72 -0.04 -1.84 2.05 1.63 1.55 1.66 1.55
0.11 -0.87 1.00 -285.70 173.18 -286.72 0.26 -2.01 2.34 1.62 1.54 1.69 1.53
0.20 -0.86 1.01 -286.72 171.52 -286.72 0.38 -2.13 2.28 1.63 1.56 1.69 1.55
0.37 -0.79 0.87 -286.72 185.86 -286.72 0.84 -1.82 1.99 1.65 1.57 1.67 1.55
0.16 -0.77 0.83 -286.72 188.59 -278.02 0.38 -1.67 1.97 1.64 1.58 1.67 1.56
0.30 -0.74 0.95 -286.72 203.73 -242.83 0.69 -1.70 2.17 1.64 1.57 1.67 1.56
0.28 -0.58 0.89 -286.72 194.50 -219.24 0.71 -1.25 2.04 1.64 1.57 1.67 1.56
0.23 -0.46 0.94 -286.72 205.14 -203.05 0.53 -1.06 2.15 1.64 1.58 1.68 1.56
0.29 -0.43 0.94 -286.72 224.42 -191.52 0.66 -0.98 2.15 1.65 1.57 1.67 1.56
0.33 -0.32 0.88 -286.72 214.87 -177.98 0.91 -0.68 2.00 1.65 1.58 1.68 1.58
0.52 -0.34 0.83 -286.72 216.61 -158.49 1.19 -0.78 1.91 1.67 1.58 1.68 1.57
0.58 -0.22 0.64 -286.72 200.39 -116.24 1.37 -0.41 1.43 1.67 1.58 1.69 1.58
0.55 0.11 0.83 -285.14 192.02 -77.84 1.27 0.24 1.90 1.65 1.58 1.68 1.58
0.55 -0.01 0.95 -240.25 188.12 -62.50 1.25 0.08 2.15 1.67 1.58 1.69 1.59
0.57 0.00 0.87 -203.14 174.56 -53.63 1.24 0.01 1.99 1.65 1.57 1.69 1.58
0.56 -0.04 0.80 -192.57 163.67 -53.24 1.27 -0.10 1.83 1.66 1.56 1.67 1.59
0.61 -0.08 0.87 -193.50 165.32 -59.92 1.42 -0.11 1.99 1.65 1.59 1.68 1.59
0.62 0.15 0.76 -188.81 177.49 -64.65 1.43 0.34 1.75 1.67 1.57 1.67 1.59
0.63 0.26 0.68 -153.43 197.23 -63.03 1.45 0.62 1.58 1.66 1.57 1.67 1.59
0.71 0.31 0.57 -111.37 211.94 -61.52 1.62 0.71 1.30 1.66 1.58 1.68 1.59
0.82 0.34 0.56 -68.85 218.88 -60.10 1.88 0.74 1.28 1.66 1.58 1.69 1.58
0.86 0.27 0.52 -27.99 223.79 -60.53 1.99 0.57 1.21 1.66 1.58 1.70 1.59
0.88 0.20 0.52 -2.48 216.72 -68.20 2.02 0.45 1.20 1.67 1.59 1.71 1.60
0.76 0.25 0.46 4.27 205.14 -72.91 1.71 0.61 1.05 1.67 1.61 1.73 1.63
0.68 0.10 0.38 31.05 201.85 -76.26 1.56 0.23 0.87 1.67 1.63 1.75 1.66
0.81 0.05 0.45 44.09 215.39 -69.04 1.85 0.10 1.04 1.66 1.67 1.75 1.68
0.86 0.06 0.38 46.90 231.28 -63.57 1.95 0.12 0.80 1.67 1.70 1.77 1.71
0.86 -0.02 0.23 63.85 235.01 -52.20 1.98 -0.04 0.52 1.67 1.73 1.80 1.71
0.95 -0.07 0.21 80.19 231.71 -36.43 2.15 -0.19 0.48 1.67 1.76 1.83 1.73
0.88 -0.06 0.04 64.16 223.05 -28.46 2.03 -0.14 0.10 1.66 1.80 1.88 1.76
0.94 -0.03 -0.08 34.56 205.78 -19.25 2.23 -0.09 -0.22 1.67 1.83 1.92 1.76
0.99 0.10 -0.17 19.95 187.16 -17.31 2.28 0.24 -0.39 1.67 1.88 1.96 1.81
0.96 0.09 -0.26 28.20 179.72 -17.70 2.21 0.20 -0.59 1.67 1.92 2.00 1.84
1.08 0.08 -0.28 32.98 152.90 -9.92 2.41 0.22 -0.62 1.67 1.95 2.03 1.86
0.88 0.13 -0.23 51.08 136.35 -8.78 2.02 0.29 -0.54 1.66 1.98 2.05 1.89
0.90 -0.03 -0.25 62.14 128.64 -4.21 2.12 0.01 -0.56 1.66 2.01 2.08 1.91
0.86 0.02 -0.12 53.32 134.06 0.95 1.98 0.04 -0.27 1.67 2.05 2.11 1.94
0.85 -0.03 -0.27 49.14 126.27 -0.45 1.95 -0.07 -0.61 1.66 2.08 2.13 1.97
0.93 0.03 -0.24 35.40 130.13 6.48 2.11 0.11 -0.51 1.67 2.09 2.16 1.99
0.93 0.13 -0.27 44.13 130.90 7.99 2.13 0.31 -0.62 1.67 2.12 2.18 2.01
0.90 0.08 -0.33 51.91 121.30 10.38 2.18 0.24 -0.76 1.67 2.13 2.19 2.03
1.00 0.18 -0.21 76.78 101.82 6.10 2.30 0.40 -0.48 1.67 2.15 2.21 2.05
0.73 0.18 -0.25 79.65 53.31 5.36 1.69 0.41 -0.58 1.67 2.17 2.22 2.08
0.77 0.21 -0.08 149.93 78.63 1.33 1.68 0.45 -0.11 1.67 2.20 2.24 2.11
0.74 0.18 -0.04 167.18 72.56 8.75 1.71 0.41 -0.09 1.67 2.21 2.26 2.13
0.90 0.15 -0.35 195.14 66.16 23.63 2.21 0.30 -0.99 1.70 2.23 2.25 2.14
1.30 0.22 -0.43 242.93 30.81 35.62 2.98 0.52 -1.00 1.75 2.24 2.26 2.14
0.98 0.26 -0.69 237.34 -53.59 37.43 2.24 0.60 -1.52 1.79 2.22 2.27 2.14
0.56 0.20 -0.64 174.95 -87.69 8.45 1.27 0.36 -1.45 1.84 2.22 2.26 2.14
0.49 0.12 -0.36 122.83 -22.03 15.01 1.13 0.26 -0.83 1.89 2.22 2.26 2.13
0.72 0.22 -0.35 73.11 27.89 20.57 1.72 0.55 -0.81 1.93 2.22 2.26 2.12
0.87 0.27 -0.48 47.32 44.85 28.39 1.99 0.61 -1.10 1.94 2.21 2.27 2.13
1.06 0.34 -0.53 31.01 43.73 35.10 2.46 0.83 -1.26 1.97 2.23 2.24 2.12
1.03 0.44 -0.54 14.41 24.38 23.59 2.37 1.13 -1.23 1.98 2.22 2.24 2.13
0.86 0.47 -0.44 6.79 10.80 8.10 1.97 1.08 -1.01 1.99 2.21 2.25 2.12
0.76 0.39 -0.32 -6.25 20.75 -0.66 1.73 0.87 -0.75 2.01 2.20 2.24 2.12
0.83 0.32 -0.33 -13.17 33.22 -0.29 1.91 0.74 -0.76 2.00 2.22 2.24 2.10
0.95 0.34 -0.43 -17.19 33.88 4.04 2.20 0.79 -0.97 2.01 2.21 2.24 2.11
0.97 0.42 -0.45 -13.67 20.27 4.15 2.25 0.95 -1.01 2.01 2.20 2.23 2.12
0.89 0.36 -0.39 -12.43 12.50 -1.03 2.05 0.82 -0.90 2.01 2.19 2.23 2.10
0.88 0.37 -0.36 -8.20 8.64 -4.69 1.99 0.84 -0.80 2.01 2.20 2.24 2.11
0.84 0.29 -0.31 -4.97 8.61 -5.79 1.93 0.68 -0.71 2.00 2.19 2.23 2.10
0.82 0.22 -0.28 -7.64 9.98 -3.11 1.88 0.47 -0.65 2.02 2.19 2.22 2.10
0.93 0.27 -0.35 -13.85 13.06 3.17 2.17 0.62 -0.83 2.02 2.19 2.24 2.10
1.00 0.36 -0.41 -14.46 3.19 1.41 2.29 0.83 -0.94 2.00 2.21 2.23 2.08
0.89 0.35 -0.33 -8.65 -8.19 -5.93 2.02 0.82 -0.74 2.01 2.19 2.24 2.10
0.83 0.32 -0.29 -4.88 -7.32 -12.57 1.90 0.71 -0.67 2.01 2.19 2.23 2.09
0.83 0.25 -0.28 -4.75 -3.29 -13.40 1.91 0.56 -0.63 2.01 2.19 2.23 2.10
0.83 0.23 -0.28 -7.06 3.80 -9.70 1.91 0.53 -0.63 2.01 2.18 2.23 2.10
0.86 0.22 -0.27 -11.11 6.67 -6.46 1.98 0.51 -0.62 2.01 2.20 2.24 2.08
0.84 0.25 -0.26 -14.18 8.86 -4.22 1.93 0.57 -0.59 1.99 2.19 2.21 2.10
0.87 0.34 -0.29 -14.22 11.50 -7.35 2.01 0.79 -0.68 2.01 2.18 2.23 2.08
0.88 0.33 -0.32 -9.17 10.30 -13.09 2.02 0.77 -0.73 2.00 2.17 2.24 2.08
0.83 0.37 -0.33 -7.25 10.74 -19.35 1.89 0.86 -0.77 2.00 2.18 2.23 2.08
0.78 0.41 -0.34 -2.09 16.34 -26.68 1.78 0.94 -0.79 2.00 2.17 2.23 2.07
0.73 0.44 -0.39 -0.27 25.63 -36.38 1.68 1.00 -0.89 1.99 2.18 2.20 2.08
0.80 0.43 -0.42 -2.47 35.33 -48.98 1.86 0.98 -0.97 1.98 2.19 2.21 2.08
0.79 0.39 -0.43 -5.98 33.05 -57.65 1.82 0.88 -0.99 1.98 2.17 2.21 2.08
0.77 0.43 -0.42 -10.40 33.01 -65.01 1.76 1.04 -0.97 1.97 2.17 2.21 2.07
0.86 0.58 -0.47 -10.24 32.37 -81.77 2.00 1.34 -1.09 1.95 2.17 2.21 2.07
0.81 0.62 -0.52 -2.48 24.56 -110.07 1.86 1.41 -1.20 1.93 2.16 2.21 2.08
0.76 0.64 -0.57 6.94 20.29 -144.62 1.86 1.43 -1.66 1.91 2.17 2.21 2.06
0.59 0.35 -0.67 9.31 15.00 -169.72 1.36 0.80 -1.53 1.89 2.17 2.20 2.06
0.59 0.32 -0.65 -7.37 24.57 -194.61 1.35 0.71 -1.57 1.87 2.16 2.19 2.06
0.60 0.29 -0.83 -42.25 30.10 -204.12 1.37 0.67 -1.91 1.83 2.13 2.19 2.06
0.60 0.17 -0.89 -71.46 25.02 -204.94 1.39 0.38 -2.08 1.81 2.11 2.17 2.04
0.51 0.12 -0.85 -116.88 -11.03 -211.00 1.12 0.28 -1.89 1.79 2.11 2.13 2.03
0.42 -0.02 -0.67 -151.91 -64.54 -222.32 0.95 -0.04 -1.53 1.79 2.06 2.10 2.00
0.34 -0.17 -0.44 -196.41 -134.57 -221.79 0.76 -0.45 -0.91 1.77 2.04 2.07 1.98
0.49 -0.52 -0.50 -262.46 -270.30 -215.38 1.12 -1.18 -1.14 1.77 1.99 2.05 1.93
0.73 -0.40 -0.50 -253.16 -286.72 -211.96 1.76 -0.86 -1.13 1.75 1.97 2.02 1.86
0.78 -0.14 -0.75 -136.88 -284.53 -223.28 1.80 -0.32 -1.73 1.75 1.93 1.97 1.80
0.79 -0.29 -0.62 -40.85 -258.70 -213.55 1.82 -0.66 -1.36 1.74 1.88 1.94 1.76
0.40 -1.12 -0.22 20.34 -286.72 -188.43 1.15 -2.68 -0.29 1.72 1.85 1.89 1.72
0.73 -0.66 -0.36 43.51 -286.72 -221.17 1.67 -1.50 -0.83 1.72 1.80 1.85 1.69
0.39 -1.15 -0.39 113.93 -286.72 -182.43 0.87 -2.70 -0.67 1.71 1.75 1.81 1.66
0.38 -1.11 -0.25 128.37 -286.72 -138.43 0.88 -2.54 -0.57 1.69 1.70 1.76 1.62
0.22 -1.19 0.07 171.05 -286.72 -100.15 0.64 -2.76 0.13 1.68 1.66 1.72 1.60
0.25 -1.26 0.04 189.69 -286.72 -47.82 0.58 -2.89 0.10 1.66 1.62 1.68 1.57
0.49 -1.31 -0.23 224.39 -286.72 4.12 1.01 -3.31 -0.25 1.65 1.59 1.63 1.56
0.48 -1.53 0.09 228.47 -286.72 78.71 0.88 -3.74 0.13 1.64 1.56 1.60 1.54
0.15 -1.83 0.12 207.64 -286.72 140.34 0.34 -4.20 0.29 1.62 1.55 1.57 1.53
0.11 -1.74 0.26 175.27 -286.72 187.72 0.16 -3.94 0.57 1.62 1.53 1.55 1.53
0.17 -1.66 0.22 185.84 -286.72 250.71 0.39 -3.80 0.51 1.61 1.53 1.53 1.52
0.21 -1.80 0.21 214.43 -286.72 286.68 0.49 -4.23 0.56 1.60 1.53 1.54 1.51
0.03 -1.66 0.09 234.30 -286.72 286.68 0.08 -3.80 0.20 1.60 1.53 1.52 1.53
-0.46 -2.00 -0.28 286.68 -286.72 286.68 -1.05 -4.59 -0.68 1.61 1.52 1.53 1.52
-0.71 -2.00 0.23 286.68 -286.72 286.68 -1.66 -4.59 0.60 1.59 1.53 1.52 1.52
-0.62 -2.00 0.76 286.68 -286.72 286.68 -1.43 -4.59 1.75 1.59 1.52 1.52 1.54
-0.29 -2.00 0.98 205.81 -286.72 286.68 -0.62 -4.59 2.21 1.60 1.53 1.50 1.52
-0.22 -2.00 0.84 88.23 -286.72 286.68 -0.51 -4.59 1.93 1.59 1.53 1.51 1.53
-0.43 -1.77 0.68 50.23 -286.72 286.68 -0.99 -4.03 1.52 1.61 1.53 1.50 1.51
-0.38 -1.30 0.41 113.09 -286.72 286.68 -0.88 -2.98 0.95 1.61 1.52 1.50 1.52
-0.60 -0.95 0.22 219.70 -286.72 286.68 -1.37 -2.18 0.47 1.59 1.53 1.51 1.51
-0.58 -1.09 0.51 286.68 -286.72 286.68 -0.97 -2.18 1.55 1.60 1.53 1.49 1.51
-0.63 -1.12 1.78 286.68 -286.72 286.68 -1.44 -2.57 4.09 1.59 1.52 1.50 1.51
-0.49 -1.23 2.00 155.16 -271.36 245.54 -1.14 -2.65 4.59 1.60 1.52 1.50 1.49
-0.65 -0.67 1.85 -49.39 -232.58 154.92 -1.49 -1.54 4.24 1.59 1.51 1.50 1.49
-0.72 -0.06 1.46 -103.57 -160.20 74.26 -1.70 -0.09 3.25 1.59 1.52 1.49 1.50
-0.52 -0.02 1.01 -68.98 -78.46 32.44 -1.19 -0.04 2.32 1.60 1.52 1.50 1.49
-0.32 -0.20 0.84 -11.62 -48.92 38.81 -0.74 -0.46 1.90 1.60 1.52 1.51 1.50
-0.23 -0.37 0.77 37.95 -49.77 63.89 -0.48 -0.90 1.80 1.60 1.53 1.50 1.49
-0.16 -0.60 1.00 51.21 -44.26 76.06 -0.36 -1.38 2.29 1.60 1.53 1.52 1.49
-0.08 -0.57 1.10 27.26 -35.92 62.55 -0.17 -1.29 2.55 1.59 1.52 1.51 1.50
-0.00 -0.53 1.09 1.37 -12.57 35.13 -0.01 -1.22 2.50 1.61 1.52 1.51 1.50
0.11 -0.52 1.02 -20.92 4.58 4.61 0.29 -1.21 2.31 1.60 1.52 1.51 1.50
0.17 -0.50 0.86 -36.53 6.81 -17.36 0.41 -1.14 1.93 1.60 1.52 1.51 1.50
0.22 -0.47 0.76 -33.69 0.15 -21.83 0.51 -1.07 1.74 1.60 1.52 1.52 1.51
0.24 -0.44 0.71 -19.84 -3.10 -16.61 0.55 -1.02 1.63 1.60 1.52 1.51 1.50
0.26 -0.49 0.74 -1.20 -9.39 -4.51 0.60 -1.12 1.69 1.60 1.53 1.52 1.49
0.30 -0.50 0.81 4.76 -10.01 1.91 0.68 -1.15 1.90 1.59 1.53 1.51 1.51
0.30 -0.49 0.84 -0.36 -5.38 -0.76 0.68 -1.11 1.94 1.59 1.53 1.51 1.50
0.28 -0.48 0.87 -7.10 2.68 -11.07 0.64 -1.11 1.99 1.59 1.55 1.51 1.50
0.29 -0.51 0.88 -14.98 9.37 -22.23 0.68 -1.16 2.00 1.60 1.52 1.51 1.51
0.29 -0.46 0.83 -22.44 11.83 -29.55 0.66 -1.05 1.90 1.60 1.53 1.52 1.50
0.29 -0.42 0.77 -18.32 10.94 -31.43 0.66 -0.96 1.77 1.60 1.52 1.51 1.51
0.32 -0.45 0.75 -10.89 5.88 -27.03 0.74 -1.04 1.71 1.61 1.53 1.52 1.50
0.33 -0.49 0.73 -5.38 -3.31 -18.64 0.75 -1.13 1.67 1.61 1.53 1.52 1.51
0.31 -0.48 0.76 0.22 -5.91 -9.91 0.69 -1.08 1.74 1.60 1.52 1.53 1.50
0.28 -0.46 0.84 7.76 2.91 -4.37 0.63 -1.05 1.94 1.60 1.53 1.52 1.50
0.28 -0.46 0.90 6.97 12.83 -4.84 0.64 -1.06 2.07 1.61 1.52 1.51 1.50
0.28 -0.46 0.89 -0.34 18.94 -11.71 0.64 -1.05 2.04 1.60 1.53 1.51 1.51
0.27 -0.46 0.85 -7.17 20.84 -24.79 0.62 -1.05 1.96 1.60 1.52 1.50 1.50
0.30 -0.48 0.82 -14.01 15.98 -34.62 0.68 -1.10 1.87 1.60 1.53 1.52 1.49
0.32 -0.47 0.75 -17.49 8.55 -34.84 0.74 -1.08 1.73 1.61 1.52 1.52 1.50
0.32 -0.44 0.73 -6.52 7.55 -24.89 0.74 -1.01 1.69 1.61 1.52 1.52 1.50
0.34 -0.46 0.77 9.20 12.17 -11.40 0.79 -1.06 1.76 1.61 1.53 1.51 1.51
0.34 -0.51 0.83 18.66 16.32 -2.89 0.79 -1.17 1.90 1.61 1.53 1.51 1.50
0.34 -0.53 0.88 13.43 19.09 -7.07 0.77 -1.23 2.01 1.60 1.54 1.51 1.52
0.34 -0.57 0.88 2.44 19.89 -17.33 0.78 -1.30 2.00 1.59 1.52 1.50 1.50
0.33 -0.56 0.86 -7.79 20.19 -24.71 0.75 -1.28 1.97 1.61 1.52 1.52 1.51
0.32 -0.54 0.85 -11.68 20.92 -28.21 0.73 -1.24 1.95 1.61 1.53 1.51 1.51
0.30 -0.53 0.81 -11.38 20.09 -24.49 0.68 -1.23 1.87 1.61 1.52 1.53 1.51
0.27 -0.48 0.82 -5.35 19.63 -18.11 0.61 -1.11 1.89 1.60 1.53 1.51 1.52
0.25 -0.48 0.85 1.56 23.91 -15.45 0.57 -1.07 1.96 1.61 1.53 1.51 1.51
0.22 -0.45 0.87 4.80 29.08 -14.88 0.52 -1.03 2.01 1.61 1.53 1.51 1.51
0.17 -0.43 0.94 6.31 40.00 -19.65 0.40 -0.95 2.18 1.59 1.53 1.51 1.51
0.10 -0.42 1.00 3.40 60.43 -35.44 0.23 -0.97 2.28 1.60 1.54 1.52 1.52
0.07 -0.48 1.00 -6.27 75.83 -53.71 0.17 -1.11 2.29 1.61 1.53 1.51 1.51
0.05 -0.47 1.01 -22.37 85.59 -77.21 0.11 -1.06 2.34 1.60 1.53 1.52 1.52
0.03 -0.45 1.08 -31.34 94.39 -107.87 0.07 -1.03 2.47 1.62 1.53 1.53 1.52
0.00 -0.38 0.92 -40.08 103.96 -130.10 0.01 -0.89 2.09 1.62 1.54 1.53 1.51
0.07 -0.44 0.99 -40.63 114.57 -143.48 0.17 -1.00 2.27 1.61 1.53 1.54 1.51
0.07 -0.56 0.90 -50.92 125.33 -155.12 0.24 -1.21 2.08 1.62 1.53 1.55 1.51
0.10 -0.50 0.89 -60.37 133.16 -170.08 0.26 -1.13 2.04 1.60 1.53 1.54 1.52
0.04 -0.50 0.92 -68.55 138.51 -195.68 0.09 -1.16 2.10 1.61 1.55 1.55 1.52
0.05 -0.65 0.96 -90.20 142.60 -239.51 0.10 -1.46 2.18 1.62 1.54 1.58 1.52
0.11 -0.71 1.01 -114.00 152.37 -279.30 0.25 -1.63 2.32 1.60 1.55 1.58 1.52
0.11 -0.73 0.96 -144.78 173.55 -286.72 0.26 -1.76 2.15 1.61 1.56 1.61 1.53
0.29 -0.99 0.65 -185.50 184.93 -286.72 0.66 -2.26 1.48 1.61 1.56 1.62 1.54
0.40 -0.94 0.64 -207.57 140.85 -264.14 0.94 -2.23 1.53 1.60 1.55 1.63 1.54
0.49 -0.77 0.62 -224.27 86.30 -220.82 0.98 -1.63 1.42 1.62 1.55 1.63 1.54
0.30 -0.60 0.61 -199.67 64.80 -203.53 0.68 -1.37 1.41 1.62 1.55 1.63 1.54
0.25 -0.48 0.80 -157.82 66.53 -201.57 0.58 -1.05 1.91 1.64 1.55 1.64 1.53
0.14 -0.43 0.80 -121.86 88.25 -217.26 0.32 -0.99 1.84 1.64 1.55 1.63 1.53
0.16 -0.57 0.84 -102.17 110.04 -234.29 0.37 -1.32 1.93 1.63 1.56 1.62 1.52
0.12 -0.65 0.80 -100.56 130.10 -233.55 0.28 -1.49 1.83 1.62 1.55 1.62 1.53
0.15 -0.62 0.93 -93.65 148.43 -223.67 0.34 -1.45 2.14 1.63 1.55 1.62 1.54
0.15 -0.75 0.97 -84.76 167.10 -219.82 0.38 -1.81 2.25 1.62 1.55 1.62 1.53
0.16 -1.08 1.06 -115.20 164.08 -227.75 0.37 -2.47 2.43 1.63 1.56 1.62 1.53
0.22 -1.11 1.16 -165.01 145.39 -245.34 0.46 -2.54 2.65 1.63 1.55 1.63 1.54
0.13 -0.96 1.12 -225.79 147.34 -265.40 0.30 -2.21 2.56 1.62 1.56 1.65 1.53
0.11 -0.83 1.00 -248.44 167.54 -280.99 0.22 -1.89 2.27 1.63 1.56 1.65 1.54
0.23 -0.68 0.75 -226.62 187.60 -263.73 0.54 -1.57 1.71 1.62 1.58 1.66 1.55
0.12 -0.46 0.65 -189.93 196.95 -220.60 0.29 -1.00 1.54 1.64 1.58 1.68 1.55
0.19 -0.61 0.82 -139.06 222.01 -174.65 0.45 -1.40 1.88 1.63 1.57 1.69 1.55
0.34 -0.75 0.89 -115.83 226.50 -144.36 0.77 -1.73 2.04 1.63 1.58 1.69 1.56
0.46 -0.98 1.05 -133.77 214.16 -120.29 1.07 -2.24 2.43 1.63 1.58 1.71 1.55
0.50 -1.05 1.04 -194.70 190.61 -100.54 1.14 -2.42 2.38 1.63 1.58 1.72 1.56
0.48 -0.77 0.91 -255.60 160.45 -82.00 1.08 -1.75 2.02 1.63 1.58 1.72 1.55
0.41 -0.48 0.84 -270.84 158.69 -75.17 0.94 -1.10 1.93 1.63 1.59 1.72 1.56
0.43 -0.23 0.71 -240.80 179.50 -72.22 0.95 -0.54 1.58 1.65 1.59 1.73 1.57
0.51 -0.14 0.65 -192.95 200.19 -62.06 1.16 -0.32 1.48 1.65 1.60 1.73 1.59
0.54 -0.34 0.72 -162.63 208.19 -51.39 1.24 -0.77 1.66 1.66 1.59 1.75 1.59
0.68 -0.32 0.69 -159.49 200.79 -47.02 1.55 -0.71 1.59 1.65 1.61 1.75 1.60
0.71 -0.47 0.84 -158.26 203.45 -35.45 1.63 -1.08 1.92 1.65 1.62 1.77 1.62
0.66 -0.42 0.73 -184.61 203.30 -27.64 1.47 -1.01 1.71 1.66 1.64 1.79 1.65
0.64 -0.35 0.71 -198.76 202.49 -19.34 1.47 -0.81 1.62 1.64 1.66 1.79 1.65
0.67 -0.32 0.75 -195.99 223.37 -13.03 1.46 -0.66 1.67 1.66 1.67 1.80 1.68
0.64 -0.17 0.61 -197.56 251.68 -14.11 1.50 -0.32 1.40 1.67 1.70 1.82 1.70
0.61 -0.12 0.55 -191.68 278.22 -18.02 1.40 -0.27 1.26 1.66 1.73 1.84 1.72
0.66 0.03 0.42 -177.51 286.68 -18.31 1.57 0.14 0.90 1.67 1.77 1.89 1.74
0.76 -0.04 0.37 -147.78 286.68 -20.57 1.75 -0.10 0.85 1.69 1.81 1.94 1.77
0.81 -0.04 0.26 -148.13 286.68 -14.21 1.90 -0.06 0.61 1.69 1.85 1.97 1.79
0.85 0.02 0.13 -132.79 286.68 -7.60 1.96 0.04 0.29 1.69 1.89 2.02 1.82
0.94 0.07 -0.01 -107.22 272.72 -0.99 2.16 0.17 0.02 1.70 1.93 2.03 1.84
0.97 0.08 0.02 -72.51 245.98 6.34 2.18 0.19 0.03 1.72 1.96 2.05 1.88
0.92 0.08 -0.09 -23.05 223.38 11.73 2.11 0.19 -0.20 1.74 2.00 2.08 1.88
0.98 0.03 0.00 10.78 209.64 15.22 2.24 0.06 0.02 1.75 2.01 2.12 1.91
0.81 0.03 -0.03 47.15 198.35 7.24 1.86 0.07 -0.07 1.74 2.04 2.13 1.97
0.76 -0.00 -0.09 55.96 184.61 4.22 1.74 -0.00 -0.24 1.74 2.08 2.14 1.99
0.93 0.03 -0.15 47.41 188.79 6.43 2.16 0.09 -0.33 1.75 2.11 2.16 2.01
0.97 0.02 -0.27 52.93 197.99 8.52 2.22 0.05 -0.62 1.75 2.13 2.19 2.03
1.06 0.07 -0.42 55.40 193.72 15.40 2.44 0.15 -0.93 1.76 2.13 2.19 2.05
1.12 0.16 -0.37 72.42 196.95 13.65 2.58 0.36 -0.84 1.75 2.15 2.22 2.05
0.98 0.14 -0.32 93.83 164.34 13.04 2.26 0.49 -0.78 1.77 2.17 2.22 2.07
0.95 0.14 -0.23 126.37 126.71 18.24 2.12 0.20 -0.61 1.76 2.18 2.23 2.09
1.04 0.07 0.03 114.65 83.29 30.25 2.38 0.15 0.07 1.76 2.18 2.24 2.11
0.78 0.10 -0.18 100.83 32.28 41.54 1.82 0.27 -0.59 1.77 2.19 2.23 2.13
0.96 0.22 -0.23 120.45 23.42 52.94 2.19 0.51 -0.52 1.79 2.20 2.25 2.14
1.05 0.13 -0.38 148.42 3.97 60.58 2.23 0.37 -0.86 1.81 2.21 2.25 2.14
0.97 0.27 -0.36 166.58 -31.83 62.01 2.19 0.63 -0.84 1.84 2.23 2.25 2.15
0.57 0.18 -0.57 162.63 -66.09 47.23 1.31 0.41 -1.32 1.88 2.23 2.25 2.14
0.63 -0.09 -0.32 120.58 -8.71 45.37 1.60 -0.12 -0.76 1.89 2.23 2.24 2.15
1.05 0.24 -0.23 54.29 34.12 54.25 2.40 0.54 -0.53 1.93 2.22 2.23 2.16
1.02 0.24 -0.39 46.81 37.81 53.16 2.29 0.58 -0.90 1.93 2.23 2.25 2.15
0.92 0.16 -0.22 40.11 41.34 56.73 2.12 0.37 -0.52 1.95 2.22 2.25 2.14
0.88 0.24 -0.24 27.17 31.24 47.33 1.94 0.61 -0.57 1.98 2.21 2.25 2.14
0.80 0.37 -0.26 12.98 39.17 25.32 1.83 0.91 -0.61 1.98 2.22 2.23 2.12
0.83 0.40 -0.27 17.16 45.60 9.84 1.91 0.92 -0.63 1.99 2.20 2.23 2.13
0.88 0.32 -0.33 22.27 48.19 6.77 2.03 0.66 -0.77 1.99 2.21 2.24 2.13
0.90 0.23 -0.35 11.43 48.43 13.21 2.07 0.52 -0.79 1.99 2.21 2.23 2.13
0.90 0.37 -0.37 1.97 48.44 18.64 2.04 0.84 -0.80 1.99 2.20 2.23 2.12
0.87 0.40 -0.40 6.64 48.37 17.94 2.02 0.93 -0.92 2.00 2.19 2.23 2.12
0.84 0.37 -0.40 10.29 40.86 11.93 1.93 0.85 -0.91 2.01 2.20 2.24 2.11
0.78 0.32 -0.39 7.05 39.00 8.26 1.78 0.75 -0.88 1.99 2.21 2.22 2.12
0.84 0.36 -0.44 1.75 35.34 4.75 1.92 0.83 -1.01 2.01 2.20 2.23 2.11
0.84 0.40 -0.47 -2.18 30.70 3.21 1.93 0.92 -1.07 2.00 2.21 2.21 2.12
0.84 0.41 -0.44 -4.24 25.10 0.09 1.91 0.94 -1.03 2.01 2.20 2.21 2.12
0.81 0.40 -0.44 -4.99 22.54 -3.55 1.85 0.92 -1.01 2.01 2.20 2.21 2.12
0.80 0.39 -0.45 -4.30 19.52 -5.70 1.85 0.88 -1.02 2.00 2.19 2.22 2.12
0.72 0.34 -0.35 -3.77 18.43 -5.94 1.65 0.77 -0.81 2.00 2.19 2.20 2.11
0.75 0.31 -0.36 -9.39 25.33 -5.16 1.72 0.75 -0.83 2.01 2.18 2.21 2.10
0.83 0.39 -0.40 -17.85 30.02 -6.67 1.91 0.90 -0.95 1.99 2.18 2.21 2.11
0.84 0.43 -0.46 -16.36 23.74 -8.13 1.92 0.98 -1.06 2.00 2.20 2.21 2.10
0.76 0.43 -0.45 -16.87 18.63 -12.77 1.72 1.01 -1.05 2.00 2.19 2.19 2.12
0.71 0.57 -0.49 -17.47 20.02 -25.51 1.63 1.30 -1.13 1.99 2.19 2.20 2.10
0.71 0.49 -0.56 -8.20 22.22 -36.43 1.63 1.10 -1.27 2.00 2.18 2.21 2.10
0.66 0.49 -0.57 -12.46 20.57 -47.74 1.51 1.14 -1.36 1.99 2.18 2.21 2.09
0.58 0.50 -0.62 -17.24 25.17 -58.52 1.34 1.15 -1.42 1.99 2.18 2.20 2.10
0.60 0.45 -0.72 -27.63 30.00 -67.52 1.39 1.13 -1.66 1.98 2.17 2.20 2.10
0.67 0.55 -0.83 -40.41 31.47 -80.50 1.54 1.26 -1.90 1.96 2.16 2.21 2.08
0.65 0.68 -0.92 -35.85 9.00 -102.79 1.47 1.58 -2.14 1.94 2.17 2.21 2.10
0.54 0.74 -0.96 -24.19 -14.33 -140.05 1.23 1.71 -2.21 1.93 2.16 2.21 2.07
0.48 0.68 -0.91 -22.65 -21.04 -182.88 1.09 1.57 -2.09 1.90 2.16 2.20 2.08
0.35 0.58 -0.84 -24.64 -33.62 -228.20 0.78 1.29 -1.97 1.87 2.16 2.19 2.06
0.42 0.50 -0.94 -29.23 -64.23 -261.24 0.96 1.14 -2.16 1.84 2.14 2.18 2.06
0.45 0.37 -0.87 -43.78 -89.36 -284.75 1.01 0.72 -2.07 1.81 2.12 2.15 2.03
0.30 0.14 -0.87 -69.91 -138.75 -286.72 0.70 0.31 -2.00 1.79 2.10 2.14 2.00
0.29 -0.03 -0.61 -111.52 -191.12 -286.72 0.64 -0.19 -1.43 1.78 2.06 2.09 1.98
0.40 -0.42 -0.38 -149.68 -265.35 -286.72 0.93 -0.97 -0.88 1.75 2.03 2.06 1.94
0.64 -0.58 -0.44 -227.23 -286.72 -278.71 1.48 -1.33 -0.89 1.76 1.97 2.03 1.87
0.81 -0.43 -0.23 -158.27 -286.72 -276.58 1.84 -0.96 -0.61 1.74 1.95 1.99 1.79
0.84 -0.43 -0.39 -49.28 -286.72 -252.27 1.92 -0.99 -0.89 1.73 1.90 1.93 1.73
0.72 -0.79 -0.06 55.82 -286.72 -286.72 1.70 -1.82 -0.20 1.73 1.85 1.91 1.70
0.28 -0.98 0.14 172.12 -286.72 -237.48 0.64 -2.26 0.33 1.70 1.80 1.87 1.68
0.30 -1.32 -0.12 165.08 -286.72 -192.36 0.67 -3.01 -0.21 1.69 1.76 1.81 1.64
0.15 -1.51 0.28 221.41 -286.72 -156.06 0.34 -3.45 0.64 1.68 1.72 1.77 1.63
0.35 -1.44 0.18 243.88 -286.72 -101.29 1.05 -3.43 0.31 1.67 1.67 1.73 1.61
0.39 -1.53 0.14 223.01 -286.72 -21.01 0.68 -3.53 0.30 1.67 1.64 1.69 1.58
0.33 -1.77 0.18 223.55 -286.72 36.15 0.76 -4.05 0.42 1.65 1.61 1.64 1.58
0.29 -1.64 0.10 196.99 -286.72 78.62 0.60 -3.77 0.16 1.66 1.58 1.62 1.54
0.11 -1.66 0.24 190.64 -286.72 109.24 0.24 -3.81 0.56 1.64 1.55 1.59 1.53
0.40 -1.59 0.25 187.01 -286.72 150.82 0.99 -3.62 0.55 1.62 1.54 1.56 1.53
0.54 -1.54 -0.03 212.47 -286.72 241.05 1.23 -3.54 -0.07 1.62 1.53 1.56 1.52
0.47 -1.60 0.11 257.89 -286.72 286.68 0.97 -3.51 0.24 1.61 1.52 1.55 1.52
-0.13 -1.82 -0.12 283.43 -286.72 286.68 -0.29 -4.19 -0.28 1.62 1.53 1.54 1.53
-0.56 -1.86 -0.02 286.68 -286.72 286.68 -1.28 -4.26 -0.05 1.60 1.52 1.51 1.52
-0.43 -1.94 0.47 286.68 -286.72 286.68 -0.79 -4.36 1.20 1.61 1.52 1.52 1.52
0.00 -1.89 0.63 232.11 -286.72 286.68 0.01 -4.34 1.44 1.60 1.53 1.51 1.52
0.09 -1.95 0.41 172.05 -286.72 286.68 0.14 -4.45 0.94 1.59 1.52 1.51 1.52
-0.17 -1.73 0.13 156.07 -286.72 286.68 -0.40 -3.98 0.29 1.60 1.52 1.50 1.51
-0.22 -1.45 0.01 254.37 -286.72 286.68 -0.64 -3.34 0.04 1.60 1.53 1.51 1.52
-0.40 -1.67 -0.15 286.68 -286.72 286.68 -0.90 -3.84 -0.35 1.60 1.51 1.52 1.50
-0.50 -1.41 0.89 286.68 -286.72 286.68 -1.15 -3.23 2.04 1.61 1.52 1.50 1.51
-0.28 -1.70 1.49 286.68 -286.72 286.68 -0.66 -3.90 3.50 1.60 1.52 1.50 1.50
-0.42 -1.07 1.69 123.23 -286.72 254.27 -0.95 -2.46 3.88 1.60 1.52 1.50 1.51
-0.51 -0.62 1.54 -2.06 -237.93 151.42 -1.21 -1.28 3.46 1.59 1.52 1.50 1.49
-0.56 -0.23 1.19 -27.77 -150.01 96.07 -1.28 -0.53 2.74 1.61 1.52 1.50 1.49
-0.45 -0.25 0.96 4.97 -89.97 72.51 -1.01 -0.58 2.12 1.60 1.53 1.50 1.49
-0.29 -0.48 0.79 47.22 -69.87 71.94 -0.67 -1.10 1.80 1.61 1.52 1.52 1.50
-0.20 -0.63 1.03 58.08 -56.47 63.53 -0.47 -1.44 2.36 1.60 1.53 1.50 1.50
-0.09 -0.64 1.02 21.43 -50.66 43.78 -0.19 -1.45 2.35 1.59 1.51 1.52 1.50
-0.03 -0.54 0.98 -6.91 -32.96 20.53 -0.08 -1.23 2.25 1.61 1.53 1.51 1.51
0.07 -0.51 0.88 -12.35 -10.40 -2.14 0.17 -1.17 2.00 1.61 1.53 1.51 1.50
0.16 -0.56 0.77 -14.62 3.05 -15.07 0.37 -1.28 1.77 1.61 1.52 1.52 1.49
0.20 -0.57 0.72 -12.54 1.78 -17.67 0.47 -1.31 1.66 1.61 1.52 1.53 1.50
0.25 -0.62 0.65 -4.23 -1.39 -13.29 0.56 -1.41 1.51 1.61 1.52 1.53 1.50
0.26 -0.63 0.69 2.69 -9.93 -6.75 0.59 -1.45 1.58 1.61 1.53 1.52 1.50
0.29 -0.62 0.78 4.24 -8.22 -8.87 0.68 -1.43 1.79 1.59 1.52 1.53 1.50
0.34 -0.62 0.80 -3.73 -0.62 -14.96 0.80 -1.42 1.84 1.61 1.54 1.52 1.52
0.37 -0.57 0.80 -9.15 9.44 -20.05 0.86 -1.31 1.84 1.60 1.51 1.52 1.51
0.39 -0.54 0.75 -10.81 17.15 -21.99 0.88 -1.22 1.72 1.60 1.52 1.52 1.50
0.37 -0.52 0.71 -8.17 18.20 -19.84 0.86 -1.20 1.64 1.61 1.52 1.53 1.49
0.39 -0.55 0.71 -2.73 13.93 -16.78 0.91 -1.27 1.64 1.61 1.53 1.52 1.51
0.42 -0.56 0.73 -0.11 9.22 -12.43 0.96 -1.28 1.69 1.60 1.52 1.52 1.50
0.45 -0.56 0.74 1.16 10.41 -9.84 1.04 -1.29 1.70 1.61 1.52 1.53 1.50
0.47 -0.56 0.75 -0.36 12.06 -11.07 1.08 -1.28 1.74 1.62 1.53 1.53 1.50
0.47 -0.56 0.75 -4.11 12.25 -17.13 1.08 -1.28 1.71 1.61 1.53 1.52 1.50
0.47 -0.57 0.71 -9.21 10.98 -22.85 1.07 -1.31 1.62 1.61 1.53 1.53 1.50
0.46 -0.55 0.70 -10.69 12.09 -24.02 1.05 -1.25 1.61 1.62 1.52 1.53 1.50
0.47 -0.55 0.69 -9.15 13.31 -20.45 1.07 -1.27 1.59 1.60 1.53 1.52 1.50
0.47 -0.55 0.68 -5.94 12.94 -13.82 1.08 -1.27 1.55 1.60 1.52 1.52 1.51
0.45 -0.55 0.66 -0.17 9.50 -8.49 1.03 -1.26 1.50 1.62 1.52 1.53 1.50
0.43 -0.55 0.68 4.89 6.74 -5.84 0.99 -1.27 1.56 1.60 1.52 1.53 1.52
0.41 -0.57 0.72 7.83 9.62 -8.39 1.02 -1.32 1.66 1.60 1.53 1.53 1.49
0.44 -0.58 0.73 4.46 14.61 -12.49 1.00 -1.33 1.68 1.60 1.52 1.53 1.50
0.46 -0.61 0.72 -1.44 13.80 -14.20 1.07 -1.40 1.63 1.60 1.53 1.53 1.49
0.45 -0.59 0.69 -4.67 10.31 -14.73 1.04 -1.36 1.58 1.61 1.52 1.52 1.51
0.43 -0.61 0.68 -0.98 9.93 -13.90 0.99 -1.39 1.57 1.60 1.52 1.52 1.50
0.42 -0.62 0.73 0.75 9.21 -10.65 0.95 -1.40 1.68 1.62 1.52 1.53 1.51
0.38 -0.58 0.75 1.06 9.09 -9.30 0.87 -1.32 1.72 1.61 1.53 1.53 1.52
0.36 -0.56 0.78 3.43 14.48 -12.24 0.84 -1.24 1.80 1.61 1.52 1.53 1.50
0.33 -0.52 0.82 3.19 24.88 -21.31 0.74 -1.19 1.89 1.62 1.52 1.52 1.51
0.28 -0.50 0.83 -0.87 37.24 -34.64 0.64 -1.15 1.90 1.61 1.54 1.53 1.51
0.27 -0.53 0.83 -6.99 47.08 -46.38 0.61 -1.20 1.91 1.61 1.54 1.53 1.51
0.27 -0.55 0.81 -13.63 54.93 -54.69 0.62 -1.27 1.87 1.60 1.53 1.53 1.52
0.33 -0.65 0.75 -19.93 57.85 -53.34 0.77 -1.52 1.72 1.63 1.52 1.53 1.50
0.40 -0.63 0.68 -24.40 51.19 -42.48 0.93 -1.46 1.56 1.60 1.53 1.53 1.50
0.40 -0.62 0.66 -17.33 47.78 -37.25 0.92 -1.43 1.52 1.61 1.54 1.53 1.51
0.41 -0.67 0.67 -10.29 43.84 -41.30 0.96 -1.56 1.54 1.62 1.52 1.54 1.51
0.40 -0.67 0.76 -15.74 37.51 -54.56 0.91 -1.54 1.74 1.63 1.53 1.53 1.51
0.33 -0.62 0.89 -30.14 41.26 -86.96 0.74 -1.42 2.01 1.62 1.53 1.54 1.51
0.22 -0.67 0.95 -59.56 51.74 -144.04 0.51 -1.53 2.18 1.61 1.54 1.53 1.52
0.31 -0.77 0.91 -92.77 66.94 -196.32 0.70 -1.79 2.13 1.61 1.53 1.54 1.52
0.24 -0.75 0.87 -130.10 80.62 -233.11 0.56 -1.70 1.98 1.62 1.54 1.56 1.52
0.24 -0.82 0.73 -142.63 93.19 -246.04 0.55 -1.89 1.68 1.62 1.54 1.57 1.52
0.34 -0.85 0.65 -152.69 89.64 -218.65 0.77 -2.02 1.47 1.63 1.54 1.58 1.54
0.34 -0.74 0.67 -149.77 76.12 -191.56 0.79 -1.71 1.55 1.61 1.55 1.58 1.53
0.25 -0.62 0.70 -126.40 77.23 -175.31 0.55 -1.39 1.65 1.61 1.55 1.59 1.54
0.15 -0.62 0.84 -89.85 97.51 -181.10 0.35 -1.42 1.94 1.63 1.55 1.59 1.54
0.11 -0.74 0.92 -74.94 111.50 -204.92 0.18 -1.84 2.11 1.64 1.56 1.60 1.55
0.11 -0.85 0.93 -93.69 127.51 -235.72 0.29 -1.86 2.13 1.64 1.56 1.61 1.55
0.07 -0.85 0.86 -122.70 132.82 -261.55 0.15 -1.95 1.96 1.63 1.56 1.63 1.54
0.04 -1.08 0.64 -157.68 138.90 -265.08 0.50 -2.10 1.79 1.62 1.57 1.65 1.55
0.22 -0.89 0.87 -206.92 136.26 -241.96 0.51 -2.03 1.99 1.64 1.57 1.66 1.55
0.20 -0.89 0.91 -221.57 128.31 -218.56 0.56 -1.95 2.14 1.63 1.59 1.68 1.56
0.14 -0.65 0.78 -228.28 113.42 -211.37 0.33 -1.50 1.79 1.64 1.59 1.69 1.57
0.08 -0.54 0.79 -216.75 108.16 -213.66 0.17 -1.25 1.83 1.62 1.61 1.71 1.59
0.03 -0.58 0.96 -198.07 123.24 -231.60 0.04 -1.33 2.20 1.65 1.63 1.73 1.62
0.07 -0.59 1.01 -190.77 151.89 -253.04 0.17 -1.35 2.33 1.65 1.63 1.74 1.65
0.08 -0.53 0.95 -196.87 169.57 -268.79 0.17 -1.28 2.15 1.65 1.66 1.75 1.66
0.03 -0.58 0.92 -194.91 197.77 -268.80 0.07 -1.32 2.10 1.65 1.68 1.78 1.70
0.06 -0.67 0.87 -194.91 212.03 -254.90 0.15 -1.61 2.04 1.65 1.70 1.80 1.70
0.16 -0.74 0.93 -207.72 217.73 -221.17 0.38 -1.71 2.13 1.64 1.72 1.82 1.72
0.26 -0.77 0.91 -242.45 212.24 -190.13 0.59 -1.80 2.02 1.66 1.74 1.83 1.73
0.42 -0.76 0.96 -276.56 207.90 -162.35 0.98 -1.72 2.21 1.65 1.77 1.85 1.73
0.45 -0.63 0.94 -286.72 198.61 -145.03 1.03 -1.46 2.15 1.65 1.79 1.88 1.74
0.37 -0.45 0.85 -281.92 209.26 -126.60 0.80 -0.99 1.90 1.66 1.80 1.89 1.77
0.30 -0.22 0.80 -257.48 222.92 -106.01 0.69 -0.51 1.83 1.66 1.82 1.92 1.79
0.22 -0.19 0.80 -208.07 243.14 -99.45 0.50 -0.43 1.85 1.66 1.85 1.94 1.80
0.25 -0.26 0.84 -163.09 261.48 -95.28 0.58 -0.61 1.92 1.67 1.88 1.97 1.81
0.49 -0.53 0.91 -167.32 254.15 -80.52 1.17 -1.21 2.07 1.68 1.92 2.01 1.85
0.67 -0.49 0.86 -189.24 241.06 -60.55 1.40 -1.17 2.00 1.67 1.96 2.04 1.88
0.74 -0.46 0.79 -196.59 238.39 -36.37 1.69 -1.06 1.82 1.67 1.99 2.06 1.93
0.69 -0.36 0.80 -192.55 236.13 -22.49 1.40 -0.73 1.77 1.68 2.02 2.10 1.92
0.45 -0.19 0.67 -180.77 244.06 -16.80 1.04 -0.43 1.54 1.68 2.03 2.11 1.94
0.55 -0.15 0.59 -174.15 252.34 -13.58 1.44 -0.21 1.37 1.68 2.06 2.12 1.97
0.63 0.09 0.55 -147.75 275.42 -9.20 1.44 0.21 1.27 1.69 2.06 2.14 1.97
0.74 -0.08 0.49 -104.23 280.95 -18.68 1.69 -0.19 1.11 1.71 2.10 2.17 2.00
0.97 -0.13 0.37 -86.61 268.28 -13.99 2.19 -0.33 0.78 1.69 2.12 2.18 2.02
0.91 -0.14 0.24 -90.50 265.83 7.04 2.08 -0.33 0.54 1.71 2.12 2.21 2.03
1.03 -0.09 0.15 -94.19 241.70 21.94 2.30 -0.21 0.34 1.72 2.14 2.20 2.05
0.85 0.00 0.13 -83.09 213.12 22.78 1.95 0.00 0.29 1.73 2.14 2.22 2.05
0.92 0.10 0.03 -69.40 188.87 23.04 2.13 0.22 0.11 1.72 2.15 2.21 2.06
0.98 0.11 0.11 -42.62 164.19 21.10 2.23 0.27 0.22 1.74 2.14 2.21 2.06
0.88 0.07 0.08 -18.24 162.23 19.62 2.02 0.17 0.18 1.74 2.14 2.23 2.08
1.02 0.04 0.05 -12.67 157.26 25.45 2.41 0.09 0.10 1.76 2.16 2.22 2.07
1.07 0.03 0.07 -3.05 151.29 29.29 2.44 0.06 0.17 1.75 2.17 2.24 2.08
1.01 0.08 0.01 7.78 143.04 31.17 2.33 0.17 0.08 1.77 2.17 2.23 2.10
0.95 0.05 0.06 15.95 121.97 26.81 2.18 0.09 0.13 1.76 2.17 2.25 2.10
0.79 0.06 0.04 3.19 102.07 18.66 1.81 0.15 0.09 1.76 2.18 2.23 2.10
0.94 0.11 -0.07 -9.96 116.37 22.61 2.17 0.28 -0.19 1.78 2.18 2.25 2.10
1.00 0.10 -0.08 -20.16 127.86 27.86 2.29 0.24 -0.18 1.79 2.17 2.24 2.10
1.07 0.10 -0.17 -20.72 131.02 25.11 2.45 0.20 -0.35 1.78 2.19 2.23 2.11
1.06 0.10 -0.07 0.91 102.79 25.10 2.45 0.24 -0.17 1.80 2.19 2.25 2.12
0.97 0.21 -0.14 11.54 91.03 20.41 2.22 0.47 -0.31 1.79 2.19 2.24 2.13
0.89 0.09 -0.12 37.93 82.57 24.63 1.99 0.17 -0.24 1.82 2.19 2.25 2.12
0.81 0.04 -0.04 45.74 75.98 21.91 1.86 0.09 -0.09 1.82 2.18 2.24 2.11
0.77 0.08 -0.07 54.44 88.24 27.15 1.79 0.15 -0.17 1.83 2.20 2.23 2.12
0.87 0.09 -0.15 63.05 102.80 39.18 2.01 0.22 -0.34 1.86 2.20 2.24 2.13
0.90 0.13 -0.18 65.72 94.33 41.79 2.06 0.30 -0.40 1.88 2.19 2.23 2.12
1.20 0.23 -0.33 47.15 76.37 39.71 2.76 0.54 -0.75 1.91 2.21 2.23 2.13
0.99 0.22 -0.41 53.12 43.51 39.48 2.27 0.51 -0.94 1.93 2.20 2.25 2.13
0.90 0.16 -0.41 37.50 33.38 32.87 2.05 0.36 -0.90 1.94 2.21 2.25 2.12
0.83 0.17 -0.26 23.66 34.34 28.75 1.90 0.40 -0.60 1.97 2.20 2.24 2.14
0.76 0.24 -0.27 16.32 43.64 23.88 1.76 0.52 -0.66 2.00 2.21 2.23 2.14
0.91 0.29 -0.35 16.44 58.30 25.71 2.12 0.67 -0.80 2.01 2.21 2.23 2.14
1.00 0.26 -0.48 27.28 46.72 25.73 2.30 0.60 -1.10 2.04 2.21 2.25 2.13
1.05 0.22 -0.50 28.68 25.85 27.19 2.36 0.53 -1.16 2.06 2.21 2.24 2.12
0.84 0.28 -0.45 16.47 8.28 20.75 1.93 0.64 -1.03 2.07 2.21 2.25 2.12
0.78 0.24 -0.39 12.38 18.09 13.81 1.83 0.57 -0.87 2.07 2.21 2.24 2.12
0.81 0.22 -0.34 4.99 20.55 14.52 1.86 0.51 -0.79 2.10 2.22 2.23 2.11
0.81 0.24 -0.36 -1.46 26.68 14.28 1.86 0.56 -0.83 2.10 2.21 2.24 2.12
0.87 0.34 -0.43 3.83 23.02 14.36 2.00 0.80 -0.99 2.10 2.21 2.24 2.12
0.91 0.37 -0.47 4.51 15.93 9.68 2.09 0.85 -1.08 2.10 2.21 2.24 2.11
0.96 0.39 -0.49 2.05 0.98 1.50 2.17 0.84 -1.09 2.09 2.22 2.25 2.12
0.79 0.29 -0.35 -1.58 -14.18 -4.60 1.77 0.68 -0.80 2.09 2.22 2.23 2.11
0.64 0.38 -0.26 -1.31 -4.27 -3.93 1.47 0.86 -0.60 2.09 2.20 2.25 2.10
0.83 0.31 -0.34 8.23 5.48 0.34 1.94 0.70 -0.81 2.10 2.20 2.24 2.12
0.90 0.35 -0.39 0.94 -2.02 -0.83 2.06 0.80 -0.90 2.08 2.22 2.23 2.11
0.83 0.38 -0.34 1.64 -6.39 -3.23 1.90 0.87 -0.77 2.09 2.22 2.23 2.11
0.88 0.34 -0.33 5.77 -6.37 -6.68 2.05 0.78 -0.76 2.09 2.20 2.23 2.11
0.90 0.35 -0.32 6.80 -10.96 -12.30 2.06 0.79 -0.74 2.08 2.21 2.22 2.11
0.90 0.28 -0.28 7.03 -12.49 -15.46 2.05 0.64 -0.62 2.09 2.21 2.23 2.10
0.84 0.23 -0.21 3.79 -12.36 -16.09 1.92 0.52 -0.48 2.08 2.21 2.23 2.11
0.93 0.18 -0.22 0.06 -8.02 -10.80 2.14 0.42 -0.51 2.08 2.20 2.24 2.11
0.94 0.24 -0.22 -4.52 -10.74 -7.93 2.15 0.57 -0.51 2.08 2.20 2.21 2.10
0.93 0.28 -0.20 0.41 -9.13 -8.78 2.14 0.65 -0.46 2.10 2.19 2.24 2.10
0.94 0.24 -0.21 4.10 -9.09 -11.08 2.15 0.55 -0.48 2.07 2.21 2.21 2.11
0.92 0.24 -0.20 4.80 -8.20 -11.88 2.15 0.54 -0.46 2.09 2.18 2.22 2.10
0.95 0.23 -0.20 5.79 -6.66 -10.15 2.19 0.52 -0.46 2.09 2.20 2.23 2.11
0.93 0.19 -0.17 3.54 -6.99 -7.74 2.12 0.43 -0.37 2.08 2.20 2.22 2.10
0.94 0.22 -0.17 -1.18 -3.28 -3.47 2.16 0.49 -0.38 2.08 2.19 2.23 2.08
0.96 0.29 -0.18 -2.26 0.07 -2.98 2.20 0.68 -0.43 2.10 2.20 2.21 2.12
0.97 0.27 -0.18 2.02 1.40 -5.07 2.22 0.61 -0.42 2.08 2.18 2.23 2.09
0.97 0.24 -0.19 3.50 0.13 -6.34 2.22 0.56 -0.44 2.07 2.20 2.21 2.10
0.95 0.25 -0.19 3.10 -0.46 -5.73 2.18 0.59 -0.43 2.07 2.19 2.23 2.10
0.89 0.24 -0.19 2.47 0.46 -6.27 2.06 0.54 -0.44 2.08 2.19 2.22 2.10
0.89 0.21 -0.19 1.84 2.62 -3.76 2.05 0.49 -0.44 2.08 2.20 2.21 2.10
0.93 0.24 -0.24 -2.46 5.06 0.11 2.12 0.57 -0.57 2.08 2.18 2.22 2.10
0.91 0.27 -0.25 -3.75 3.42 2.20 2.10 0.63 -0.56 2.08 2.18 2.22 2.10
0.92 0.30 -0.25 -3.38 2.21 2.67 2.12 0.68 -0.57 2.08 2.18 2.21 2.10
0.94 0.29 -0.25 -3.06 -0.31 1.50 2.15 0.66 -0.56 2.07 2.19 2.23 2.08
0.92 0.27 -0.20 -2.80 -2.19 1.03 2.11 0.62 -0.46 2.07 2.18 2.21 2.09
0.91 0.28 -0.19 -2.13 -0.50 -0.13 2.09 0.63 -0.43 2.05 2.19 2.21 2.10
0.92 0.26 -0.19 -1.55 1.95 -2.62 2.13 0.60 -0.44 2.07 2.18 2.21 2.09
0.96 0.26 -0.22 -0.28 1.62 -4.64 2.20 0.60 -0.51 2.07 2.19 2.21 2.10
0.94 0.24 -0.22 0.52 -1.15 -5.27 2.13 0.55 -0.49 2.07 2.19 2.22 2.10
0.90 0.21 -0.21 0.46 -1.22 -3.33 2.07 0.49 -0.48 2.07 2.18 2.21 2.10
0.92 0.22 -0.22 -0.46 -0.59 -1.04 2.11 0.51 -0.51 2.06 2.19 2.20 2.10
0.93 0.22 -0.22 -1.22 -1.58 -0.23 2.13 0.51 -0.50 2.07 2.18 2.22 2.10
0.92 0.23 -0.21 -0.57 -2.07 0.01 2.12 0.54 -0.48 2.07 2.18 2.22 2.08
0.92 0.24 -0.20 1.75 -1.68 -0.01 2.13 0.55 -0.47 2.05 2.19 2.21 2.09
0.95 0.25 -0.20 3.33 -1.82 -1.02 2.18 0.58 -0.47 2.07 2.19 2.21 2.09
0.95 0.26 -0.20 4.84 -2.80 -1.92 2.18 0.59 -0.47 2.06 2.18 2.20 2.09
0.91 0.24 -0.17 4.18 -2.59 -2.51 2.08 0.56 -0.39 2.06 2.18 2.20 2.10
0.91 0.25 -0.17 3.40 1.84 -1.37 2.08 0.57 -0.40 2.07 2.18 2.21 2.08
0.93 0.24 -0.20 2.24 4.17 -0.39 2.14 0.55 -0.46 2.07 2.17 2.22 2.08
0.94 0.25 -0.21 -1.23 4.30 0.59 2.17 0.59 -0.50 2.05 2.18 2.20 2.09
0.98 0.29 -0.26 -2.37 0.91 0.30 2.24 0.67 -0.59 2.05 2.18 2.21 2.08
0.94 0.31 -0.24 -1.22 -3.18 -2.37 2.16 0.70 -0.54 2.06 2.19 2.21 2.08
0.95 0.30 -0.24 0.31 -4.03 -6.23 2.17 0.68 -0.53 2.05 2.18 2.20 2.09
0.89 0.28 -0.19 2.00 -4.14 -8.86 2.05 0.63 -0.44 2.05 2.18 2.21 2.08
0.90 0.23 -0.19 2.69 -0.18 -7.86 2.09 0.51 -0.43 2.06 2.18 2.21 2.09
0.93 0.24 -0.21 0.01 2.05 -5.47 2.13 0.54 -0.48 2.05 2.17 2.22 2.09
0.92 0.21 -0.20 -1.47 3.36 -3.66 2.12 0.49 -0.45 2.06 2.19 2.19 2.09
0.97 0.21 -0.22 -3.77 2.21 -1.13 2.24 0.49 -0.52 2.05 2.19 2.21 2.09
0.98 0.26 -0.25 -3.98 -2.44 -0.29 2.25 0.59 -0.57 2.04 2.18 2.21 2.08
0.95 0.29 -0.23 -2.12 -6.17 -2.92 2.18 0.66 -0.51 2.05 2.19 2.20 2.08
0.89 0.26 -0.17 0.93 -6.01 -6.51 2.02 0.59 -0.38 2.06 2.17 2.21 2.08
0.88 0.18 -0.14 4.34 -0.12 -4.81 2.02 0.42 -0.33 2.05 2.17 2.20 2.09
0.93 0.17 -0.17 -0.17 3.33 -1.91 2.15 0.40 -0.39 2.06 2.18 2.20 2.08
0.93 0.25 -0.19 -3.21 4.64 1.55 2.13 0.54 -0.44 2.06 2.17 2.21 2.07
0.93 0.25 -0.20 -2.87 5.92 1.71 2.13 0.57 -0.46 2.05 2.18 2.21 2.08
0.96 0.25 -0.22 -3.09 4.90 1.01 2.20 0.58 -0.53 2.06 2.18 2.22 2.09
0.97 0.26 -0.25 -2.67 -1.24 -0.81 2.24 0.60 -0.56 2.04 2.17 2.21 2.07
0.94 0.28 -0.23 -1.86 -4.72 -3.33 2.15 0.65 -0.52 2.05 2.17 2.20 2.09
0.91 0.26 -0.21 0.54 -4.40 -5.19 2.08 0.60 -0.48 2.06 2.18 2.20 2.08
0.90 0.23 -0.19 1.50 -1.78 -4.09 2.08 0.53 -0.44 2.06 2.17 2.21 2.08
0.91 0.24 -0.19 0.15 0.67 -2.82 2.10 0.54 -0.43 2.05 2.18 2.21 2.08
0.95 0.23 -0.21 -0.38 2.03 -0.73 2.19 0.54 -0.50 2.05 2.18 2.21 2.08
0.96 0.25 -0.21 -1.48 -0.41 0.10 2.19 0.58 -0.48 2.05 2.18 2.21 2.08
0.93 0.25 -0.19 -1.15 -1.39 0.17 2.14 0.57 -0.43 2.06 2.18 2.19 2.08
0.94 0.23 -0.20 -1.01 -0.38 0.39 2.16 0.53 -0.45 2.06 2.17 2.20 2.08
0.93 0.24 -0.20 -2.57 -0.55 0.38 2.13 0.55 -0.47 2.04 2.17 2.20 2.09
0.92 0.25 -0.20 -1.84 0.51 0.88 2.12 0.56 -0.47 2.06 2.18 2.20 2.07
0.93 0.24 -0.21 -1.17 1.41 0.85 2.13 0.56 -0.48 2.05 2.17 2.21 2.07
0.94 0.24 -0.22 -1.15 0.82 0.85 2.12 0.56 -0.50 2.05 2.17 2.20 2.09
0.93 0.25 -0.21 -1.27 -0.04 0.60 2.15 0.58 -0.48 2.05 2.17 2.21 2.09
0.96 0.26 -0.22 -0.68 -0.88 -0.23 2.21 0.60 -0.50 2.05 2.18 2.20 2.08
0.93 0.25 -0.19 -0.03 -2.23 -2.30 2.13 0.58 -0.44 2.05 2.16 2.21 2.07
0.92 0.23 -0.17 0.25 0.56 -1.66 2.12 0.52 -0.40 2.04 2.17 2.20 2.08
0.94 0.23 -0.18 -0.58 2.75 -0.35 2.16 0.53 -0.42 2.05 2.18 2.19 2.08
0.95 0.24 -0.20 -0.49 2.78 0.08 2.17 0.55 -0.48 2.05 2.17 2.19 2.08
0.92 0.24 -0.20 -0.65 1.38 -0.27 2.10 0.56 -0.47 2.05 2.17 2.19 2.08
0.91 0.24 -0.22 0.09 1.67 -0.29 2.10 0.56 -0.50 2.05 2.16 2.20 2.08
0.92 0.26 -0.23 -0.25 0.57 -0.66 2.12 0.60 -0.52 2.04 2.17 2.20 2.08
0.89 0.25 -0.21 1.28 -0.89 -0.61 2.05 0.58 -0.48 2.05 2.17 2.20 2.08
