start recording
0.70 0.65 -0.84 -31.43 24.09 -175.68 1.62 1.49 -1.92 1.82 2.06 2.07 1.97
0.61 0.63 -0.92 -56.49 -7.10 -201.73 1.35 1.46 -2.05 1.81 2.04 2.06 1.97
0.45 0.62 -0.93 -81.93 -45.60 -231.38 1.04 1.41 -2.13 1.80 2.04 2.05 1.96
0.49 0.37 -0.98 -98.41 -86.62 -267.25 1.14 0.78 -2.42 1.79 2.02 2.04 1.93
0.53 0.26 -0.88 -136.90 -131.39 -286.72 1.27 0.60 -2.04 1.78 1.99 2.01 1.90
0.57 0.09 -0.86 -152.35 -149.27 -286.72 1.31 0.21 -1.98 1.77 1.97 1.97 1.85
0.86 -0.60 -0.58 -144.02 -285.87 -286.72 2.24 -1.29 -1.25 1.78 1.91 1.94 1.80
0.84 -0.51 -0.63 -136.51 -286.72 -286.72 1.92 -1.17 -1.46 1.78 1.87 1.89 1.74
0.92 -0.51 -0.52 -111.41 -286.72 -286.72 2.17 -1.14 -1.15 1.77 1.82 1.85 1.68
0.91 -0.33 -0.65 -57.77 -286.72 -282.14 2.08 -0.75 -1.50 1.76 1.78 1.80 1.63
0.69 -0.44 -0.29 68.64 -286.72 -268.24 1.42 -1.03 -0.68 1.75 1.71 1.76 1.61
0.37 -0.80 -0.24 170.77 -286.72 -211.82 0.85 -1.84 -0.54 1.74 1.65 1.72 1.60
0.30 -1.17 -0.07 214.94 -286.72 -166.12 0.68 -2.70 -0.15 1.75 1.60 1.67 1.57
0.22 -1.37 -0.15 249.60 -286.72 -108.74 0.50 -3.15 -0.23 1.74 1.58 1.64 1.55
-0.18 -1.34 -0.04 252.10 -286.72 -54.56 -0.41 -3.07 -0.09 1.72 1.57 1.61 1.54
-0.21 -1.61 0.01 265.04 -286.72 -18.75 -0.36 -3.75 -0.01 1.72 1.55 1.59 1.53
0.10 -1.76 0.11 232.10 -286.72 24.43 0.23 -4.03 0.25 1.72 1.55 1.56 1.53
0.03 -1.59 0.19 150.97 -286.72 84.85 0.02 -3.57 0.34 1.71 1.53 1.54 1.54
-0.10 -1.68 -0.02 126.81 -286.72 142.17 -0.35 -3.86 -0.04 1.68 1.53 1.54 1.52
-0.77 -1.41 0.13 121.56 -286.72 157.14 -1.77 -3.24 0.29 1.65 1.52 1.54 1.53
-0.56 -1.50 0.41 157.32 -286.72 142.24 -1.20 -3.35 1.01 1.64 1.53 1.53 1.53
-0.23 -1.79 0.50 126.32 -286.72 173.77 -0.52 -4.11 1.16 1.64 1.52 1.52 1.54
-0.09 -2.00 0.48 86.78 -286.72 238.72 -0.14 -4.59 0.99 1.64 1.53 1.53 1.55
-0.23 -1.85 0.31 47.99 -286.72 286.68 -0.52 -4.24 0.71 1.64 1.52 1.52 1.53
-0.56 -1.72 -0.00 49.45 -286.72 286.68 -1.26 -3.90 -0.01 1.62 1.53 1.52 1.54
-0.76 -1.46 0.15 91.42 -286.72 286.68 -1.82 -3.36 0.34 1.62 1.53 1.52 1.52
-0.84 -1.50 0.46 124.55 -286.72 286.68 -1.92 -3.44 1.05 1.60 1.52 1.53 1.54
-0.54 -1.57 1.09 76.08 -286.72 279.63 -1.18 -3.62 2.46 1.59 1.53 1.52 1.53
-0.27 -1.70 0.96 -44.50 -286.72 254.56 -0.62 -3.91 2.21 1.60 1.52 1.50 1.52
-0.18 -1.36 0.75 -142.62 -286.72 261.49 -0.42 -3.06 1.64 1.60 1.53 1.51 1.54
-0.20 -0.95 0.46 -153.49 -277.28 286.68 -0.45 -2.19 1.05 1.61 1.51 1.52 1.53
-0.56 -0.51 0.01 -86.88 -286.72 286.68 -1.20 -1.09 -0.06 1.58 1.52 1.50 1.53
-0.64 -0.50 0.74 31.02 -286.71 286.68 -1.55 -1.09 1.70 1.60 1.52 1.50 1.52
-0.55 -0.53 0.98 57.03 -248.65 282.67 -1.27 -1.21 2.26 1.59 1.53 1.50 1.52
-0.45 -0.64 1.20 7.04 -245.14 224.88 -1.12 -1.58 2.78 1.58 1.51 1.52 1.53
-0.54 -0.47 1.17 -68.92 -227.79 180.54 -1.23 -1.08 2.69 1.58 1.52 1.50 1.53
-0.56 -0.01 1.03 -72.76 -189.70 135.93 -1.27 0.05 2.30 1.58 1.52 1.50 1.53
-0.68 0.14 0.89 -20.18 -135.21 115.60 -1.55 0.32 2.04 1.58 1.52 1.52 1.53
-0.70 0.07 1.14 24.77 -98.09 99.23 -1.60 0.14 2.65 1.58 1.51 1.49 1.52
-0.68 -0.05 1.26 34.74 -56.37 54.84 -1.55 -0.17 2.90 1.59 1.51 1.50 1.53
-0.57 -0.34 1.28 1.39 -30.93 10.52 -1.32 -0.77 2.94 1.58 1.53 1.50 1.54
-0.47 -0.34 1.14 -42.49 -16.41 -31.42 -1.06 -0.79 2.59 1.58 1.52 1.50 1.53
-0.37 -0.22 0.96 -57.17 -8.44 -49.08 -0.86 -0.51 2.21 1.58 1.50 1.50 1.52
-0.29 -0.22 0.85 -37.36 3.42 -48.09 -0.65 -0.52 1.95 1.58 1.53 1.50 1.53
-0.19 -0.28 0.84 2.08 16.63 -32.09 -0.45 -0.65 1.92 1.59 1.53 1.50 1.52
-0.16 -0.39 0.91 29.58 31.36 -17.75 -0.37 -0.90 2.08 1.60 1.52 1.50 1.53
-0.11 -0.54 0.95 40.88 51.00 -10.50 -0.26 -1.24 2.18 1.59 1.51 1.53 1.52
-0.09 -0.66 0.99 37.75 65.33 -11.11 -0.21 -1.52 2.26 1.60 1.50 1.52 1.53
-0.09 -0.71 0.96 23.50 74.12 -22.18 -0.18 -1.65 2.20 1.58 1.51 1.52 1.52
-0.03 -0.73 0.89 6.31 74.63 -37.13 -0.08 -1.68 2.05 1.60 1.52 1.51 1.53
-0.00 -0.68 0.83 -4.59 65.28 -45.44 -0.00 -1.57 1.87 1.61 1.52 1.52 1.53
0.04 -0.60 0.78 -8.30 52.26 -45.40 0.07 -1.36 1.77 1.60 1.52 1.51 1.53
0.02 -0.54 0.75 0.14 44.26 -39.22 0.05 -1.23 1.73 1.60 1.52 1.52 1.53
0.04 -0.54 0.77 9.64 46.05 -29.76 0.09 -1.22 1.77 1.60 1.53 1.51 1.52
-0.01 -0.50 0.84 21.58 54.01 -18.34 -0.03 -1.14 1.94 1.60 1.53 1.51 1.52
-0.08 -0.49 0.88 32.86 77.06 -20.41 -0.19 -1.13 2.02 1.61 1.50 1.51 1.52
-0.10 -0.57 0.94 35.37 101.68 -34.19 -0.23 -1.32 2.16 1.59 1.51 1.53 1.54
-0.12 -0.62 0.98 24.50 115.40 -52.47 -0.27 -1.43 2.24 1.59 1.51 1.53 1.53
-0.12 -0.67 1.01 10.88 124.70 -78.04 -0.28 -1.54 2.32 1.60 1.53 1.52 1.53
-0.12 -0.63 0.92 -1.95 136.12 -97.90 -0.27 -1.44 2.11 1.60 1.52 1.53 1.54
-0.13 -0.54 0.92 5.05 154.03 -107.22 -0.31 -1.22 2.14 1.59 1.52 1.53 1.53
-0.13 -0.58 0.91 18.38 177.70 -114.13 -0.27 -1.40 2.07 1.61 1.53 1.54 1.53
-0.03 -0.70 0.80 19.42 183.61 -109.58 -0.07 -1.61 1.84 1.60 1.52 1.56 1.53
-0.06 -0.75 0.93 19.12 193.13 -110.95 -0.09 -1.71 2.11 1.61 1.53 1.56 1.52
-0.05 -0.84 0.90 -2.40 203.83 -133.91 -0.12 -1.93 2.06 1.62 1.52 1.58 1.52
-0.00 -0.99 0.93 -44.50 198.83 -163.09 -0.02 -2.37 2.13 1.60 1.53 1.58 1.53
-0.01 -1.04 1.00 -114.08 197.01 -210.78 -0.02 -2.38 2.30 1.61 1.52 1.60 1.52
0.05 -1.04 1.01 -189.26 192.68 -272.23 0.12 -2.38 2.31 1.61 1.53 1.60 1.53
0.03 -0.89 0.99 -241.07 190.30 -286.72 0.09 -1.94 2.41 1.61 1.54 1.63 1.53
-0.11 -0.76 0.92 -275.42 230.08 -286.72 -0.25 -1.74 2.12 1.61 1.54 1.66 1.53
-0.20 -0.92 0.70 -270.25 279.87 -286.72 -0.47 -2.16 1.56 1.62 1.55 1.71 1.53
-0.22 -0.89 0.58 -277.15 286.68 -286.72 -0.49 -2.05 1.33 1.64 1.55 1.75 1.53
-0.14 -1.13 0.57 -283.40 286.68 -286.72 -0.21 -2.52 1.34 1.65 1.60 1.80 1.56
0.07 -1.23 0.66 -286.72 286.68 -286.72 0.16 -2.82 1.52 1.66 1.65 1.86 1.58
0.26 -1.12 0.71 -286.72 286.68 -286.72 0.60 -2.56 1.63 1.67 1.72 1.90 1.63
0.21 -1.42 0.78 -286.72 286.68 -284.13 0.50 -3.32 1.85 1.69 1.77 1.95 1.67
0.30 -1.10 0.77 -286.72 286.68 -265.12 0.69 -2.52 1.77 1.68 1.80 1.97 1.70
0.12 -0.72 0.73 -286.72 286.68 -244.04 0.20 -1.61 1.70 1.70 1.84 1.99 1.73
-0.05 -0.38 0.78 -286.72 286.68 -219.64 -0.11 -0.87 1.79 1.69 1.88 2.04 1.75
0.06 -0.39 0.80 -286.72 286.68 -210.16 -0.09 -0.93 1.87 1.69 1.93 2.06 1.80
0.23 -0.75 0.77 -259.20 286.68 -157.35 0.53 -1.73 1.78 1.72 1.97 2.10 1.82
0.59 -0.78 0.85 -236.56 286.68 -93.62 1.36 -1.85 1.97 1.73 2.02 2.13 1.85
0.55 -0.80 0.85 -220.21 286.68 -45.37 1.24 -1.79 1.95 1.73 2.04 2.14 1.89
0.36 -0.45 0.76 -208.37 286.68 -13.16 0.83 -1.04 1.74 1.72 2.06 2.16 1.93
0.36 -0.11 0.64 -171.44 286.68 8.03 0.84 -0.29 1.42 1.73 2.07 2.19 1.94
0.55 -0.08 0.46 -132.66 286.68 13.91 1.25 -0.18 1.06 1.73 2.09 2.19 1.98
0.79 0.07 0.32 -57.29 286.68 17.62 1.87 0.14 0.71 1.73 2.12 2.21 2.01
1.12 -0.06 0.03 10.65 286.68 18.14 2.58 -0.13 0.07 1.73 2.15 2.21 2.04
1.24 -0.16 0.06 61.71 252.46 25.27 2.84 -0.38 0.15 1.76 2.15 2.22 2.04
1.10 -0.29 -0.02 101.92 170.49 42.46 2.57 -0.62 0.03 1.75 2.16 2.23 2.04
0.92 -0.16 0.07 117.08 146.10 47.32 2.12 -0.38 0.15 1.76 2.14 2.24 2.06
0.81 0.05 0.15 128.79 161.43 50.13 1.81 0.13 0.37 1.75 2.15 2.23 2.05
0.79 -0.11 -0.06 149.97 196.08 67.12 1.82 -0.24 -0.13 1.76 2.15 2.25 2.06
1.10 -0.07 -0.03 135.18 216.39 90.19 2.42 0.03 -0.04 1.77 2.16 2.24 2.08
0.98 0.15 -0.09 153.21 189.56 97.40 2.32 0.40 -0.25 1.78 2.17 2.25 2.07
0.94 -0.01 -0.33 186.59 124.96 108.73 2.17 -0.02 -0.76 1.82 2.17 2.25 2.10
1.19 0.22 -0.20 174.55 72.90 86.68 2.55 0.62 -0.32 1.85 2.17 2.25 2.08
0.68 0.38 -0.24 151.99 38.11 57.61 1.57 0.88 -0.55 1.85 2.17 2.24 2.07
0.80 0.19 -0.31 167.47 55.26 74.70 1.93 0.49 -0.57 1.87 2.16 2.24 2.08
0.80 -0.10 -0.18 141.78 65.14 101.76 1.83 -0.23 -0.41 1.89 2.19 2.24 2.09
0.79 -0.04 -0.17 121.38 74.09 135.70 1.82 -0.08 -0.39 1.91 2.19 2.23 2.09
0.74 0.04 -0.21 94.18 81.36 166.90 1.60 0.14 -0.49 1.94 2.17 2.24 2.08
0.83 0.16 -0.34 91.49 86.78 179.64 1.91 0.36 -0.78 1.96 2.19 2.24 2.10
1.01 0.64 -0.60 70.98 67.52 142.68 2.31 1.52 -1.33 1.98 2.17 2.28 2.07
0.83 0.63 -0.42 75.86 45.12 93.33 1.90 1.45 -0.97 1.97 2.18 2.26 2.07
0.98 0.61 -0.41 76.48 55.20 66.03 2.24 1.42 -0.95 1.98 2.17 2.27 2.06
0.94 0.51 -0.54 64.17 51.05 68.28 2.16 1.16 -1.03 1.98 2.19 2.25 2.08
0.80 0.26 -0.40 58.45 46.47 81.38 1.84 0.60 -0.92 2.00 2.17 2.25 2.08
0.78 0.42 -0.33 26.83 45.28 76.65 1.91 1.11 -0.75 2.00 2.17 2.26 2.07
0.85 0.80 -0.35 11.14 47.85 55.96 1.95 1.83 -0.81 2.03 2.18 2.26 2.08
0.89 0.76 -0.37 20.71 47.74 31.77 2.08 1.71 -0.83 2.04 2.17 2.24 2.07
0.88 0.57 -0.34 23.66 39.37 14.04 2.03 1.30 -0.77 2.02 2.17 2.26 2.07
0.95 0.51 -0.40 16.79 28.95 4.87 2.17 1.17 -0.92 2.03 2.18 2.26 2.06
0.96 0.50 -0.43 6.99 13.96 -0.30 2.17 1.12 -0.95 2.03 2.17 2.26 2.06
0.71 0.47 -0.25 -6.70 4.62 -3.29 1.62 1.07 -0.58 2.04 2.17 2.25 2.05
0.65 0.50 -0.23 -4.45 17.02 0.10 1.50 1.14 -0.56 2.04 2.17 2.26 2.07
0.82 0.43 -0.38 -0.75 19.72 1.79 1.92 1.00 -0.88 2.03 2.17 2.27 2.05
0.81 0.44 -0.37 -5.13 10.50 -2.09 1.86 1.00 -0.85 2.05 2.15 2.27 2.05
0.80 0.41 -0.36 -8.82 7.39 -4.44 1.84 0.94 -0.83 2.04 2.16 2.24 2.06
0.82 0.43 -0.34 -6.74 1.18 -6.76 1.88 0.99 -0.79 2.03 2.15 2.27 2.04
0.84 0.37 -0.33 -3.36 -6.51 -10.89 1.93 0.85 -0.75 2.01 2.17 2.25 2.06
0.74 0.31 -0.22 -5.89 -12.77 -11.65 1.72 0.70 -0.46 2.03 2.16 2.24 2.05
0.80 0.34 -0.20 -4.26 -7.28 -4.48 1.84 0.77 -0.47 2.02 2.16 2.25 2.04
0.83 0.33 -0.22 -3.37 -5.33 0.01 1.91 0.77 -0.49 2.03 2.15 2.26 2.03
0.91 0.41 -0.26 -3.34 -7.37 1.47 2.09 0.96 -0.60 2.03 2.14 2.27 2.05
0.89 0.39 -0.21 1.52 -15.38 -3.06 2.04 0.90 -0.49 2.01 2.16 2.26 2.05
0.86 0.36 -0.15 -0.49 -14.63 -7.01 1.99 0.82 -0.32 2.03 2.15 2.25 2.05
0.91 0.33 -0.15 0.65 -11.32 -5.56 2.08 0.77 -0.34 2.02 2.15 2.24 2.05
0.90 0.35 -0.13 -1.66 -10.25 -3.09 2.07 0.80 -0.28 2.02 2.16 2.25 2.06
0.89 0.39 -0.11 -2.63 -4.83 -2.17 2.05 0.89 -0.25 2.02 2.15 2.27 2.04
0.96 0.31 -0.16 -2.07 -1.44 -1.43 2.21 0.71 -0.36 2.03 2.14 2.25 2.05
0.92 0.35 -0.13 -7.55 -2.39 -0.38 2.10 0.81 -0.30 2.01 2.15 2.23 2.04
0.92 0.41 -0.15 -5.09 1.88 2.05 2.11 0.94 -0.35 2.00 2.14 2.25 2.05
0.92 0.42 -0.16 -2.44 2.64 -2.00 2.10 0.97 -0.38 2.02 2.15 2.24 2.05
0.89 0.38 -0.15 -3.74 5.12 -4.62 2.05 0.86 -0.36 2.01 2.15 2.23 2.05
0.90 0.37 -0.18 -7.66 8.01 -4.16 2.07 0.86 -0.40 2.01 2.14 2.25 2.05
0.83 0.34 -0.14 -10.32 10.34 -1.45 1.90 0.78 -0.33 2.00 2.16 2.23 2.04
0.85 0.40 -0.16 -15.57 19.58 2.56 1.97 0.93 -0.38 2.00 2.16 2.24 2.03
0.88 0.43 -0.22 -13.41 21.40 1.64 2.03 1.00 -0.50 1.99 2.14 2.25 2.04
0.83 0.40 -0.17 -18.14 23.37 0.14 1.98 0.95 -0.37 1.99 2.14 2.23 2.04
0.86 0.49 -0.21 -21.66 28.77 -1.79 1.99 1.12 -0.49 1.98 2.15 2.23 2.05
0.87 0.45 -0.24 -23.26 31.33 -4.60 2.00 1.02 -0.56 1.97 2.13 2.23 2.04
0.80 0.46 -0.25 -31.42 32.38 -10.28 1.83 1.09 -0.59 1.98 2.13 2.23 2.04
0.77 0.47 -0.24 -36.15 42.60 -14.55 1.78 1.07 -0.56 1.98 2.13 2.22 2.05
0.81 0.44 -0.28 -39.92 49.65 -16.24 1.90 1.00 -0.66 1.95 2.13 2.23 2.02
0.95 0.51 -0.38 -38.97 47.52 -17.56 2.19 1.18 -0.88 1.94 2.13 2.22 2.02
0.84 0.48 -0.36 -36.62 38.09 -24.10 1.81 1.15 -0.96 1.92 2.13 2.22 2.03
0.80 0.57 -0.36 -33.73 34.47 -34.76 1.79 1.34 -0.83 1.93 2.12 2.22 2.03
0.76 0.64 -0.43 -33.14 37.69 -51.45 1.74 1.47 -0.98 1.92 2.12 2.22 2.02
0.71 0.49 -0.41 -35.23 38.45 -70.68 1.62 1.07 -0.94 1.89 2.12 2.21 2.02
0.72 0.37 -0.47 -53.44 36.27 -80.04 1.66 0.84 -1.08 1.89 2.11 2.20 2.02
0.76 0.40 -0.56 -67.32 31.94 -82.71 1.77 0.92 -1.28 1.85 2.11 2.19 2.03
0.76 0.48 -0.71 -71.96 14.35 -91.74 1.75 1.10 -1.62 1.84 2.10 2.19 2.02
0.80 0.75 -0.86 -66.43 -7.24 -113.41 1.83 1.72 -1.97 1.82 2.11 2.17 2.03
0.58 0.66 -0.92 -51.24 -36.74 -148.77 1.37 1.46 -2.18 1.81 2.11 2.16 2.01
0.50 0.68 -0.87 -51.06 -62.60 -189.97 1.14 1.56 -2.00 1.81 2.09 2.16 1.99
0.40 0.51 -0.82 -50.29 -75.55 -233.90 0.94 1.09 -1.85 1.80 2.07 2.14 2.00
0.39 0.24 -0.72 -50.15 -108.23 -260.11 0.89 0.55 -1.64 1.79 2.06 2.12 1.98
0.47 0.07 -0.69 -59.86 -131.15 -272.01 1.07 0.09 -1.62 1.78 2.05 2.08 1.94
0.62 -0.11 -0.60 -76.19 -163.22 -286.02 1.46 -0.30 -1.26 1.75 2.00 2.07 1.91
0.70 -0.33 -0.50 -113.12 -174.68 -281.62 1.60 -0.75 -1.15 1.75 1.97 2.04 1.85
1.01 -0.41 -0.88 -153.53 -220.85 -271.36 2.41 -1.03 -2.00 1.74 1.91 2.01 1.79
1.04 -0.03 -0.51 -157.27 -251.96 -258.71 2.38 -0.07 -1.16 1.73 1.88 1.97 1.72
0.47 0.02 -0.52 -100.31 -242.13 -266.12 1.13 0.12 -1.00 1.72 1.85 1.93 1.68
0.84 -0.30 0.10 45.62 -286.72 -286.72 1.93 -0.69 0.23 1.71 1.80 1.88 1.66
0.68 -0.80 -0.45 113.87 -286.72 -286.72 1.52 -1.88 -0.93 1.68 1.75 1.82 1.63
0.74 -1.01 -0.14 97.77 -286.72 -286.72 1.74 -2.25 -0.31 1.68 1.72 1.77 1.62
0.57 -1.01 -0.12 119.72 -286.72 -263.96 1.31 -2.33 -0.27 1.66 1.65 1.72 1.59
0.43 -1.01 -0.09 152.88 -286.72 -219.81 0.89 -2.36 -0.23 1.66 1.62 1.68 1.56
0.40 -1.23 -0.24 193.03 -286.72 -155.11 0.91 -2.83 -0.55 1.64 1.58 1.65 1.54
0.25 -1.46 -0.26 219.36 -286.72 -68.25 0.56 -3.34 -0.55 1.62 1.55 1.59 1.55
-0.17 -1.67 -0.21 244.77 -286.72 11.29 -0.38 -3.84 -0.49 1.63 1.53 1.56 1.53
-0.21 -1.83 -0.12 236.02 -286.72 74.51 -0.52 -4.31 -0.30 1.60 1.54 1.54 1.53
-0.38 -1.90 0.09 204.06 -286.72 144.41 -0.88 -4.36 0.20 1.61 1.53 1.52 1.54
-0.07 -1.90 0.00 167.80 -286.72 201.73 -0.16 -4.37 0.00 1.60 1.52 1.52 1.53
-0.45 -1.74 0.10 136.93 -286.72 270.45 -1.24 -4.13 0.15 1.59 1.52 1.50 1.54
-0.37 -1.95 0.13 118.65 -286.72 286.68 -0.84 -4.49 0.31 1.58 1.53 1.50 1.55
-0.35 -1.79 0.39 79.76 -286.72 286.68 -0.90 -4.17 0.82 1.59 1.52 1.50 1.53
-0.60 -1.66 0.11 82.63 -286.72 286.68 -1.38 -3.80 0.25 1.58 1.52 1.50 1.53
-0.48 -1.56 0.53 87.46 -286.72 286.68 -1.13 -3.59 1.17 1.58 1.52 1.50 1.52
-0.58 -1.71 0.30 62.21 -286.72 286.68 -1.32 -3.92 0.68 1.59 1.52 1.49 1.54
-0.72 -1.35 0.82 78.88 -286.72 286.68 -1.65 -3.00 1.98 1.58 1.52 1.49 1.53
-0.50 -1.45 0.57 44.58 -286.72 286.68 -1.16 -3.34 1.30 1.59 1.53 1.49 1.53
-0.65 -1.10 0.77 16.82 -286.72 286.68 -1.49 -2.52 1.77 1.58 1.52 1.50 1.53
-0.40 -0.84 0.67 2.11 -286.72 286.68 -0.98 -1.89 1.41 1.59 1.51 1.50 1.53
-0.73 -0.57 0.61 21.17 -286.72 286.68 -1.68 -1.30 1.39 1.59 1.51 1.50 1.53
-0.63 -0.72 0.03 58.07 -286.72 286.68 -1.50 -1.77 0.12 1.58 1.52 1.50 1.51
-0.85 -0.57 1.25 123.35 -286.72 283.26 -1.94 -1.30 2.87 1.59 1.51 1.49 1.51
-0.79 -0.58 1.74 74.32 -249.45 194.37 -1.82 -1.38 4.00 1.59 1.51 1.49 1.51
-0.61 -0.50 1.58 -35.53 -178.98 104.86 -1.41 -1.14 3.61 1.59 1.51 1.50 1.52
-0.56 -0.26 1.40 -88.59 -111.74 48.94 -1.29 -0.59 3.20 1.58 1.52 1.50 1.51
-0.45 -0.04 1.02 -84.34 -58.84 18.10 -1.03 -0.09 2.28 1.59 1.51 1.49 1.51
-0.40 0.03 0.90 -32.38 -36.72 8.99 -0.91 0.06 2.06 1.59 1.52 1.50 1.51
-0.35 -0.25 0.95 8.31 -23.76 3.72 -0.81 -0.61 2.21 1.60 1.52 1.50 1.52
-0.28 -0.53 1.05 9.59 -14.02 -5.69 -0.65 -1.22 2.42 1.60 1.51 1.52 1.50
-0.22 -0.55 1.02 -15.17 -15.23 -7.81 -0.50 -1.25 2.30 1.60 1.53 1.50 1.51
-0.13 -0.47 0.96 -20.21 -8.95 -9.68 -0.27 -1.07 2.19 1.59 1.52 1.51 1.50
-0.07 -0.44 0.89 -11.06 1.37 -11.02 -0.16 -1.00 2.05 1.59 1.52 1.51 1.51
-0.05 -0.50 0.89 2.60 11.31 -15.31 -0.11 -1.16 2.03 1.59 1.52 1.52 1.51
-0.05 -0.59 0.90 7.11 18.28 -24.12 -0.12 -1.35 2.05 1.59 1.53 1.50 1.51
-0.03 -0.68 0.88 -1.24 21.54 -32.88 -0.06 -1.56 2.01 1.59 1.52 1.52 1.52
0.01 -0.67 0.88 -15.83 17.44 -36.49 0.03 -1.53 2.03 1.60 1.52 1.51 1.52
0.06 -0.59 0.82 -22.92 17.82 -34.90 0.13 -1.36 1.89 1.59 1.51 1.52 1.51
0.10 -0.53 0.79 -16.84 18.24 -27.42 0.26 -1.22 1.80 1.60 1.53 1.52 1.51
0.13 -0.52 0.78 -5.23 17.85 -18.02 0.30 -1.18 1.79 1.60 1.51 1.51 1.50
0.11 -0.54 0.77 3.21 16.31 -10.14 0.26 -1.24 1.77 1.60 1.53 1.52 1.51
0.09 -0.56 0.81 11.83 15.72 -5.33 0.20 -1.27 1.89 1.60 1.53 1.51 1.51
0.06 -0.57 0.87 14.22 22.09 -7.58 0.14 -1.30 2.01 1.59 1.52 1.53 1.51
0.06 -0.61 0.90 9.69 29.73 -15.85 0.15 -1.41 2.05 1.59 1.51 1.52 1.52
0.09 -0.64 0.86 -2.35 33.52 -25.74 0.21 -1.47 1.98 1.61 1.51 1.53 1.51
0.11 -0.60 0.83 -10.74 29.90 -26.72 0.25 -1.37 1.91 1.60 1.53 1.50 1.52
0.11 -0.56 0.81 -8.15 27.09 -23.75 0.25 -1.29 1.88 1.60 1.53 1.51 1.51
0.09 -0.54 0.82 -2.39 27.40 -19.16 0.21 -1.23 1.89 1.59 1.51 1.52 1.50
0.08 -0.53 0.82 4.39 28.17 -11.20 0.18 -1.21 1.88 1.62 1.52 1.53 1.51
0.07 -0.51 0.86 11.72 29.72 -6.26 0.15 -1.16 1.96 1.60 1.53 1.52 1.52
0.04 -0.48 0.90 19.64 38.16 -7.40 0.08 -1.11 2.09 1.61 1.53 1.52 1.51
0.00 -0.51 0.95 23.58 58.54 -16.70 0.00 -1.19 2.17 1.59 1.52 1.52 1.52
-0.00 -0.56 0.94 18.48 72.77 -23.76 -0.01 -1.29 2.16 1.61 1.52 1.52 1.52
-0.02 -0.54 0.95 14.87 84.82 -28.98 -0.04 -1.25 2.18 1.60 1.54 1.53 1.52
0.00 -0.50 0.94 17.40 89.74 -33.22 0.01 -1.14 2.15 1.59 1.53 1.52 1.52
-0.00 -0.50 0.90 19.15 91.94 -36.51 0.02 -1.14 2.06 1.59 1.53 1.52 1.52
-0.02 -0.52 0.92 19.38 86.85 -43.16 -0.04 -1.20 2.12 1.61 1.53 1.53 1.51
-0.08 -0.54 0.91 14.10 85.59 -57.62 -0.17 -1.23 2.09 1.60 1.53 1.52 1.51
-0.14 -0.41 0.96 17.54 97.47 -77.82 -0.33 -0.92 2.20 1.61 1.54 1.53 1.52
-0.14 -0.42 0.95 35.57 133.82 -104.38 -0.31 -0.96 2.17 1.60 1.53 1.53 1.52
-0.10 -0.42 0.87 51.03 173.62 -129.03 -0.22 -0.99 2.03 1.61 1.52 1.53 1.51
-0.05 -0.45 0.82 70.36 207.08 -151.40 -0.11 -1.03 1.88 1.62 1.54 1.52 1.52
-0.02 -0.52 0.78 75.80 228.62 -175.62 -0.03 -1.18 1.77 1.61 1.53 1.55 1.51
-0.02 -0.61 0.71 80.90 230.30 -190.70 -0.05 -1.40 1.63 1.62 1.53 1.55 1.52
-0.03 -0.70 0.61 78.50 232.01 -203.06 -0.08 -1.62 1.42 1.61 1.54 1.55 1.53
-0.03 -0.77 0.68 76.97 224.03 -222.88 -0.09 -1.76 1.51 1.61 1.54 1.56 1.54
-0.06 -0.90 0.59 64.26 234.30 -244.05 -0.13 -2.08 1.35 1.62 1.55 1.56 1.53
-0.06 -1.06 0.60 35.80 242.65 -273.04 -0.17 -2.48 1.40 1.62 1.56 1.56 1.53
-0.03 -1.39 0.60 -20.15 249.21 -286.72 -0.06 -3.19 1.38 1.63 1.58 1.57 1.56
-0.05 -1.47 0.57 -87.66 228.90 -286.72 0.01 -3.26 1.39 1.65 1.58 1.57 1.55
-0.02 -1.41 0.55 -162.71 240.16 -286.72 -0.05 -3.24 1.25 1.63 1.60 1.58 1.56
-0.06 -1.29 0.47 -195.06 235.16 -286.54 -0.14 -2.95 1.04 1.62 1.61 1.61 1.59
-0.23 -1.24 0.54 -209.30 261.98 -274.78 -0.58 -2.83 1.26 1.65 1.65 1.63 1.63
-0.29 -1.36 0.53 -191.90 286.68 -253.82 -0.67 -3.13 1.21 1.64 1.68 1.65 1.64
-0.22 -1.52 0.61 -210.87 286.68 -223.62 -0.32 -3.53 1.41 1.63 1.71 1.70 1.67
-0.07 -1.50 0.71 -234.96 286.68 -192.28 -0.16 -3.44 1.62 1.63 1.72 1.73 1.69
-0.11 -1.47 0.69 -257.13 286.68 -162.15 -0.24 -3.36 1.58 1.64 1.76 1.76 1.70
-0.20 -1.39 0.69 -274.27 286.68 -128.97 -0.46 -3.19 1.58 1.64 1.79 1.79 1.72
-0.20 -1.26 0.73 -285.79 286.68 -104.05 -0.44 -2.87 1.69 1.65 1.82 1.85 1.73
-0.15 -1.18 0.75 -286.72 286.68 -74.10 -0.35 -2.72 1.72 1.63 1.85 1.89 1.74
-0.05 -1.09 0.75 -286.70 286.68 -38.78 -0.12 -2.51 1.73 1.65 1.89 1.95 1.79
-0.03 -1.03 0.73 -278.81 286.68 -0.55 -0.01 -2.37 1.68 1.65 1.92 1.98 1.81
0.11 -1.00 0.69 -280.58 286.68 33.56 0.25 -2.31 1.57 1.65 1.95 2.03 1.83
0.24 -0.85 0.51 -286.72 286.68 58.90 0.61 -1.91 1.15 1.65 1.98 2.07 1.87
0.35 -0.71 0.42 -286.72 286.68 74.91 0.81 -1.63 0.96 1.65 2.00 2.08 1.89
0.47 -0.58 0.26 -286.72 286.68 81.20 1.20 -1.32 0.56 1.65 2.03 2.10 1.94
0.64 -0.44 0.27 -286.70 286.68 100.92 1.50 -1.02 0.63 1.66 2.04 2.12 1.95
0.62 -0.26 0.28 -257.45 286.68 121.01 1.42 -0.61 0.64 1.67 2.06 2.16 1.97
0.64 0.08 0.10 -203.17 286.68 119.58 1.62 0.19 0.23 1.67 2.07 2.15 1.99
0.77 0.19 0.11 -123.70 286.68 102.94 1.76 0.44 0.25 1.66 2.11 2.17 2.03
0.79 0.16 -0.07 -52.12 286.68 91.25 1.79 0.33 -0.15 1.68 2.12 2.19 2.02
0.96 0.01 -0.17 10.54 286.44 88.83 2.21 0.01 -0.39 1.68 2.12 2.21 2.05
1.09 -0.12 -0.10 30.62 235.93 83.89 2.49 -0.27 -0.23 1.68 2.12 2.22 2.04
1.00 -0.12 -0.17 53.05 200.67 88.65 2.30 -0.25 -0.40 1.69 2.14 2.21 2.04
1.02 0.08 -0.13 65.62 177.13 92.80 2.35 0.17 -0.29 1.67 2.13 2.20 2.06
0.78 0.17 -0.04 92.07 166.42 83.19 1.76 0.43 -0.09 1.69 2.15 2.23 2.06
0.79 0.15 -0.11 118.60 153.48 76.66 1.81 0.35 -0.25 1.68 2.14 2.23 2.06
0.74 0.13 -0.05 130.37 146.68 72.63 1.74 0.37 -0.12 1.70 2.15 2.21 2.06
0.87 0.11 -0.20 120.11 129.60 74.18 2.00 0.25 -0.45 1.71 2.15 2.23 2.08
1.08 0.14 -0.29 102.49 117.16 88.01 2.44 0.33 -0.61 1.72 2.15 2.21 2.06
0.98 0.12 -0.20 86.99 109.83 90.88 2.16 0.26 -0.43 1.73 2.16 2.23 2.08
0.77 0.20 -0.19 73.51 91.60 89.33 1.78 0.45 -0.43 1.77 2.16 2.21 2.08
0.63 0.13 -0.10 57.44 88.05 100.13 1.46 0.33 -0.28 1.80 2.17 2.21 2.09
0.74 0.30 -0.18 40.08 101.93 100.05 1.71 0.70 -0.42 1.81 2.16 2.21 2.08
0.86 0.30 -0.33 39.60 103.57 95.83 1.95 0.68 -0.76 1.84 2.17 2.20 2.08
0.92 0.25 -0.41 34.91 94.21 92.90 2.12 0.57 -0.94 1.89 2.15 2.21 2.08
1.02 0.34 -0.47 29.30 85.87 89.78 2.33 0.77 -1.03 1.91 2.14 2.19 2.08
0.81 0.28 -0.34 35.33 71.29 92.61 1.89 0.80 -0.85 1.93 2.16 2.20 2.09
0.78 0.19 -0.44 54.90 74.53 97.76 1.80 0.43 -1.02 1.95 2.16 2.19 2.10
0.77 0.31 -0.38 30.14 62.73 99.42 1.73 0.72 -0.82 1.96 2.16 2.19 2.07
0.82 0.53 -0.45 18.43 60.84 77.87 1.89 1.21 -1.03 1.97 2.16 2.20 2.08
0.81 0.71 -0.46 13.23 55.33 45.88 1.84 1.64 -1.09 1.98 2.16 2.19 2.09
0.91 0.67 -0.44 20.16 55.99 18.20 2.08 1.54 -1.02 2.01 2.14 2.21 2.06
0.90 0.49 -0.44 26.08 48.39 9.58 2.06 1.12 -1.02 2.01 2.15 2.20 2.07
0.85 0.33 -0.45 23.74 33.80 14.32 1.94 0.77 -1.04 2.01 2.16 2.19 2.05
0.71 0.33 -0.38 11.77 27.43 22.05 1.64 0.75 -0.87 2.03 2.14 2.20 2.06
0.73 0.40 -0.38 -2.76 34.72 31.09 1.69 0.97 -0.88 2.02 2.15 2.18 2.06
0.86 0.60 -0.55 -8.79 32.51 23.94 1.97 1.37 -1.27 2.04 2.14 2.20 2.05
0.94 0.68 -0.64 -7.45 18.73 4.26 2.15 1.57 -1.45 2.03 2.15 2.19 2.05
0.78 0.58 -0.51 -0.61 0.85 -17.22 1.78 1.29 -1.11 2.02 2.14 2.19 2.06
0.69 0.41 -0.38 -0.23 -3.46 -20.09 1.58 0.94 -0.87 2.01 2.14 2.19 2.05
0.74 0.30 -0.38 -3.18 -1.49 -9.55 1.71 0.68 -0.87 2.03 2.14 2.19 2.05
0.71 0.35 -0.35 -12.09 -0.37 2.66 1.62 0.79 -0.79 2.01 2.15 2.17 2.06
0.74 0.42 -0.35 -14.48 5.49 8.34 1.69 0.95 -0.80 2.03 2.15 2.18 2.05
0.87 0.48 -0.40 -15.63 4.30 3.38 2.01 1.12 -0.93 2.03 2.15 2.19 2.06
0.89 0.49 -0.39 -10.74 -4.54 -5.44 2.05 1.13 -0.91 2.03 2.14 2.19 2.06
0.85 0.43 -0.32 -3.89 -10.91 -13.00 1.95 0.96 -0.75 2.02 2.14 2.17 2.06
0.83 0.39 -0.28 -0.47 -11.00 -16.42 1.90 0.90 -0.65 2.03 2.13 2.17 2.04
0.83 0.31 -0.25 0.19 -8.72 -13.92 1.91 0.72 -0.57 2.03 2.14 2.17 2.05
0.81 0.29 -0.21 -3.12 -4.96 -5.81 1.84 0.65 -0.48 2.01 2.13 2.18 2.04
0.87 0.30 -0.23 -9.62 0.52 2.65 1.99 0.70 -0.54 2.01 2.14 2.18 2.06
0.92 0.40 -0.27 -13.21 1.65 3.39 2.14 0.92 -0.62 2.01 2.13 2.16 2.06
0.92 0.41 -0.26 -10.37 0.88 -1.32 2.10 0.94 -0.59 2.03 2.13 2.17 2.05
0.88 0.39 -0.25 -6.50 2.44 -6.69 2.02 0.89 -0.58 2.01 2.12 2.19 2.04
0.86 0.33 -0.23 -3.67 6.25 -8.24 1.98 0.74 -0.55 2.01 2.13 2.17 2.04
0.85 0.31 -0.25 -4.55 9.51 -4.63 1.95 0.72 -0.58 2.02 2.12 2.16 2.05
0.83 0.35 -0.26 -9.41 11.48 -1.29 1.89 0.82 -0.60 2.02 2.13 2.17 2.03
0.85 0.42 -0.30 -11.70 14.39 0.33 1.96 0.97 -0.71 2.02 2.14 2.19 2.05
0.85 0.46 -0.34 -12.34 14.08 -3.73 1.95 1.05 -0.78 2.01 2.13 2.16 2.05
0.77 0.42 -0.29 -10.78 14.90 -10.31 1.77 0.95 -0.65 2.00 2.13 2.18 2.03
0.81 0.39 -0.32 -11.55 20.94 -12.63 1.86 0.88 -0.74 2.01 2.11 2.17 2.04
0.82 0.38 -0.37 -15.27 19.84 -12.64 1.88 0.88 -0.84 2.01 2.11 2.17 2.03
0.81 0.42 -0.38 -23.56 18.44 -11.67 1.78 0.94 -0.88 2.00 2.11 2.18 2.03
0.79 0.51 -0.44 -31.55 17.60 -18.58 1.81 1.17 -1.01 1.97 2.11 2.16 2.04
0.87 0.62 -0.58 -29.80 13.82 -31.57 1.98 1.50 -1.21 1.97 2.11 2.17 2.04
0.75 0.63 -0.57 -20.91 4.63 -45.60 1.72 1.45 -1.31 1.97 2.12 2.15 2.03
0.67 0.64 -0.61 -21.17 -7.48 -64.72 1.47 1.48 -1.42 1.95 2.12 2.15 2.03
0.53 0.70 -0.66 -28.83 -14.73 -91.50 1.21 1.60 -1.52 1.92 2.10 2.14 2.03
0.47 0.59 -0.65 -29.75 -20.29 -115.82 1.09 1.35 -1.56 1.91 2.10 2.16 2.02
0.49 0.47 -0.71 -52.96 -17.47 -125.97 1.23 1.04 -1.66 1.89 2.10 2.15 2.02
0.59 0.46 -0.80 -66.50 -31.71 -135.28 1.35 1.05 -1.83 1.85 2.08 2.14 1.99
0.59 0.46 -0.85 -79.14 -48.40 -143.19 1.45 0.91 -2.10 1.82 2.08 2.11 2.00
0.43 0.55 -0.80 -80.60 -70.23 -157.03 0.99 1.25 -1.84 1.80 2.06 2.10 1.97
0.57 0.55 -0.81 -94.48 -99.30 -198.29 1.29 1.24 -1.89 1.80 2.04 2.07 1.94
0.55 0.53 -0.71 -86.47 -139.63 -239.36 1.26 1.21 -1.63 1.78 2.00 2.04 1.91
0.59 0.16 -0.81 -78.37 -186.79 -285.88 1.36 0.30 -1.87 1.78 1.96 2.01 1.87
0.59 -0.13 -0.61 -103.60 -238.80 -286.72 1.41 -0.43 -1.40 1.77 1.92 1.98 1.81
1.04 -0.43 -0.61 -95.10 -244.84 -286.72 2.38 -1.00 -1.41 1.75 1.88 1.94 1.76
1.18 -0.14 -0.73 -128.59 -286.72 -286.72 2.67 -0.27 -1.66 1.74 1.86 1.89 1.70
0.97 -0.17 -0.60 -67.11 -286.72 -261.20 2.22 -0.39 -1.39 1.72 1.82 1.87 1.66
0.85 -0.52 0.36 46.51 -286.72 -286.72 1.73 -1.08 0.67 1.70 1.76 1.82 1.65
0.31 -0.68 -0.23 187.19 -286.72 -280.60 0.71 -1.56 -0.52 1.69 1.73 1.76 1.61
0.50 -1.10 -0.19 199.96 -286.72 -252.20 1.19 -2.53 -0.40 1.66 1.68 1.70 1.61
0.69 -1.19 -0.32 224.49 -286.72 -187.99 1.61 -2.74 -0.73 1.64 1.62 1.66 1.58
0.60 -1.32 -0.27 249.30 -286.72 -93.67 1.38 -3.04 -0.63 1.65 1.59 1.61 1.54
0.10 -1.44 -0.11 284.06 -286.72 -10.74 0.10 -3.33 -0.28 1.62 1.56 1.57 1.54
-0.19 -1.57 -0.19 286.57 -286.72 65.81 -0.44 -3.61 -0.43 1.61 1.55 1.54 1.53
-0.21 -1.68 -0.11 284.32 -286.72 130.93 -0.54 -3.90 -0.24 1.62 1.53 1.53 1.54
-0.22 -1.73 -0.14 286.68 -286.72 208.00 -0.51 -3.98 -0.32 1.62 1.52 1.53 1.53
-0.69 -1.89 0.27 286.68 -286.72 244.94 -1.57 -4.39 0.69 1.60 1.51 1.50 1.52
-0.29 -2.00 0.37 246.01 -286.72 254.96 -0.66 -4.59 0.84 1.59 1.52 1.49 1.52
-0.42 -1.78 0.29 162.46 -286.72 286.37 -0.87 -4.05 0.59 1.60 1.52 1.50 1.53
-0.16 -1.90 0.21 148.61 -286.72 286.68 -0.37 -4.37 0.48 1.60 1.53 1.50 1.53
-0.26 -1.73 0.23 133.68 -286.72 286.68 -0.59 -3.96 0.54 1.59 1.52 1.50 1.52
-0.41 -1.70 0.07 184.73 -286.72 286.68 -0.96 -3.81 0.17 1.59 1.52 1.49 1.53
-0.53 -1.85 0.03 225.48 -286.72 286.68 -1.22 -4.25 0.07 1.60 1.53 1.49 1.52
-0.51 -1.91 0.64 219.73 -286.72 286.68 -1.20 -4.21 1.69 1.59 1.51 1.51 1.52
-0.55 -1.75 0.89 112.57 -286.72 286.68 -1.26 -4.01 2.04 1.60 1.51 1.50 1.52
-0.32 -1.53 0.90 -10.61 -286.72 282.98 -0.95 -3.24 2.28 1.58 1.52 1.50 1.52
-0.58 -0.88 1.06 -75.14 -286.72 220.61 -1.34 -2.02 2.43 1.58 1.52 1.49 1.52
-0.58 -0.62 0.87 -75.11 -286.72 180.54 -1.41 -1.30 2.01 1.60 1.51 1.49 1.52
-0.60 0.17 0.85 -16.37 -261.38 177.10 -1.35 0.31 1.88 1.60 1.52 1.49 1.52
-0.59 -0.35 1.01 80.36 -182.24 192.19 -1.35 -0.79 2.31 1.58 1.51 1.50 1.51
-0.55 -0.63 1.73 118.06 -85.86 161.74 -1.16 -1.37 4.10 1.60 1.52 1.50 1.50
-0.47 -0.68 1.52 2.09 -71.04 93.69 -1.09 -1.55 3.50 1.59 1.52 1.50 1.52
-0.44 -0.42 1.18 -62.31 -58.71 33.64 -0.99 -0.92 2.64 1.60 1.52 1.50 1.50
-0.33 -0.19 0.95 -68.02 -33.35 -9.79 -0.75 -0.44 2.17 1.58 1.53 1.50 1.50
-0.18 -0.22 0.82 -31.56 -19.62 -18.33 -0.41 -0.57 1.83 1.59 1.53 1.50 1.52
-0.10 -0.35 0.79 2.23 -6.08 -10.14 -0.20 -0.83 1.80 1.58 1.53 1.50 1.52
-0.04 -0.54 0.84 20.83 5.01 3.29 -0.10 -1.23 1.92 1.60 1.51 1.53 1.51
-0.04 -0.58 0.88 21.49 14.05 13.34 -0.07 -1.39 2.01 1.59 1.52 1.51 1.50
-0.02 -0.66 0.87 11.47 18.83 13.61 -0.04 -1.51 2.00 1.60 1.52 1.53 1.52
0.05 -0.70 0.82 0.03 16.06 5.07 0.13 -1.60 1.89 1.59 1.51 1.52 1.50
0.11 -0.66 0.81 -8.61 4.38 -7.88 0.26 -1.49 1.86 1.61 1.53 1.52 1.52
0.13 -0.59 0.79 -7.97 0.83 -16.19 0.31 -1.36 1.82 1.60 1.52 1.51 1.51
0.13 -0.58 0.78 -3.56 1.76 -19.72 0.30 -1.34 1.80 1.60 1.50 1.51 1.52
0.11 -0.61 0.84 -1.39 9.46 -22.71 0.26 -1.39 1.92 1.62 1.52 1.51 1.52
0.15 -0.63 0.84 -8.17 14.69 -20.52 0.35 -1.45 1.92 1.60 1.51 1.52 1.52
0.19 -0.57 0.81 -11.65 16.70 -14.88 0.44 -1.31 1.86 1.61 1.52 1.52 1.51
0.19 -0.55 0.76 -5.15 15.82 -9.69 0.44 -1.25 1.74 1.59 1.52 1.52 1.52
0.18 -0.58 0.74 2.45 9.71 -7.42 0.43 -1.33 1.70 1.61 1.53 1.53 1.51
0.16 -0.59 0.79 5.29 2.86 -9.99 0.37 -1.35 1.81 1.60 1.52 1.52 1.52
0.12 -0.58 0.85 4.00 6.23 -17.00 0.27 -1.35 1.95 1.61 1.51 1.53 1.50
0.15 -0.61 0.86 -0.76 15.69 -22.43 0.34 -1.40 1.98 1.61 1.53 1.51 1.51
0.18 -0.60 0.85 -5.17 23.61 -21.10 0.41 -1.37 1.94 1.60 1.53 1.50 1.51
0.22 -0.61 0.79 -4.78 29.92 -17.51 0.51 -1.41 1.79 1.61 1.52 1.52 1.53
0.23 -0.62 0.74 0.26 29.23 -10.52 0.52 -1.43 1.70 1.61 1.51 1.51 1.52
0.20 -0.63 0.75 5.83 24.95 -7.91 0.46 -1.46 1.74 1.60 1.52 1.53 1.52
0.18 -0.66 0.77 5.62 17.80 -8.40 0.42 -1.51 1.76 1.60 1.51 1.51 1.52
0.16 -0.65 0.80 3.12 12.89 -8.22 0.36 -1.49 1.84 1.61 1.52 1.52 1.52
0.12 -0.60 0.86 2.82 16.76 -8.80 0.25 -1.38 1.97 1.61 1.52 1.52 1.51
0.07 -0.56 0.89 3.94 30.55 -11.63 0.17 -1.29 2.05 1.61 1.52 1.53 1.52
0.02 -0.52 0.97 6.79 51.22 -17.14 0.04 -1.17 2.23 1.62 1.51 1.53 1.52
-0.02 -0.50 0.98 7.63 77.84 -29.59 -0.07 -1.17 2.25 1.61 1.52 1.52 1.52
-0.05 -0.53 0.97 6.48 99.16 -42.10 -0.10 -1.22 2.23 1.61 1.53 1.52 1.51
-0.07 -0.53 0.97 6.81 120.28 -57.76 -0.16 -1.24 2.26 1.61 1.52 1.54 1.52
-0.02 -0.57 0.97 7.45 136.06 -78.26 -0.05 -1.30 2.22 1.61 1.53 1.52 1.52
-0.09 -0.53 0.97 22.14 150.75 -104.72 -0.12 -1.10 2.33 1.62 1.53 1.54 1.52
-0.06 -0.50 0.96 26.23 186.94 -143.32 -0.14 -1.14 2.21 1.62 1.53 1.56 1.52
-0.04 -0.60 1.00 29.92 226.71 -187.01 -0.09 -1.39 2.26 1.62 1.54 1.56 1.52
-0.08 -0.70 0.94 16.56 269.27 -229.99 -0.30 -1.58 2.16 1.62 1.54 1.59 1.52
0.04 -1.02 0.72 -21.22 286.68 -249.38 0.08 -2.35 1.66 1.61 1.56 1.62 1.53
0.15 -0.91 0.55 -79.66 254.98 -209.81 0.34 -2.09 1.30 1.63 1.56 1.66 1.55
0.18 -0.84 0.66 -112.97 223.00 -179.64 0.41 -1.93 1.50 1.63 1.57 1.69 1.56
0.21 -0.73 0.60 -113.93 197.70 -170.05 0.50 -1.59 1.40 1.62 1.58 1.70 1.57
0.21 -0.61 0.64 -96.27 182.22 -169.39 0.47 -1.40 1.47 1.63 1.59 1.71 1.58
0.10 -0.59 0.72 -73.25 183.57 -186.42 0.29 -1.38 1.66 1.61 1.59 1.72 1.60
0.01 -0.66 0.80 -54.17 215.68 -223.12 0.03 -1.51 1.85 1.62 1.61 1.74 1.61
0.04 -0.85 0.76 -56.59 236.60 -249.55 0.08 -1.94 1.71 1.63 1.64 1.76 1.64
0.08 -0.91 0.65 -83.10 244.31 -255.29 0.21 -2.16 1.42 1.63 1.67 1.79 1.66
0.16 -0.97 0.59 -118.35 242.73 -244.71 0.36 -2.24 1.36 1.61 1.72 1.82 1.68
0.18 -1.01 0.65 -138.99 235.61 -229.83 0.42 -2.37 1.52 1.62 1.74 1.85 1.72
0.15 -1.25 0.77 -167.50 217.88 -224.24 0.35 -2.86 1.78 1.64 1.79 1.88 1.73
0.25 -1.35 0.84 -200.69 208.52 -218.99 0.55 -3.19 1.96 1.63 1.81 1.91 1.75
0.21 -1.23 0.80 -238.43 214.24 -204.15 0.47 -2.82 1.83 1.63 1.85 1.93 1.79
0.01 -1.12 0.72 -238.31 238.86 -184.21 0.03 -2.69 1.58 1.63 1.87 1.98 1.81
0.07 -0.99 0.58 -252.41 269.71 -164.26 0.15 -2.27 1.34 1.64 1.92 2.01 1.84
0.07 -0.83 0.57 -240.26 284.53 -140.88 0.15 -1.87 1.28 1.64 1.95 2.04 1.87
0.10 -0.72 0.62 -230.11 280.39 -126.12 0.23 -1.68 1.43 1.65 1.99 2.07 1.92
0.20 -0.96 0.73 -209.85 280.59 -105.43 0.47 -2.21 1.68 1.65 2.01 2.10 1.95
0.39 -1.21 0.79 -202.38 267.81 -74.17 0.91 -2.82 1.80 1.65 2.03 2.11 1.95
0.40 -1.16 0.74 -241.72 247.35 -39.92 0.92 -2.65 1.71 1.65 2.05 2.14 1.98
0.20 -0.91 0.80 -259.39 251.58 -26.37 0.40 -2.09 1.81 1.66 2.07 2.16 1.99
0.19 -0.59 0.68 -256.03 282.31 -22.91 0.43 -1.35 1.57 1.65 2.07 2.16 2.01
0.17 -0.65 0.82 -236.57 286.68 -1.32 0.38 -1.56 1.93 1.66 2.10 2.19 2.03
0.26 -0.85 0.79 -227.15 286.68 25.51 0.75 -1.88 1.90 1.67 2.12 2.21 2.06
0.49 -0.80 0.61 -231.40 286.68 49.67 1.13 -1.83 1.40 1.68 2.12 2.20 2.05
0.57 -0.61 0.59 -229.17 286.68 72.92 1.31 -1.34 1.24 1.69 2.14 2.22 2.06
0.67 -0.35 0.32 -194.97 286.68 92.65 1.54 -0.80 0.73 1.68 2.15 2.25 2.08
0.73 -0.10 0.28 -159.86 286.68 93.16 1.76 -0.10 0.68 1.71 2.15 2.23 2.09
0.76 0.08 0.22 -100.52 279.79 83.40 1.76 0.18 0.51 1.73 2.15 2.24 2.10
0.85 -0.03 0.16 -35.18 242.36 76.11 1.95 -0.14 0.37 1.76 2.15 2.24 2.09
0.96 -0.20 0.16 -14.06 198.08 72.44 2.20 -0.46 0.36 1.79 2.16 2.24 2.07
0.96 -0.31 0.18 -3.41 170.98 83.83 2.21 -0.71 0.42 1.80 2.16 2.24 2.08
0.89 -0.27 0.26 2.87 156.19 97.90 2.02 -0.63 0.68 1.84 2.15 2.23 2.09
0.73 -0.19 0.29 10.09 163.46 109.99 1.67 -0.43 0.66 1.86 2.13 2.21 2.07
0.74 -0.11 0.20 20.04 177.40 119.39 1.74 -0.34 0.56 1.89 2.16 2.24 2.10
0.85 -0.04 0.17 25.10 181.86 118.81 1.94 -0.10 0.40 1.90 2.15 2.22 2.08
0.92 0.10 -0.01 39.98 176.08 113.63 2.21 0.23 -0.01 1.94 2.14 2.22 2.09
1.10 0.09 -0.08 47.95 155.17 107.29 2.51 0.19 -0.19 1.95 2.15 2.20 2.08
1.11 0.09 -0.14 46.86 130.17 99.21 2.56 0.20 -0.31 1.94 2.15 2.23 2.08
0.99 0.05 -0.08 43.35 117.00 102.71 2.27 0.16 -0.13 1.96 2.14 2.21 2.08
0.77 0.01 0.02 29.07 127.96 106.22 1.76 0.02 0.05 1.99 2.14 2.19 2.07
0.66 0.03 0.02 10.65 152.28 114.90 1.55 0.08 0.02 1.98 2.14 2.21 2.08
0.82 0.22 -0.10 -4.93 170.30 119.06 1.89 0.50 -0.24 2.00 2.13 2.20 2.08
0.93 0.35 -0.24 4.46 167.66 118.89 2.12 0.79 -0.55 2.00 2.14 2.20 2.07
0.93 0.35 -0.30 10.71 150.68 109.26 2.11 0.81 -0.70 2.00 2.13 2.20 2.08
0.81 0.37 -0.26 11.35 142.13 98.00 1.86 0.84 -0.61 2.01 2.13 2.18 2.06
0.73 0.40 -0.26 20.99 134.31 90.81 1.60 0.87 -0.67 2.00 2.13 2.18 2.07
0.81 0.31 -0.33 30.62 134.78 93.21 1.87 0.71 -0.75 2.02 2.14 2.18 2.06
0.79 0.33 -0.42 30.27 124.21 91.32 1.76 0.79 -0.91 2.00 2.13 2.18 2.06
0.78 0.36 -0.44 27.55 125.54 99.57 1.80 0.82 -1.01 2.01 2.13 2.18 2.05
0.92 0.46 -0.57 26.92 118.65 103.45 2.11 1.11 -1.37 2.01 2.11 2.18 2.06
0.97 0.44 -0.66 38.63 87.58 96.15 2.23 1.03 -1.52 2.00 2.11 2.17 2.05
0.85 0.58 -0.62 27.17 54.79 68.50 1.95 1.34 -1.42 2.03 2.13 2.18 2.05
0.63 0.74 -0.52 23.56 41.76 32.20 1.41 1.70 -1.19 2.03 2.13 2.18 2.05
0.67 0.62 -0.49 31.51 48.72 11.59 1.54 1.42 -1.12 2.03 2.14 2.17 2.04
0.78 0.47 -0.55 26.10 41.24 1.39 1.72 0.90 -1.25 2.03 2.13 2.16 2.05
0.76 0.38 -0.52 8.23 31.95 4.04 1.75 0.88 -1.18 2.03 2.12 2.17 2.07
0.79 0.50 -0.56 -1.07 22.09 12.48 1.84 1.08 -1.25 2.04 2.13 2.18 2.05
0.74 0.57 -0.50 -3.10 12.92 10.59 1.65 1.32 -1.13 2.03 2.12 2.18 2.05
0.74 0.59 -0.51 4.09 10.71 2.90 1.70 1.35 -1.16 2.03 2.12 2.17 2.06
0.75 0.49 -0.50 8.23 3.75 -7.06 1.71 1.11 -1.12 2.04 2.11 2.17 2.06
0.73 0.43 -0.46 -0.88 0.77 -15.31 1.68 0.99 -1.06 2.03 2.12 2.18 2.05
0.70 0.42 -0.42 -6.68 -1.66 -14.48 1.60 0.95 -0.97 2.04 2.12 2.16 2.04
0.75 0.38 -0.41 -11.38 0.70 -7.85 1.72 0.87 -0.96 2.02 2.12 2.18 2.05
0.77 0.46 -0.43 -15.95 -0.90 -5.12 1.77 1.06 -0.99 2.02 2.11 2.19 2.05
0.81 0.48 -0.42 -10.86 -2.88 -7.23 1.88 1.10 -0.95 2.02 2.13 2.16 2.05
0.82 0.47 -0.39 -5.88 -6.35 -14.44 1.87 1.08 -0.89 2.03 2.11 2.17 2.04
0.80 0.37 -0.33 -1.13 -7.74 -18.56 1.84 0.85 -0.75 2.02 2.12 2.18 2.05
0.81 0.27 -0.30 -0.71 -6.33 -12.34 1.87 0.61 -0.71 2.02 2.11 2.17 2.06
0.83 0.28 -0.32 -6.81 -7.18 -3.91 1.91 0.64 -0.73 2.02 2.11 2.17 2.04
0.81 0.36 -0.31 -9.84 -5.43 1.88 1.87 0.85 -0.72 2.03 2.11 2.17 2.05
0.85 0.44 -0.32 -9.87 -1.86 0.52 1.95 1.00 -0.74 2.02 2.12 2.18 2.04
0.87 0.44 -0.34 -5.31 -1.51 -5.28 2.00 1.01 -0.78 2.03 2.12 2.17 2.04
0.86 0.37 -0.29 -1.70 -3.46 -10.73 1.96 0.83 -0.63 2.03 2.11 2.17 2.03
0.83 0.33 -0.24 -1.97 2.00 -9.94 1.90 0.76 -0.56 2.03 2.12 2.15 2.04
0.89 0.34 -0.30 -3.25 5.63 -7.48 2.05 0.79 -0.70 2.03 2.11 2.16 2.04
0.86 0.32 -0.30 -7.39 4.48 -4.46 1.97 0.74 -0.69 2.01 2.12 2.16 2.04
0.84 0.35 -0.31 -13.77 6.39 -0.88 1.92 0.81 -0.72 2.02 2.11 2.17 2.04
0.80 0.43 -0.33 -17.65 8.31 -1.70 1.83 1.01 -0.77 2.01 2.11 2.17 2.05
0.79 0.51 -0.35 -18.61 13.94 -8.31 1.80 1.16 -0.81 2.00 2.11 2.18 2.03
0.80 0.51 -0.37 -13.97 15.94 -17.43 1.83 1.17 -0.87 2.02 2.10 2.17 2.03
0.78 0.45 -0.39 -14.32 15.95 -26.05 1.80 1.01 -0.91 2.02 2.11 2.16 2.03
0.75 0.43 -0.39 -19.20 17.64 -30.06 1.72 0.99 -0.91 2.00 2.12 2.16 2.04
0.78 0.41 -0.40 -20.95 17.75 -32.62 1.78 0.94 -0.91 1.98 2.12 2.17 2.04
0.78 0.42 -0.44 -29.17 16.68 -33.62 1.79 0.96 -1.01 1.99 2.12 2.16 2.02
0.75 0.51 -0.46 -33.47 18.10 -41.67 1.68 1.18 -1.05 1.97 2.11 2.16 2.03
0.70 0.52 -0.48 -31.36 23.88 -53.72 1.60 1.20 -1.10 1.94 2.11 2.15 2.03
0.73 0.61 -0.64 -46.98 38.00 -81.70 1.68 1.40 -1.47 1.93 2.10 2.14 2.03
0.69 0.62 -0.66 -41.10 25.80 -105.69 1.60 1.36 -1.55 1.89 2.10 2.16 2.02
0.71 0.59 -0.73 -39.26 7.74 -131.07 1.64 1.36 -1.68 1.88 2.08 2.14 2.00
0.62 0.49 -0.84 -34.48 -6.86 -144.87 1.41 1.01 -1.93 1.86 2.09 2.14 2.01
0.54 0.53 -0.83 -36.22 -29.30 -173.06 1.23 1.21 -1.89 1.84 2.08 2.12 2.00
0.52 0.57 -0.85 -33.55 -55.12 -191.38 1.20 1.23 -1.96 1.81 2.06 2.11 1.98
0.49 0.36 -0.90 -53.21 -86.39 -214.93 1.18 0.79 -2.07 1.81 2.05 2.11 1.98
0.51 0.18 -0.86 -50.55 -112.94 -224.32 1.17 0.41 -1.98 1.80 2.04 2.09 1.98
0.56 0.03 -0.77 -71.81 -152.81 -244.11 1.29 0.03 -1.73 1.79 2.01 2.06 1.94
0.60 -0.07 -0.71 -89.73 -194.77 -263.34 1.37 -0.16 -1.62 1.77 1.98 2.01 1.89
0.75 -0.06 -0.81 -97.94 -242.89 -266.39 1.68 -0.16 -1.93 1.78 1.94 1.99 1.86
1.03 -0.20 -0.87 -77.16 -255.23 -264.52 2.36 -0.47 -1.99 1.77 1.91 1.96 1.79
1.15 -0.32 -0.79 -74.01 -286.72 -259.13 2.48 -0.63 -1.96 1.76 1.87 1.92 1.74
1.25 -0.51 -0.43 -17.54 -286.72 -282.47 2.75 -1.01 -0.97 1.74 1.84 1.88 1.69
0.69 -0.31 -0.62 62.17 -286.72 -271.94 1.58 -0.72 -1.41 1.74 1.80 1.84 1.65
0.61 -0.75 -0.20 133.19 -286.72 -252.35 1.45 -1.76 -0.43 1.71 1.76 1.80 1.63
0.64 -0.96 -0.22 176.10 -286.72 -231.38 1.46 -2.19 -0.50 1.69 1.70 1.74 1.61
0.58 -1.14 -0.40 187.35 -286.72 -159.41 1.36 -2.65 -0.87 1.67 1.65 1.68 1.58
0.27 -1.17 -0.27 222.34 -286.72 -81.34 0.63 -2.68 -0.63 1.66 1.61 1.66 1.54
-0.23 -1.30 -0.05 268.27 -286.72 -9.84 -0.57 -2.99 -0.15 1.64 1.58 1.61 1.53
-0.08 -1.72 0.05 286.68 -286.72 74.92 -0.16 -3.97 0.13 1.63 1.53 1.58 1.52
0.10 -1.90 0.34 265.48 -286.72 131.94 0.24 -4.37 0.78 1.63 1.53 1.55 1.53
0.29 -1.80 0.14 212.22 -286.72 224.45 0.59 -4.13 0.25 1.62 1.53 1.55 1.52
-0.15 -1.57 0.03 182.31 -286.72 285.32 -0.33 -3.60 0.07 1.61 1.53 1.52 1.53
-0.50 -1.24 -0.00 189.15 -286.72 286.68 -1.21 -2.75 -0.05 1.61 1.52 1.51 1.54
-0.49 -1.49 0.08 283.89 -286.72 286.68 -1.12 -3.41 0.19 1.61 1.53 1.51 1.52
-0.33 -1.60 0.49 286.68 -286.72 286.68 -0.69 -3.84 1.19 1.61 1.51 1.50 1.53
-0.24 -1.85 0.51 279.55 -286.72 286.68 -0.50 -4.31 1.17 1.60 1.52 1.52 1.52
-0.26 -1.86 0.73 226.18 -286.72 286.68 -0.59 -4.27 1.67 1.59 1.52 1.52 1.52
-0.38 -1.77 0.62 146.88 -286.72 286.68 -0.93 -4.17 1.36 1.59 1.51 1.52 1.53
-0.28 -1.52 0.77 91.85 -286.72 286.68 -0.65 -3.50 1.76 1.60 1.52 1.50 1.53
-0.25 -1.16 0.85 66.07 -286.72 286.68 -0.52 -2.57 1.94 1.59 1.53 1.51 1.52
-0.15 -1.10 0.57 43.15 -286.72 286.68 -0.33 -2.54 1.32 1.59 1.52 1.52 1.52
-0.19 -0.83 0.64 70.92 -286.59 286.68 -0.38 -1.84 1.42 1.60 1.52 1.52 1.52
-0.16 -0.98 0.57 131.11 -262.37 286.68 -0.47 -2.29 1.30 1.60 1.52 1.50 1.52
-0.23 -0.92 0.58 150.13 -260.24 286.68 -0.53 -2.11 1.33 1.60 1.52 1.51 1.52
-0.50 -0.99 0.85 158.07 -285.76 286.68 -1.25 -2.16 2.10 1.60 1.51 1.51 1.51
-0.57 -0.80 1.58 124.36 -233.46 224.19 -1.31 -1.85 3.64 1.59 1.53 1.51 1.50
-0.45 -0.67 1.59 51.20 -170.50 124.90 -0.94 -1.56 3.61 1.59 1.51 1.51 1.51
-0.34 -0.59 1.51 -51.40 -119.46 53.78 -0.79 -1.34 3.46 1.59 1.52 1.52 1.50
-0.29 -0.30 1.13 -89.90 -76.76 5.93 -0.78 -0.87 2.27 1.59 1.51 1.52 1.50
-0.19 -0.14 0.81 -61.80 -51.59 -6.79 -0.36 -0.22 1.88 1.59 1.52 1.51 1.50
-0.04 -0.22 0.63 -8.41 -74.57 -32.31 -0.09 -0.49 1.44 1.60 1.51 1.51 1.50
-0.14 -0.29 0.65 39.75 -47.10 14.88 -0.32 -1.00 1.55 1.59 1.52 1.53 1.50
-0.06 -0.60 0.90 36.75 -40.28 25.73 -0.15 -1.37 2.06 1.60 1.52 1.52 1.50
0.01 -0.62 1.01 12.56 -29.65 15.11 0.05 -1.40 2.32 1.60 1.52 1.50 1.50
0.04 -0.51 0.95 -10.36 -17.58 -2.01 0.09 -1.17 2.18 1.59 1.52 1.52 1.51
0.08 -0.46 0.91 -10.95 1.41 -13.89 0.18 -1.06 2.08 1.59 1.52 1.50 1.52
0.12 -0.52 0.86 -4.20 19.58 -20.02 0.28 -1.19 1.96 1.59 1.52 1.52 1.51
0.15 -0.60 0.79 0.54 19.47 -19.24 0.35 -1.37 1.81 1.60 1.52 1.51 1.50
0.18 -0.64 0.76 2.86 12.13 -13.88 0.42 -1.48 1.74 1.60 1.52 1.53 1.50
0.22 -0.63 0.79 4.25 3.88 -6.59 0.51 -1.45 1.81 1.59 1.52 1.52 1.51
0.24 -0.61 0.79 5.40 -0.05 -1.89 0.55 -1.41 1.81 1.61 1.52 1.52 1.49
0.25 -0.61 0.82 6.11 -0.19 -3.13 0.60 -1.41 1.88 1.59 1.53 1.53 1.50
0.25 -0.60 0.85 2.04 3.46 -10.89 0.58 -1.38 1.95 1.61 1.52 1.50 1.50
0.25 -0.59 0.85 -2.43 7.45 -15.93 0.57 -1.35 1.96 1.59 1.51 1.52 1.51
0.25 -0.61 0.83 -4.70 13.47 -17.38 0.56 -1.40 1.88 1.60 1.52 1.52 1.51
0.26 -0.65 0.81 -7.17 11.98 -13.69 0.60 -1.49 1.85 1.59 1.50 1.52 1.51
0.27 -0.62 0.76 -9.79 6.37 -9.67 0.62 -1.41 1.75 1.60 1.52 1.52 1.50
0.27 -0.59 0.76 -5.41 0.60 -5.84 0.63 -1.34 1.74 1.62 1.52 1.52 1.50
0.27 -0.57 0.78 -1.04 -1.22 -4.07 0.63 -1.30 1.79 1.61 1.51 1.51 1.51
0.27 -0.57 0.83 0.06 0.28 -5.84 0.62 -1.27 1.90 1.60 1.53 1.53 1.50
0.25 -0.57 0.83 -1.90 7.27 -12.50 0.58 -1.30 1.91 1.59 1.53 1.52 1.52
0.25 -0.58 0.82 -5.64 8.98 -15.30 0.57 -1.32 1.89 1.59 1.53 1.53 1.51
0.25 -0.58 0.79 -8.75 9.16 -15.88 0.57 -1.35 1.81 1.60 1.52 1.53 1.50
0.25 -0.60 0.77 -9.57 5.84 -13.22 0.57 -1.37 1.77 1.61 1.52 1.52 1.50
0.24 -0.56 0.75 -7.66 -0.44 -9.70 0.54 -1.28 1.73 1.60 1.51 1.50 1.51
0.22 -0.56 0.78 -1.85 -5.59 -8.49 0.50 -1.28 1.80 1.60 1.53 1.52 1.50
0.21 -0.56 0.83 0.74 -4.06 -9.18 0.48 -1.29 1.91 1.60 1.51 1.52 1.51
0.18 -0.57 0.87 -0.18 3.28 -13.98 0.42 -1.31 2.01 1.60 1.51 1.53 1.51
0.19 -0.61 0.89 -5.07 11.43 -20.42 0.43 -1.40 2.05 1.59 1.53 1.53 1.52
0.16 -0.60 0.85 -13.21 15.78 -25.05 0.37 -1.37 1.97 1.59 1.52 1.53 1.52
0.18 -0.57 0.83 -14.57 16.07 -22.60 0.40 -1.30 1.89 1.60 1.52 1.53 1.51
0.16 -0.55 0.82 -10.58 17.01 -18.92 0.38 -1.27 1.87 1.61 1.53 1.53 1.52
0.17 -0.57 0.80 -3.67 19.84 -13.34 0.38 -1.30 1.83 1.62 1.52 1.52 1.51
0.15 -0.58 0.84 3.67 22.38 -11.31 0.34 -1.33 1.93 1.61 1.53 1.53 1.51
0.12 -0.61 0.87 3.29 29.19 -18.15 0.28 -1.42 1.99 1.59 1.53 1.54 1.52
0.08 -0.61 0.89 -4.96 34.84 -27.26 0.19 -1.38 2.03 1.61 1.53 1.54 1.52
0.04 -0.62 0.91 -4.37 42.27 -35.46 0.08 -1.42 2.09 1.61 1.52 1.53 1.51
0.00 -0.52 0.94 -10.97 60.04 -47.40 -0.02 -1.17 2.15 1.61 1.52 1.53 1.52
-0.02 -0.50 0.95 -10.54 74.33 -59.65 -0.04 -1.15 2.18 1.60 1.53 1.54 1.52
-0.05 -0.44 1.02 -10.01 92.55 -77.47 -0.13 -1.00 2.36 1.61 1.53 1.54 1.52
-0.09 -0.44 1.01 -6.42 117.75 -105.09 -0.21 -1.03 2.32 1.62 1.52 1.53 1.52
-0.08 -0.46 0.98 -5.20 140.98 -133.73 -0.19 -1.06 2.25 1.61 1.53 1.53 1.52
-0.07 -0.46 0.99 -6.64 170.77 -165.13 -0.19 -1.05 2.27 1.62 1.51 1.54 1.52
0.00 -0.62 0.86 -14.94 191.42 -179.51 0.01 -1.42 1.96 1.61 1.53 1.55 1.52
0.08 -0.61 0.78 -28.11 189.66 -167.76 0.22 -1.42 1.81 1.62 1.53 1.57 1.52
0.08 -0.52 0.79 -26.82 181.84 -159.05 0.18 -1.19 1.81 1.61 1.53 1.57 1.52
0.06 -0.52 0.71 -16.62 181.71 -162.31 0.14 -1.19 1.63 1.63 1.53 1.56 1.52
0.06 -0.49 0.83 3.53 189.24 -179.52 0.00 -1.37 1.80 1.62 1.53 1.58 1.52
-0.02 -0.69 0.92 -1.64 212.34 -214.43 -0.05 -1.59 2.12 1.63 1.54 1.58 1.52
-0.08 -0.89 0.94 -25.24 239.44 -257.61 -0.21 -2.07 2.06 1.61 1.54 1.59 1.52
-0.09 -0.94 0.81 -78.22 271.73 -286.72 -0.21 -2.15 1.85 1.62 1.55 1.61 1.52
-0.10 -1.00 0.62 -118.65 275.49 -286.72 -0.24 -2.37 1.43 1.62 1.55 1.63 1.54
-0.02 -1.13 0.67 -161.38 270.98 -286.72 -0.01 -2.54 1.58 1.63 1.57 1.66 1.55
-0.05 -1.16 0.68 -193.46 261.73 -286.72 -0.11 -2.67 1.56 1.63 1.58 1.68 1.56
0.02 -1.31 0.70 -224.35 255.32 -286.72 0.08 -2.99 1.58 1.65 1.61 1.69 1.59
0.11 -1.40 0.69 -262.20 243.24 -286.72 0.26 -3.20 1.58 1.64 1.65 1.72 1.61
0.08 -1.29 0.68 -286.68 220.91 -286.72 0.16 -2.95 1.57 1.65 1.67 1.74 1.64
0.02 -1.15 0.61 -286.72 241.43 -286.72 0.04 -2.65 1.41 1.64 1.70 1.75 1.67
0.01 -1.05 0.64 -286.72 264.77 -262.29 0.04 -2.37 1.45 1.64 1.71 1.75 1.68
0.01 -1.00 0.70 -276.06 282.14 -214.08 0.03 -2.31 1.60 1.64 1.73 1.78 1.69
0.08 -1.06 0.77 -254.79 286.68 -174.09 0.19 -2.43 1.76 1.65 1.75 1.79 1.69
0.17 -1.09 0.83 -246.50 286.68 -140.69 0.41 -2.54 1.94 1.63 1.76 1.81 1.71
0.19 -1.08 0.88 -248.88 284.72 -113.22 0.43 -2.47 2.02 1.65 1.78 1.84 1.70
0.15 -0.91 0.86 -258.55 286.68 -97.42 0.36 -2.09 1.95 1.66 1.81 1.85 1.72
0.14 -0.84 0.81 -249.89 286.68 -75.11 0.31 -1.92 1.85 1.65 1.82 1.89 1.76
0.20 -0.65 0.80 -251.23 286.68 -57.90 0.46 -1.40 1.82 1.65 1.85 1.91 1.77
0.25 -0.52 0.68 -230.34 286.68 -39.78 0.63 -1.21 1.60 1.66 1.87 1.93 1.80
0.48 -0.59 0.69 -213.06 286.68 -29.41 1.10 -1.36 1.59 1.66 1.90 1.98 1.81
0.61 -0.51 0.62 -207.24 286.68 -15.09 1.44 -1.22 1.43 1.66 1.95 2.01 1.83
0.67 -0.53 0.58 -198.93 286.68 -2.44 1.54 -1.21 1.33 1.64 1.98 2.06 1.87
0.65 -0.30 0.56 -206.44 286.68 4.23 1.42 -0.62 1.30 1.66 2.00 2.06 1.89
0.43 -0.26 0.44 -163.26 286.68 12.45 1.00 -0.59 1.02 1.66 2.03 2.10 1.94
0.64 -0.31 0.36 -149.16 286.68 23.54 1.48 -0.72 0.81 1.66 2.04 2.11 1.95
0.78 -0.30 0.37 -146.82 286.68 41.86 1.91 -0.61 0.84 1.67 2.07 2.15 1.98
0.84 -0.17 0.19 -130.36 286.68 56.95 1.92 -0.39 0.44 1.65 2.09 2.16 2.01
1.03 0.00 0.03 -111.59 286.68 58.19 2.42 0.04 0.05 1.68 2.11 2.16 2.01
0.91 0.00 0.01 -70.76 267.38 47.92 2.09 0.00 0.03 1.68 2.12 2.19 2.02
0.90 0.04 -0.15 -40.85 221.75 36.82 2.06 0.10 -0.34 1.67 2.12 2.19 2.04
1.03 0.02 -0.03 -14.68 213.80 29.55 2.37 0.04 -0.05 1.69 2.12 2.19 2.04
0.95 -0.13 -0.05 18.79 202.47 34.67 2.17 -0.30 -0.11 1.67 2.12 2.21 2.07
1.04 -0.18 -0.04 23.54 187.75 50.89 2.36 -0.37 -0.01 1.68 2.14 2.21 2.06
0.83 -0.09 0.04 40.76 177.51 61.00 1.90 -0.20 0.10 1.67 2.13 2.21 2.08
0.71 0.01 -0.04 56.45 185.46 73.07 1.62 0.02 -0.09 1.69 2.14 2.21 2.08
0.84 0.17 -0.08 63.16 197.72 77.31 1.86 0.39 -0.23 1.71 2.14 2.23 2.10
0.89 0.23 -0.36 81.83 200.76 69.47 2.05 0.52 -0.82 1.71 2.16 2.21 2.09
1.06 0.29 -0.44 90.07 168.73 67.93 2.38 0.61 -0.95 1.73 2.17 2.24 2.11
0.98 0.24 -0.34 120.73 147.47 53.24 2.25 0.54 -0.79 1.76 2.17 2.22 2.09
0.86 0.08 -0.37 141.74 115.10 62.19 1.98 0.18 -0.85 1.78 2.17 2.23 2.10
0.76 0.04 -0.21 125.85 92.15 66.99 1.82 0.16 -0.46 1.80 2.16 2.22 2.10
0.73 0.22 -0.22 119.63 95.62 71.88 1.67 0.50 -0.50 1.82 2.18 2.24 2.10
0.81 0.15 -0.34 123.59 106.34 84.30 1.91 0.40 -0.76 1.85 2.16 2.22 2.11
0.80 0.20 -0.35 107.27 85.21 87.33 1.84 0.46 -0.80 1.88 2.18 2.24 2.11
0.82 0.12 -0.55 89.72 56.21 91.35 1.98 0.30 -1.10 1.92 2.18 2.23 2.09
0.92 0.30 -0.38 76.68 43.73 85.83 2.08 0.70 -0.91 1.95 2.18 2.23 2.11
0.76 0.41 -0.51 55.94 21.75 65.38 1.75 0.95 -1.17 1.97 2.18 2.23 2.10
0.81 0.40 -0.46 53.39 30.71 48.76 1.95 0.88 -1.11 1.99 2.18 2.23 2.11
0.85 0.36 -0.47 42.97 26.72 36.49 1.95 0.83 -1.09 2.01 2.18 2.22 2.10
0.75 0.32 -0.59 55.81 36.01 32.04 2.07 0.51 -0.89 2.03 2.17 2.20 2.08
0.92 0.37 -0.42 15.86 20.00 40.89 2.09 0.91 -0.93 2.04 2.17 2.20 2.10
0.91 0.42 -0.44 17.39 2.20 40.43 2.09 0.97 -1.00 2.05 2.18 2.21 2.10
0.75 0.55 -0.36 5.64 -1.73 21.47 1.67 1.32 -0.90 2.04 2.18 2.22 2.07
0.85 0.56 -0.43 10.38 10.75 1.46 1.94 1.29 -0.98 2.06 2.17 2.20 2.09
0.94 0.37 -0.46 14.61 4.08 -11.24 2.04 0.75 -1.01 2.05 2.17 2.20 2.09
0.83 0.28 -0.41 4.89 -0.94 -8.47 1.91 0.63 -0.94 2.06 2.17 2.20 2.08
0.88 0.32 -0.44 -8.51 -2.50 -1.92 2.01 0.73 -1.01 2.07 2.18 2.19 2.07
0.86 0.47 -0.42 -14.11 -6.53 -1.81 1.95 1.09 -0.97 2.07 2.17 2.21 2.09
0.85 0.40 -0.41 -6.89 -8.75 -3.85 1.95 0.93 -0.93 2.06 2.17 2.21 2.09
0.81 0.37 -0.37 -11.31 -9.86 -7.28 1.86 0.86 -0.85 2.07 2.18 2.21 2.06
0.86 0.40 -0.39 -9.78 -7.70 -11.51 1.97 0.91 -0.88 2.06 2.17 2.20 2.08
0.85 0.33 -0.34 -8.87 -9.69 -15.99 1.96 0.76 -0.77 2.05 2.17 2.21 2.08
0.85 0.30 -0.31 -7.59 -11.62 -18.69 1.96 0.68 -0.72 2.06 2.16 2.19 2.06
0.93 0.32 -0.34 -3.27 -14.35 -15.01 2.14 0.73 -0.78 2.05 2.17 2.20 2.08
0.90 0.34 -0.29 -0.22 -20.42 -14.36 2.05 0.78 -0.67 2.05 2.17 2.21 2.06
0.85 0.31 -0.22 5.10 -19.09 -13.50 1.93 0.71 -0.49 2.04 2.17 2.21 2.09
0.88 0.23 -0.18 7.27 -12.97 -14.78 2.01 0.53 -0.42 2.06 2.16 2.18 2.06
0.89 0.16 -0.17 1.96 -8.27 -12.97 2.05 0.37 -0.39 2.05 2.16 2.18 2.06
0.94 0.20 -0.20 -0.69 -4.80 -6.66 2.16 0.47 -0.45 2.05 2.16 2.19 2.06
0.93 0.26 -0.22 0.81 -6.41 -3.43 2.12 0.59 -0.51 2.05 2.16 2.19 2.06
0.90 0.29 -0.24 3.39 -7.13 -2.83 2.08 0.67 -0.55 2.04 2.16 2.20 2.08
0.92 0.33 -0.26 4.75 -7.41 -6.36 2.12 0.76 -0.60 2.04 2.16 2.17 2.07
0.88 0.29 -0.23 9.63 -9.25 -9.26 2.02 0.62 -0.53 2.03 2.15 2.20 2.06
0.87 0.21 -0.20 7.25 -6.95 -7.69 1.98 0.47 -0.46 2.04 2.15 2.19 2.06
0.90 0.22 -0.20 2.25 -2.28 -2.09 2.07 0.49 -0.46 2.02 2.16 2.21 2.06
0.96 0.29 -0.22 -1.59 -1.37 1.50 2.20 0.69 -0.53 2.04 2.16 2.19 2.06
0.94 0.34 -0.23 1.17 -4.95 0.37 2.16 0.77 -0.54 2.05 2.15 2.19 2.06
0.93 0.34 -0.22 2.31 -5.64 -1.94 2.13 0.79 -0.50 2.03 2.14 2.19 2.06
0.94 0.33 -0.23 2.94 -4.92 -4.34 2.17 0.77 -0.53 2.04 2.14 2.18 2.06
0.96 0.30 -0.24 0.85 -4.57 -7.42 2.20 0.70 -0.54 2.04 2.14 2.18 2.06
0.93 0.28 -0.22 -2.72 -4.64 -8.51 2.13 0.64 -0.49 2.04 2.15 2.19 2.06
0.86 0.28 -0.18 -3.49 -0.51 -5.67 1.96 0.62 -0.41 2.02 2.13 2.20 2.07
0.91 0.27 -0.20 -3.60 6.28 -2.20 2.10 0.61 -0.46 2.03 2.15 2.20 2.06
0.99 0.28 -0.26 -2.96 5.47 0.00 2.27 0.66 -0.59 2.03 2.14 2.18 2.05
0.94 0.30 -0.25 -1.32 -2.01 0.42 2.15 0.70 -0.55 2.03 2.15 2.19 2.05
0.92 0.31 -0.23 0.99 -2.80 0.29 2.12 0.71 -0.54 2.01 2.16 2.18 2.04
0.91 0.32 -0.23 1.33 -2.73 -2.77 2.10 0.74 -0.54 2.01 2.14 2.19 2.06
0.93 0.33 -0.25 4.83 -1.27 -5.28 2.14 0.76 -0.57 2.03 2.14 2.19 2.06
0.92 0.29 -0.25 5.96 -2.53 -5.78 2.12 0.66 -0.57 2.03 2.13 2.19 2.07
0.89 0.26 -0.22 2.62 -2.33 -5.29 2.04 0.59 -0.50 2.02 2.14 2.19 2.05
0.90 0.24 -0.22 -1.16 0.03 -1.90 2.07 0.56 -0.51 2.02 2.13 2.17 2.06
0.93 0.30 -0.26 -2.35 -1.61 -0.02 2.14 0.69 -0.61 2.02 2.15 2.19 2.05
0.91 0.33 -0.25 -0.74 -5.19 -0.36 2.08 0.74 -0.57 2.02 2.14 2.18 2.05
0.87 0.33 -0.21 2.51 -4.64 -3.10 2.01 0.75 -0.48 2.01 2.14 2.18 2.05
0.92 0.28 -0.23 5.30 -3.29 -4.72 2.10 0.66 -0.54 2.03 2.14 2.19 2.06
0.94 0.27 -0.25 4.33 -6.29 -4.84 2.17 0.60 -0.57 2.02 2.14 2.18 2.05
0.90 0.25 -0.20 1.83 -10.46 -3.79 2.07 0.57 -0.46 2.01 2.15 2.19 2.05
0.84 0.21 -0.14 -1.33 -6.82 -0.18 1.94 0.48 -0.34 2.03 2.14 2.18 2.05
0.91 0.29 -0.20 -5.91 -1.58 0.88 2.08 0.66 -0.46 2.03 2.13 2.17 2.05
0.93 0.32 -0.23 -3.18 -2.35 -0.13 2.12 0.74 -0.52 2.01 2.15 2.18 2.04
0.87 0.32 -0.20 0.10 -2.17 -2.14 1.99 0.74 -0.46 2.01 2.14 2.18 2.04
0.87 0.29 -0.19 1.61 2.48 -2.35 2.00 0.66 -0.44 2.00 2.15 2.17 2.05
0.95 0.28 -0.24 0.95 3.01 -1.21 2.18 0.65 -0.55 2.01 2.15 2.20 2.05
0.96 0.31 -0.27 -0.12 -2.69 -2.06 2.20 0.72 -0.62 2.01 2.14 2.19 2.05
0.92 0.33 -0.24 0.34 -6.34 -4.36 2.10 0.75 -0.55 2.01 2.13 2.18 2.06
0.88 0.28 -0.20 1.54 -5.87 -5.82 2.02 0.63 -0.45 1.99 2.14 2.16 2.04
0.89 0.25 -0.18 0.08 -1.90 -4.24 2.04 0.57 -0.42 2.00 2.14 2.18 2.04
0.92 0.28 -0.20 -1.76 -0.58 -3.50 2.10 0.65 -0.46 2.00 2.12 2.17 2.04
0.93 0.29 -0.20 0.78 0.30 -2.37 2.13 0.67 -0.48 2.02 2.13 2.17 2.05
0.92 0.28 -0.21 1.11 0.61 -2.43 2.12 0.65 -0.49 2.02 2.13 2.17 2.06
0.95 0.28 -0.23 1.03 0.36 -2.09 2.17 0.63 -0.53 1.99 2.12 2.19 2.04
0.96 0.29 -0.25 -1.07 -2.43 -2.70 2.20 0.65 -0.57 2.00 2.13 2.18 2.05
0.95 0.33 -0.26 -1.75 -5.08 -5.21 2.18 0.75 -0.59 2.02 2.12 2.17 2.04
0.87 0.30 -0.20 0.82 -5.57 -6.80 2.00 0.68 -0.47 2.01 2.12 2.17 2.07
0.88 0.26 -0.19 3.08 0.65 -4.14 2.03 0.60 -0.45 2.01 2.14 2.18 2.04
0.93 0.24 -0.21 2.41 2.20 -0.94 2.14 0.54 -0.49 2.00 2.14 2.19 2.06
0.93 0.24 -0.20 -1.95 1.53 1.68 2.14 0.57 -0.47 2.01 2.14 2.17 2.04
0.92 0.28 -0.20 -3.60 1.87 2.97 2.12 0.65 -0.46 2.02 2.14 2.17 2.04
0.95 0.30 -0.21 -2.20 2.12 1.51 2.17 0.70 -0.49 1.99 2.13 2.18 2.04
0.97 0.32 -0.24 1.02 -2.16 -2.86 2.23 0.74 -0.55 1.99 2.12 2.18 2.05
0.94 0.27 -0.22 4.90 -6.82 -4.72 2.16 0.63 -0.52 2.01 2.13 2.17 2.04
0.88 0.25 -0.18 3.67 -7.16 -4.21 2.01 0.59 -0.40 2.01 2.13 2.18 2.04
0.90 0.26 -0.18 2.81 -2.92 -1.09 2.06 0.60 -0.42 2.01 2.12 2.16 2.04
0.94 0.26 -0.20 0.45 -1.43 0.67 2.15 0.60 -0.47 2.00 2.14 2.16 2.05
0.92 0.30 -0.19 -2.89 -2.11 0.45 2.10 0.69 -0.42 1.99 2.12 2.18 2.05
0.91 0.31 -0.18 -1.56 -0.11 0.28 2.09 0.70 -0.42 2.01 2.14 2.19 2.04
0.93 0.29 -0.20 0.50 0.26 -1.60 2.14 0.65 -0.46 2.01 2.12 2.16 2.04
0.94 0.26 -0.20 0.89 -1.78 -2.30 2.15 0.60 -0.48 2.01 2.14 2.16 2.04
0.92 0.25 -0.20 0.24 -2.57 -1.23 2.11 0.58 -0.46 2.00 2.13 2.18 2.03
0.90 0.26 -0.19 -1.27 -2.02 0.31 2.07 0.60 -0.45 2.01 2.13 2.19 2.05
0.90 0.28 -0.18 -0.71 -0.27 1.50 2.06 0.64 -0.41 2.00 2.13 2.18 2.05
0.93 0.28 -0.18 -1.46 1.47 1.37 2.13 0.65 -0.42 2.00 2.13 2.18 2.04
0.94 0.30 -0.19 -2.32 2.03 0.42 2.16 0.70 -0.44 2.01 2.14 2.18 2.05
0.95 0.30 -0.20 -1.69 0.67 -0.15 2.18 0.69 -0.46 2.00 2.13 2.17 2.04
0.95 0.31 -0.21 -1.53 -1.75 -1.68 2.17 0.72 -0.49 1.98 2.13 2.18 2.05
0.92 0.32 -0.20 -0.62 -4.24 -3.72 2.09 0.72 -0.47 1.99 2.11 2.18 2.05
0.88 0.32 -0.19 0.80 -3.95 -5.06 2.02 0.72 -0.43 1.99 2.12 2.16 2.03
0.87 0.28 -0.18 3.43 -1.05 -4.14 1.99 0.64 -0.41 1.99 2.13 2.17 2.05
0.90 0.24 -0.20 1.53 2.52 -1.95 2.06 0.55 -0.45 1.99 2.12 2.17 2.04
0.93 0.26 -0.22 -2.04 3.17 0.19 2.13 0.59 -0.51 2.00 2.13 2.17 2.04
0.94 0.27 -0.23 -3.59 1.49 0.77 2.16 0.61 -0.51 1.99 2.11 2.16 2.03
0.94 0.31 -0.23 -4.10 -0.67 -0.73 2.16 0.70 -0.53 1.99 2.13 2.16 2.04
0.96 0.31 -0.23 -2.46 -2.66 -4.34 2.20 0.72 -0.53 2.00 2.13 2.18 2.05
0.94 0.30 -0.23 -0.56 -5.82 -8.95 2.16 0.70 -0.50 2.01 2.13 2.19 2.05
0.89 0.28 -0.18 2.20 -6.25 -10.07 2.04 0.65 -0.41 1.99 2.11 2.17 2.04
0.88 0.26 -0.17 4.18 -2.47 -7.56 2.01 0.60 -0.37 2.00 2.12 2.18 2.05
0.91 0.25 -0.18 4.14 1.25 -4.20 2.10 0.57 -0.42 1.99 2.12 2.18 2.06
0.93 0.23 -0.19 1.40 2.20 -1.00 2.13 0.54 -0.43 2.00 2.14 2.18 2.03
0.97 0.26 -0.20 -1.58 1.63 1.86 2.22 0.61 -0.47 1.99 2.12 2.16 2.03
0.96 0.30 -0.20 -1.86 -0.67 1.73 2.20 0.69 -0.46 1.98 2.12 2.17 2.03
0.95 0.30 -0.19 -0.08 -1.74 -0.34 2.18 0.70 -0.43 1.99 2.13 2.18 2.06
0.94 0.28 -0.18 0.94 -1.43 -2.15 2.15 0.64 -0.40 1.99 2.12 2.18 2.03
0.90 0.26 -0.15 0.02 0.44 -1.84 2.07 0.60 -0.35 1.99 2.13 2.17 2.04
0.91 0.26 -0.17 -1.23 4.70 0.80 2.10 0.60 -0.38 1.99 2.12 2.17 2.04
0.94 0.29 -0.20 -3.12 4.85 1.78 2.15 0.66 -0.47 1.99 2.11 2.16 2.04
0.93 0.32 -0.22 -2.76 4.21 0.97 2.13 0.74 -0.50 1.99 2.11 2.18 2.05
0.94 0.32 -0.24 -0.53 3.12 -2.14 2.13 0.73 -0.55 1.99 2.13 2.17 2.05
0.93 0.29 -0.24 2.25 -0.25 -5.72 2.13 0.66 -0.55 2.00 2.13 2.17 2.03
0.89 0.24 -0.21 2.89 -1.20 -5.65 2.05 0.54 -0.48 1.99 2.13 2.17 2.05
0.88 0.23 -0.19 0.94 0.74 -3.38 2.02 0.53 -0.45 1.99 2.13 2.17 2.04
0.90 0.24 -0.20 -0.44 2.67 -0.28 2.09 0.54 -0.46 2.00 2.14 2.18 2.04
0.93 0.27 -0.22 -3.01 1.64 0.91 2.13 0.62 -0.50 1.99 2.12 2.17 2.04
0.93 0.28 -0.21 -2.97 -0.12 -0.14 2.14 0.66 -0.48 1.98 2.13 2.18 2.03
0.92 0.31 -0.20 -1.86 -2.29 -2.41 2.11 0.71 -0.46 1.98 2.11 2.16 2.04
0.91 0.29 -0.17 1.21 -2.59 -4.46 2.08 0.67 -0.40 2.00 2.13 2.16 2.05
0.91 0.27 -0.16 1.61 -1.28 -5.23 2.10 0.63 -0.38 1.99 2.14 2.17 2.05
0.93 0.27 -0.17 1.03 -0.40 -3.53 2.12 0.61 -0.39 1.98 2.12 2.18 2.05
0.93 0.27 -0.18 -0.14 0.38 -1.73 2.13 0.62 -0.41 1.98 2.12 2.19 2.01
0.93 0.28 -0.19 -1.11 0.39 -0.76 2.13 0.64 -0.43 1.99 2.12 2.17 2.05
0.95 0.30 -0.20 -1.27 0.42 -1.65 2.18 0.69 -0.47 1.99 2.10 2.16 2.04
0.94 0.29 -0.21 0.16 -1.55 -3.28 2.15 0.66 -0.46 1.96 2.07 2.16 2.08
0.93 0.28 -0.20 0.57 -2.65 -4.60 2.13 0.64 -0.45 1.97 2.10 2.14 2.00
0.94 0.27 -0.20 0.49 -2.69 -4.14 2.16 0.61 -0.46 1.95 2.11 2.18 2.07
0.92 0.25 -0.18 -0.68 -2.61 -3.46 2.10 0.58 -0.39 2.04 2.08 2.24 1.98
0.92 0.24 -0.16 -1.80 0.07 -1.72 2.11 0.55 -0.37 1.94 2.09 2.18 2.08
0.92 0.25 -0.17 -3.33 1.73 -0.25 2.12 0.57 -0.39 2.05 2.06 2.24 1.99
0.93 0.28 -0.17 -3.09 2.62 0.25 2.14 0.64 -0.39 1.98 2.12 2.18 2.02
0.95 0.30 -0.20 -1.78 2.71 -1.80 2.19 0.70 -0.46 1.98 2.10 2.17 2.08
0.96 0.28 -0.22 1.49 -0.22 -3.74 2.19 0.63 -0.48 1.97 2.09 2.15 2.09
0.93 0.26 -0.20 1.41 -2.04 -3.12 2.12 0.59 -0.47 2.03 2.09 2.21 2.01
0.94 0.25 -0.20 0.92 -2.05 -1.64 2.15 0.58 -0.47 1.97 2.14 2.17 2.00
0.92 0.26 -0.19 0.50 -2.69 -0.56 2.11 0.61 -0.43 1.97 2.13 2.19 2.06
0.91 0.26 -0.17 -0.11 -0.39 0.14 2.09 0.60 -0.38 1.98 2.13 2.17 2.03
0.93 0.27 -0.18 -0.44 1.89 1.65 2.14 0.62 -0.41 1.96 2.10 2.19 2.06
0.96 0.30 -0.21 -1.24 0.81 1.68 2.21 0.68 -0.48 2.00 2.13 2.19 2.05
0.95 0.31 -0.20 -0.33 -2.35 0.14 2.17 0.71 -0.47 2.03 2.09 2.19 2.01
0.93 0.30 -0.19 0.09 -3.42 -2.13 2.13 0.70 -0.44 1.99 2.09 2.22 2.00
0.91 0.30 -0.17 0.02 -2.75 -4.80 2.09 0.68 -0.41 1.95 2.11 2.18 2.05
0.93 0.27 -0.19 1.11 -1.34 -6.09 2.14 0.62 -0.43 1.97 2.11 2.20 2.00
0.94 0.26 -0.19 1.79 -1.85 -5.86 2.15 0.59 -0.42 1.99 2.13 2.18 2.02
0.91 0.24 -0.17 0.95 -1.66 -3.56 2.09 0.54 -0.38 1.95 2.12 2.20 2.06
0.93 0.24 -0.17 -1.37 -0.11 -0.95 2.13 0.56 -0.40 1.98 2.13 2.19 2.03
0.96 0.27 -0.20 -1.62 -0.12 0.52 2.20 0.62 -0.44 1.97 2.10 2.18 2.05
0.94 0.28 -0.19 -1.86 -1.48 0.13 2.17 0.64 -0.42 1.98 2.14 2.13 2.04
0.94 0.28 -0.18 -1.26 -1.25 -0.81 2.17 0.65 -0.41 1.98 2.12 2.18 2.04
0.92 0.27 -0.16 -0.88 -0.31 -1.36 2.11 0.62 -0.36 2.00 2.09 2.16 2.03
0.92 0.26 -0.16 -1.18 2.11 -0.80 2.12 0.61 -0.36 1.93 2.18 2.11 2.03
0.93 0.27 -0.17 -1.60 2.46 -0.69 2.14 0.61 -0.40 1.96 2.06 2.14 2.06
0.93 0.26 -0.18 -1.74 1.78 1.47 2.12 0.59 -0.42 1.92 2.14 2.20 1.96
0.93 0.28 -0.20 -2.13 0.92 2.94 2.14 0.65 -0.47 2.05 2.05 2.19 2.03
0.94 0.30 -0.21 -1.18 -0.30 1.39 2.12 0.70 -0.49 1.97 2.07 2.17 2.10
0.92 0.29 -0.19 -0.58 -0.77 -1.33 2.12 0.65 -0.44 1.97 2.15 2.24 2.00
0.93 0.27 -0.18 -0.97 -0.07 -1.97 2.14 0.61 -0.42 1.98 2.09 2.21 2.00
0.94 0.26 -0.17 -2.47 -0.09 -1.27 2.16 0.60 -0.40 2.00 2.12 2.14 2.08
0.92 0.26 -0.16 -2.97 -0.27 0.52 2.12 0.59 -0.37 2.03 2.14 2.20 2.06
0.92 0.28 -0.17 -3.88 1.19 0.59 2.12 0.64 -0.39 1.97 2.09 2.18 2.08
0.93 0.29 -0.18 -1.65 1.57 -0.74 2.13 0.65 -0.43 2.06 2.07 2.21 2.00
0.93 0.26 -0.20 0.04 0.26 -2.97 2.14 0.59 -0.46 1.99 2.14 2.15 2.03
0.93 0.25 -0.19 0.13 0.08 -2.56 2.12 0.56 -0.43 2.00 2.14 2.23 2.08
0.90 0.23 -0.18 -0.20 0.56 -0.54 2.07 0.54 -0.40 2.04 2.07 2.24 1.99
0.92 0.27 -0.20 -1.54 1.84 1.34 2.11 0.62 -0.47 1.94 2.10 2.23 2.01
0.93 0.28 -0.21 -1.54 1.58 1.48 2.13 0.65 -0.49 2.00 2.12 2.12 2.05
0.95 0.28 -0.22 -1.25 1.12 0.12 2.16 0.65 -0.51 1.98 2.15 2.12 2.08
0.95 0.27 -0.21 -0.31 -0.04 -1.31 2.18 0.62 -0.49 1.97 2.12 2.19 2.03
0.94 0.26 -0.19 0.85 -1.63 -1.52 2.15 0.62 -0.42 1.97 2.10 2.16 2.04
0.91 0.25 -0.16 1.09 -0.25 -0.22 2.09 0.57 -0.36 1.99 2.12 2.16 2.03
0.92 0.26 -0.16 -0.33 1.78 1.42 2.12 0.59 -0.38 1.99 2.11 2.16 2.03
0.95 0.28 -0.19 -1.23 1.86 2.54 2.19 0.63 -0.43 1.98 2.12 2.17 2.04
0.94 0.30 -0.19 -1.44 0.59 1.83 2.15 0.68 -0.43 1.99 2.11 2.16 2.04
0.93 0.29 -0.17 -0.21 0.77 0.59 2.12 0.67 -0.40 2.00 2.11 2.16 2.03
0.92 0.27 -0.17 0.30 2.04 -0.60 2.10 0.62 -0.39 1.99 2.11 2.14 2.04
0.92 0.26 -0.17 -0.74 3.70 0.25 2.11 0.59 -0.40 1.99 2.11 2.17 2.03
0.92 0.26 -0.19 -1.37 4.24 2.33 2.12 0.60 -0.44 2.00 2.11 2.18 2.03
0.93 0.27 -0.20 -1.70 3.67 3.52 2.13 0.62 -0.47 1.98 2.12 2.17 2.02
0.95 0.29 -0.21 -1.21 2.62 3.53 2.17 0.66 -0.48 1.97 2.13 2.17 2.02
0.94 0.28 -0.21 -0.66 1.25 2.41 2.16 0.64 -0.48 1.99 2.11 2.16 2.02
0.92 0.28 -0.19 -1.17 0.30 0.09 2.12 0.65 -0.43 1.98 2.11 2.17 2.02
0.91 0.27 -0.18 -1.27 0.25 -0.56 2.09 0.62 -0.41 1.99 2.10 2.17 2.03
0.91 0.28 -0.17 -1.85 1.45 -0.32 2.07 0.65 -0.39 1.99 2.11 2.16 2.05
0.91 0.30 -0.18 -1.07 1.72 0.49 2.09 0.69 -0.43 1.97 2.13 2.15 2.04
0.92 0.31 -0.20 -1.70 2.32 -0.17 2.12 0.71 -0.46 2.00 2.11 2.16 2.04
0.93 0.31 -0.21 -1.23 1.24 -1.40 2.12 0.70 -0.48 1.99 2.11 2.17 2.04
0.93 0.29 -0.21 -0.68 0.23 -2.38 2.13 0.67 -0.47 1.99 2.10 2.18 2.02
0.92 0.28 -0.20 0.50 -1.15 -2.56 2.12 0.64 -0.47 1.97 2.13 2.14 2.04
0.89 0.27 -0.19 -0.08 -1.74 -1.74 2.03 0.62 -0.41 1.98 2.13 2.18 2.04
0.89 0.27 -0.18 -1.22 0.33 -0.95 2.04 0.62 -0.41 1.97 2.13 2.14 2.06
0.92 0.27 -0.21 -1.74 1.24 -0.43 2.12 0.63 -0.47 1.99 2.11 2.18 2.03
0.93 0.26 -0.20 -2.79 -1.08 -0.45 2.12 0.60 -0.47 1.99 2.12 2.17 2.05
0.91 0.28 -0.19 -3.88 -2.61 -0.85 2.10 0.65 -0.44 1.98 2.14 2.17 2.02
0.90 0.26 -0.17 -2.15 -3.12 -1.15 2.08 0.59 -0.39 2.01 2.12 2.13 2.04
0.91 0.26 -0.17 -2.01 -2.52 -0.36 2.09 0.60 -0.40 2.01 2.11 2.12 2.05
0.92 0.28 -0.18 -0.99 -2.97 1.10 2.11 0.64 -0.42 1.95 2.13 2.18 2.05
0.92 0.30 -0.18 0.11 -2.69 1.06 2.09 0.68 -0.43 2.00 2.12 2.12 2.06
0.92 0.32 -0.20 1.17 -2.63 -0.36 2.13 0.73 -0.45 1.97 2.10 2.17 2.00
0.93 0.30 -0.19 1.46 -2.18 -1.10 2.13 0.68 -0.44 1.95 2.14 2.17 2.00
0.94 0.28 -0.19 -0.29 -1.84 -1.46 2.15 0.65 -0.45 2.00 2.13 2.11 2.04
0.94 0.29 -0.19 -3.33 -1.96 -1.32 2.16 0.67 -0.43 1.97 2.08 2.21 2.00
0.94 0.29 -0.18 -4.08 -2.66 -1.29 2.16 0.66 -0.41 1.99 2.13 2.13 2.02
0.93 0.30 -0.17 -4.00 -2.52 -2.16 2.14 0.69 -0.39 1.99 2.11 2.14 2.04
0.94 0.30 -0.17 -1.83 -2.50 -3.69 2.17 0.68 -0.39 1.98 2.11 2.19 2.02
0.93 0.27 -0.15 -0.96 -3.04 -4.92 2.12 0.60 -0.35 1.96 2.11 2.18 2.04
0.92 0.26 -0.15 -1.72 -1.29 -4.53 2.11 0.61 -0.33 1.97 2.11 2.18 2.04
0.92 0.25 -0.15 -2.45 0.55 -2.77 2.12 0.57 -0.35 2.00 2.11 2.17 2.03
0.93 0.26 -0.17 -4.02 0.96 -1.61 2.15 0.60 -0.39 1.99 2.12 2.15 2.04
0.93 0.27 -0.19 -3.79 1.17 -0.86 2.14 0.63 -0.43 2.00 2.13 2.18 2.04
0.93 0.28 -0.19 -2.35 0.37 -2.04 2.14 0.64 -0.43 1.96 2.13 2.18 2.05
0.94 0.27 -0.19 -1.31 -0.43 -2.84 2.17 0.61 -0.46 2.00 2.13 2.17 2.03
0.95 0.26 -0.19 -0.94 -2.09 -2.77 2.18 0.60 -0.45 1.95 2.13 2.19 2.06
0.93 0.26 -0.17 0.59 -3.50 -1.12 2.13 0.58 -0.37 2.00 2.13 2.10 2.05
0.93 0.27 -0.16 -0.05 -2.41 0.28 2.13 0.62 -0.38 2.01 2.10 2.13 1.99
0.93 0.28 -0.17 -0.71 -0.89 0.67 2.14 0.65 -0.38 1.99 2.13 2.17 2.05
0.94 0.28 -0.17 -1.24 -0.26 0.99 2.15 0.64 -0.41 1.93 2.14 2.19 1.99
0.93 0.30 -0.18 -1.92 0.38 1.03 2.13 0.69 -0.41 2.00 2.11 2.13 2.04
0.92 0.30 -0.18 -1.17 0.74 0.90 2.12 0.70 -0.42 1.94 2.17 2.11 2.08
0.93 0.30 -0.19 -1.62 1.30 0.59 2.13 0.67 -0.44 2.00 2.05 2.17 2.03
0.95 0.30 -0.20 -2.06 0.25 0.45 2.18 0.68 -0.45 1.99 2.13 2.17 2.04
0.94 0.28 -0.18 -2.17 -0.49 -0.31 2.16 0.65 -0.42 1.97 2.07 2.24 1.96
0.94 0.29 -0.18 -2.91 -0.49 -1.79 2.15 0.65 -0.41 2.00 2.14 2.18 2.05
0.94 0.27 -0.17 -2.35 0.38 -2.77 2.15 0.62 -0.40 2.04 2.08 2.12 2.10
0.94 0.26 -0.18 -2.12 0.64 -2.22 2.15 0.60 -0.40 1.98 2.11 2.13 1.99
0.93 0.26 -0.17 -1.99 1.05 -0.97 2.14 0.61 -0.39 2.06 2.09 2.18 2.04
0.91 0.27 -0.16 -2.37 1.91 -0.77 2.09 0.63 -0.38 1.95 2.12 2.19 1.98
0.92 0.28 -0.17 -1.75 3.60 -0.77 2.11 0.64 -0.39 2.02 2.12 2.12 1.97
0.94 0.26 -0.19 -1.44 3.49 -0.71 2.15 0.61 -0.43 1.96 2.06 2.19 2.05
0.94 0.26 -0.20 -2.01 2.93 -0.39 2.16 0.60 -0.45 1.94 2.15 2.17 2.06
0.94 0.27 -0.21 -3.44 1.00 -1.28 2.16 0.63 -0.47 1.99 2.12 2.12 1.98
0.93 0.27 -0.20 -2.23 -0.46 -1.69 2.13 0.62 -0.45 1.96 2.13 2.13 1.97
0.91 0.27 -0.18 -1.68 -0.93 -2.23 2.08 0.61 -0.41 2.04 2.06 2.25 1.99
0.90 0.26 -0.17 -1.00 -0.66 -1.24 2.07 0.61 -0.39 2.04 2.09 2.11 2.09
0.89 0.27 -0.16 -0.65 0.38 -0.11 2.05 0.61 -0.36 1.95 2.13 2.12 2.03