start recording
0.10 -0.85 1.09 96.46 -149.81 -126.43 0.21 -2.05 2.50 1.70 1.57 1.59 1.55
0.14 -0.82 1.15 26.58 -98.32 -144.19 0.12 -1.88 2.64 1.69 1.51 1.59 1.54
-0.17 -0.78 1.30 -16.22 -39.65 -190.89 -0.39 -1.78 2.98 1.67 1.54 1.57 1.50
-0.20 -0.75 1.24 -35.93 47.78 -245.43 -0.43 -1.68 2.84 1.64 1.51 1.55 1.51
-0.35 -0.57 1.19 -57.44 119.30 -286.72 -0.79 -1.32 2.73 1.67 1.52 1.54 1.51
-0.29 -0.58 1.18 -38.40 180.10 -286.72 -0.75 -1.53 2.60 1.64 1.53 1.53 1.51
-0.06 -0.99 1.15 -35.28 219.32 -286.72 -0.13 -2.28 2.63 1.64 1.51 1.53 1.49
-0.09 -1.20 1.14 -66.16 228.69 -286.72 -0.29 -2.80 2.58 1.65 1.54 1.51 1.49
-0.10 -1.20 1.11 -114.65 253.18 -286.72 -0.27 -2.73 2.56 1.61 1.53 1.49 1.54
-0.26 -1.21 1.23 -173.83 286.68 -285.49 -0.60 -2.77 2.83 1.61 1.50 1.55 1.49
-0.47 -0.95 1.02 -240.07 286.68 -270.45 -1.00 -2.13 2.24 1.60 1.55 1.52 1.48
-0.45 -0.66 0.97 -265.52 286.68 -270.63 -1.03 -1.52 2.23 1.65 1.53 1.49 1.50
-0.44 -0.71 0.64 -257.14 286.68 -272.05 -0.96 -1.60 1.54 1.60 1.54 1.51 1.48
-0.13 -0.80 0.56 -243.90 286.68 -209.39 -0.30 -1.85 1.29 1.61 1.50 1.54 1.49
0.13 -0.66 0.69 -173.55 286.68 -190.90 0.38 -1.44 1.59 1.60 1.50 1.54 1.48
0.46 -0.71 0.27 -149.12 286.68 -76.33 0.25 -1.65 0.62 1.61 1.49 1.56 1.48
0.14 -1.39 0.24 -112.95 286.68 19.83 0.32 -3.19 0.55 1.66 1.52 1.54 1.53
0.45 -0.76 0.21 -125.97 286.68 45.91 0.43 -2.76 0.43 1.59 1.54 1.52 1.49
-0.10 -0.99 0.07 -88.30 286.68 32.56 -0.22 -2.26 0.15 1.66 1.48 1.56 1.49
0.79 -0.80 0.02 -8.69 239.72 -34.26 1.72 -1.77 0.04 1.65 1.53 1.53 1.52
0.86 -0.86 -0.04 26.22 164.74 -62.70 1.98 -1.97 -0.08 1.67 1.52 1.49 1.55
0.87 -0.95 -0.03 6.50 116.25 -72.37 1.99 -2.19 -0.07 1.68 1.50 1.50 1.54
0.79 -0.86 -0.01 1.53 76.42 -51.97 1.87 -2.00 0.11 1.61 1.52 1.53 1.52
0.75 -0.79 0.09 4.76 52.69 -38.54 1.73 -1.81 0.21 1.66 1.51 1.49 1.52
0.76 -0.79 0.14 6.47 38.76 -28.60 1.76 -1.77 0.33 1.60 1.52 1.53 1.53
0.84 -0.72 0.24 22.85 47.37 -5.88 1.93 -1.66 0.56 1.61 1.54 1.49 1.51
0.85 -0.70 0.24 11.45 27.61 -6.30 1.96 -1.61 0.55 1.61 1.55 1.49 1.54
0.90 -0.72 0.27 3.03 16.49 -0.66 2.05 -1.59 0.64 1.60 1.50 1.49 1.49
0.86 -0.65 0.29 -6.48 10.46 4.44 1.98 -1.50 0.66 1.59 1.53 1.53 1.49
0.85 -0.62 0.33 -7.84 10.57 10.00 1.95 -1.43 0.79 1.66 1.52 1.49 1.52
0.84 -0.57 0.36 -10.93 12.50 16.71 1.92 -1.34 0.82 1.63 1.51 1.54 1.49
0.85 -0.56 0.34 -12.09 15.99 19.35 1.95 -1.29 0.79 1.63 1.53 1.50 1.54
0.87 -0.52 0.35 -14.86 15.15 21.13 1.98 -1.15 0.80 1.64 1.52 1.53 1.49
0.85 -0.50 0.33 -10.54 15.35 18.67 1.96 -1.16 0.75 1.61 1.55 1.50 1.54
0.89 -0.53 0.32 -6.32 10.92 17.61 2.04 -1.22 0.71 1.65 1.49 1.55 1.51
0.87 -0.52 0.30 -4.97 -0.41 17.08 2.01 -1.19 0.70 1.67 1.50 1.49 1.52
0.82 -0.51 0.29 -0.15 -7.00 15.60 1.89 -1.17 0.67 1.65 1.50 1.55 1.49
0.80 -0.53 0.33 1.82 -14.31 11.17 1.83 -1.20 0.76 1.65 1.55 1.55 1.54
0.81 -0.53 0.31 7.13 -16.91 10.11 1.86 -1.21 0.72 1.64 1.53 1.50 1.48
0.81 -0.57 0.29 13.45 -21.10 15.03 1.84 -1.32 0.65 1.63 1.55 1.54 1.48
0.72 -0.57 0.36 13.08 -29.85 17.21 1.65 -1.31 0.84 1.60 1.52 1.55 1.48
0.73 -0.56 0.34 9.29 -34.18 11.61 1.69 -1.29 0.79 1.58 1.56 1.49 1.54
0.81 -0.55 0.27 16.45 -37.98 16.81 1.90 -1.19 0.62 1.60 1.50 1.54 1.55
0.86 -0.65 0.28 28.45 -44.47 28.29 1.98 -1.50 0.64 1.63 1.55 1.49 1.52
0.93 -0.67 0.26 36.51 -64.01 39.13 2.17 -1.54 0.60 1.61 1.51 1.54 1.51
0.70 -0.61 0.26 28.56 -99.98 54.44 1.61 -1.39 0.59 1.60 1.51 1.56 1.54
0.58 -0.55 0.47 48.36 -94.26 37.26 1.34 -1.26 1.08 1.64 1.56 1.52 1.49
0.68 -0.58 0.39 54.56 -80.53 27.93 1.62 -1.35 0.90 1.64 1.53 1.50 1.55
0.88 -0.69 0.37 59.16 -76.29 53.43 2.02 -1.58 0.85 1.68 1.50 1.50 1.53
1.00 -0.72 0.36 62.06 -95.17 86.66 2.25 -1.67 0.78 1.62 1.50 1.53 1.55
0.97 -0.61 0.19 66.53 -124.26 128.52 2.24 -1.40 0.45 1.67 1.54 1.49 1.49
0.62 -0.66 0.19 87.29 -156.96 147.13 1.42 -1.52 0.51 1.59 1.56 1.48 1.57
0.52 -0.62 0.35 104.84 -181.42 131.88 1.10 -1.34 0.85 1.60 1.53 1.53 1.52
0.33 -0.59 0.40 107.44 -183.07 90.57 0.75 -1.35 0.91 1.60 1.50 1.53 1.54
0.63 -0.48 0.56 113.37 -152.15 57.19 1.44 -1.19 1.27 1.62 1.56 1.50 1.50
0.97 -0.59 0.50 113.29 -142.59 76.92 2.23 -1.35 1.14 1.67 1.50 1.49 1.49
1.15 -0.67 0.50 112.18 -155.82 129.71 2.63 -1.52 1.15 1.62 1.55 1.49 1.57
1.06 -0.70 0.39 111.51 -196.71 188.96 2.44 -1.60 0.90 1.68 1.55 1.49 1.52
0.42 -0.67 0.21 111.60 -226.91 226.59 0.96 -1.53 0.56 1.61 1.53 1.55 1.50
0.00 -0.50 0.53 154.04 -207.38 182.60 0.08 -1.14 1.24 1.66 1.56 1.58 1.51
0.23 -0.59 0.66 166.87 -172.04 123.60 0.52 -1.35 1.52 1.60 1.53 1.56 1.50
0.46 -0.62 0.77 138.59 -159.21 105.67 1.08 -1.45 1.84 1.69 1.54 1.52 1.54
0.80 -0.68 0.87 121.31 -147.78 120.83 1.84 -1.55 2.00 1.65 1.55 1.61 1.55
0.76 -0.64 0.87 109.78 -134.61 163.21 1.73 -1.53 2.00 1.69 1.51 1.63 1.50
0.56 -0.58 0.83 108.09 -131.05 200.10 1.29 -1.33 1.91 1.69 1.53 1.57 1.59
0.47 -0.66 0.84 89.14 -118.70 213.16 1.08 -1.52 1.93 1.64 1.53 1.58 1.54
0.33 -0.52 1.01 72.91 -128.59 186.81 0.57 -1.18 2.33 1.66 1.58 1.63 1.50
0.16 -0.61 0.98 49.95 -129.76 128.28 0.36 -1.40 2.24 1.65 1.51 1.61 1.55
0.18 -0.57 1.11 4.16 -103.29 83.32 0.36 -1.23 2.60 1.68 1.53 1.59 1.50
0.44 -0.54 1.17 -43.32 -49.59 65.31 1.01 -1.24 2.69 1.69 1.53 1.62 1.58
0.66 -0.57 1.20 -82.38 -23.91 78.74 1.52 -1.29 2.70 1.69 1.54 1.74 1.50
0.73 -0.50 1.09 -93.34 -20.93 112.58 1.76 -1.26 2.43 1.62 1.56 1.73 1.59
0.66 -0.41 0.94 -124.13 -22.14 130.84 1.51 -0.93 2.15 1.68 1.69 1.76 1.64
0.55 -0.23 0.87 -118.77 -25.79 103.48 1.13 -0.49 1.98 1.61 1.78 1.69 1.72
0.04 -0.26 0.56 -114.14 -33.62 43.97 0.10 -0.59 1.29 1.71 1.66 1.78 1.67
0.21 -0.22 0.94 -106.42 4.80 30.94 0.45 -0.58 2.20 1.67 1.75 1.78 1.76
0.28 -0.35 1.05 -175.41 38.28 28.26 0.71 -0.80 2.40 1.66 1.75 1.81 1.75
0.41 -0.38 1.05 -211.06 77.28 40.66 0.95 -0.87 2.40 1.62 1.84 1.73 1.81
0.49 -0.36 1.03 -262.10 110.90 39.08 1.11 -0.78 2.32 1.68 1.81 1.80 1.83
0.63 -0.15 0.69 -285.85 131.88 36.29 1.44 -0.35 1.59 1.68 1.80 1.89 1.86
0.62 -0.11 0.74 -279.68 124.22 24.88 1.37 -0.23 1.55 1.62 1.97 1.89 1.87
0.61 0.23 0.76 -269.37 137.68 8.38 1.41 0.52 1.75 1.67 1.99 1.97 1.84
0.26 0.36 0.75 -259.91 163.24 0.90 0.60 0.83 1.73 1.64 1.89 1.93 1.89
0.39 0.17 0.78 -222.23 205.49 -23.71 0.95 0.31 1.78 1.64 2.02 1.96 1.91
0.43 -0.10 0.31 -241.57 231.38 -12.05 0.99 -0.22 0.71 1.66 1.94 2.06 1.98
0.86 0.06 0.28 -274.77 234.68 24.99 2.13 0.15 0.63 1.65 1.96 2.01 1.96
0.87 0.42 0.15 -269.11 205.83 26.02 1.99 0.97 0.35 1.66 2.03 2.14 1.96
0.76 0.74 0.04 -223.35 178.13 12.09 1.75 1.81 0.24 1.76 2.00 2.16 2.04
0.73 0.92 0.07 -142.92 173.79 -9.68 1.70 2.05 0.16 1.72 2.05 2.15 2.07
0.83 0.68 0.23 -73.89 165.11 -23.43 1.91 1.56 0.54 1.69 2.06 2.20 1.97
0.74 0.32 0.22 -35.98 150.27 -30.56 1.73 0.66 0.46 1.76 2.07 2.10 2.04
0.91 0.13 0.16 -20.99 147.18 -17.75 2.08 0.29 0.38 1.68 2.14 2.22 2.02
0.98 0.13 0.12 -32.47 136.86 -8.51 2.29 0.35 0.30 1.74 2.07 2.10 2.03
0.92 0.37 -0.05 -43.00 125.43 -12.66 2.14 0.85 -0.07 1.72 2.11 2.27 2.04
0.91 0.60 0.03 -33.69 124.05 -20.35 2.10 1.37 0.08 1.75 2.10 2.19 2.12
0.86 0.55 0.08 -7.05 129.57 -29.83 2.01 1.26 0.29 1.78 2.18 2.16 2.06
0.86 0.40 0.20 15.40 123.61 -37.37 1.98 0.93 0.46 1.69 2.09 2.19 2.12
0.79 0.34 0.29 32.61 128.61 -42.47 1.80 0.72 0.64 1.79 2.19 2.18 2.07
0.89 0.27 0.17 37.97 127.13 -34.70 2.04 0.63 0.38 1.76 2.25 2.18 2.11
0.98 0.22 0.04 39.77 123.59 -21.97 2.26 0.52 0.10 1.81 2.11 2.30 2.05
0.99 0.28 0.06 40.55 112.89 -14.75 2.27 0.64 0.04 1.82 2.14 2.20 2.16
0.89 0.35 0.05 46.38 108.24 -16.79 2.04 0.80 0.11 1.74 2.17 2.25 2.16
0.82 0.41 0.14 68.68 112.37 -20.81 1.93 0.85 0.37 1.78 2.17 2.26 2.08
0.82 0.29 0.14 93.38 124.18 -21.60 1.89 0.67 0.33 1.75 2.21 2.23 2.10
0.94 0.16 -0.01 114.57 124.85 -16.77 2.20 0.38 -0.10 1.78 2.19 2.22 2.12
1.08 0.09 -0.16 133.04 110.15 -5.84 2.51 0.26 -0.36 1.86 2.21 2.20 2.13
1.03 0.10 -0.35 117.27 83.24 3.21 2.37 0.23 -0.80 1.86 2.13 2.32 2.06
1.02 0.17 -0.40 97.64 69.10 16.93 2.36 0.43 -0.88 1.90 2.22 2.16 2.15
0.99 0.22 -0.37 85.20 51.13 21.17 2.28 0.50 -0.84 1.88 2.24 2.22 2.16
0.98 0.23 -0.26 69.13 53.62 28.00 2.33 0.52 -0.58 1.99 2.12 2.29 2.07
0.98 0.16 -0.39 51.52 41.50 22.86 2.22 0.36 -0.89 2.01 2.14 2.22 2.12
0.99 0.27 -0.33 32.79 33.24 12.38 2.27 0.63 -0.77 1.91 2.19 2.25 2.04
0.93 0.29 -0.29 31.59 35.76 7.76 2.13 0.70 -0.69 1.93 2.20 2.26 2.07
1.00 0.22 -0.31 31.89 33.14 9.06 2.29 0.51 -0.72 1.95 2.19 2.29 2.12
0.89 0.19 -0.23 18.09 25.49 10.99 2.01 0.44 -0.51 1.98 2.14 2.30 2.06
0.83 0.33 -0.21 9.27 23.40 8.13 1.90 0.76 -0.47 1.99 2.19 2.24 2.11
0.94 0.31 -0.23 15.57 26.62 7.68 2.16 0.71 -0.53 2.04 2.25 2.15 2.15
0.96 0.30 -0.24 13.56 19.32 2.39 2.21 0.69 -0.56 1.99 2.24 2.16 2.13
1.05 0.29 -0.27 10.40 11.65 1.94 2.41 0.66 -0.62 2.04 2.14 2.16 2.09
1.01 0.30 -0.23 4.60 2.66 0.38 2.31 0.69 -0.53 2.05 2.15 2.19 2.09
0.92 0.34 -0.17 2.93 -2.41 -2.62 2.11 0.78 -0.38 2.01 2.12 2.23 2.15
0.90 0.32 -0.13 4.95 0.99 -3.09 2.05 0.73 -0.30 2.09 2.17 2.19 2.12
0.92 0.29 -0.14 3.02 3.28 -6.32 2.09 0.67 -0.29 2.03 2.19 2.17 2.10
0.90 0.29 -0.13 1.41 6.39 -7.03 2.06 0.66 -0.29 2.04 2.14 2.16 2.06
0.99 0.27 -0.18 1.20 6.70 -5.66 2.27 0.61 -0.41 2.06 2.17 2.20 2.12
0.95 0.28 -0.17 -0.04 -0.56 -6.47 2.19 0.63 -0.38 1.98 2.12 2.16 2.07
0.89 0.29 -0.12 0.31 -0.82 -8.04 2.04 0.66 -0.26 1.98 2.24 2.15 2.13
0.96 0.25 -0.17 4.70 1.29 -6.43 2.25 0.57 -0.41 2.02 2.24 2.20 2.04
0.98 0.23 -0.19 4.70 -6.13 -4.28 2.23 0.52 -0.42 1.96 2.27 2.14 2.10
0.89 0.26 -0.13 3.04 -8.57 -4.51 2.05 0.60 -0.30 1.96 2.12 2.17 2.05
0.86 0.23 -0.09 2.60 -7.08 -7.31 1.96 0.52 -0.19 1.98 2.19 2.26 2.03
0.83 0.15 -0.03 -0.50 -0.56 -5.17 1.93 0.34 -0.08 1.96 2.24 2.13 2.14
0.98 0.21 -0.11 -5.44 2.69 -0.81 2.25 0.47 -0.25 2.03 2.11 2.23 2.10
1.00 0.29 -0.12 -1.90 -2.66 0.46 2.29 0.67 -0.29 2.06 2.11 2.27 2.01
0.99 0.30 -0.13 6.83 -7.41 -1.38 2.28 0.70 -0.29 1.98 2.18 2.23 2.10
0.98 0.29 -0.13 11.89 -11.47 -5.68 2.25 0.66 -0.29 2.03 2.21 2.19 2.04
0.93 0.25 -0.10 12.06 -12.63 -8.09 2.12 0.55 -0.21 2.06 2.17 2.17 2.12
0.84 0.19 -0.03 7.20 -8.84 -5.78 1.94 0.44 -0.07 2.00 2.20 2.13 2.12
0.89 0.21 -0.05 0.19 2.00 -0.23 2.06 0.48 -0.13 1.96 2.24 2.16 2.09
0.98 0.31 -0.11 -4.59 5.57 0.72 2.25 0.71 -0.25 2.04 2.21 2.24 2.13
1.02 0.33 -0.13 -0.60 3.12 -2.77 2.33 0.76 -0.31 2.06 2.07 2.27 2.00
1.01 0.31 -0.13 3.84 -2.10 -6.20 2.32 0.70 -0.31 1.95 2.22 2.11 2.06
1.00 0.29 -0.14 7.51 -5.36 -8.05 2.30 0.66 -0.33 2.01 2.16 2.23 2.10
0.92 0.23 -0.11 9.37 -8.49 -8.26 2.12 0.53 -0.25 2.06 2.09 2.24 2.04
0.86 0.12 -0.06 2.98 -2.97 -2.45 1.97 0.30 -0.14 1.96 2.13 2.24 2.02
0.93 0.27 -0.14 -5.77 5.15 2.51 2.14 0.62 -0.33 1.99 2.23 2.15 2.06
0.93 0.25 -0.13 -2.91 6.24 3.83 2.14 0.56 -0.30 2.03 2.11 2.15 2.07
0.96 0.22 -0.15 -1.67 2.84 4.76 2.21 0.52 -0.37 1.95 2.24 2.16 2.03
1.03 0.29 -0.25 -0.90 -3.10 6.36 2.37 0.66 -0.56 1.93 2.22 2.14 2.11
1.09 0.31 -0.36 5.51 -15.78 6.41 2.59 0.71 -0.73 2.03 2.19 2.24 2.10
1.24 0.32 -0.48 15.38 -37.84 7.32 2.85 0.74 -1.11 1.95 2.22 2.13 2.14
1.42 0.45 -0.69 26.90 -71.66 7.76 3.25 1.02 -1.62 1.92 2.18 2.18 2.01
1.14 0.30 -0.52 43.42 -131.26 1.13 2.50 0.64 -1.12 1.99 2.22 2.20 2.02
0.73 0.31 -0.25 26.35 -154.49 -19.05 1.67 0.71 -0.56 1.93 2.10 2.20 2.13
0.78 0.49 -0.22 25.24 -139.26 -29.51 1.71 1.09 -0.53 1.90 2.16 2.20 2.04
0.83 0.35 -0.22 50.49 -131.88 -29.95 1.89 0.80 -0.52 1.91 2.10 2.24 2.08
0.97 0.45 -0.35 61.60 -136.72 -28.23 2.32 1.10 -0.82 1.94 2.09 2.18 2.06
1.13 0.53 -0.45 95.47 -156.34 -25.30 2.61 1.22 -1.04 1.93 2.10 2.26 2.02
1.08 0.50 -0.37 140.74 -211.11 -26.21 2.47 1.15 -0.84 1.86 2.13 2.25 1.99
0.85 0.28 -0.20 163.10 -254.70 -52.91 1.90 0.65 -0.46 1.84 2.11 2.22 2.07
0.61 0.19 -0.11 160.48 -286.72 -83.65 1.40 0.43 -0.25 1.87 2.19 2.17 2.03
0.60 0.30 -0.02 149.03 -286.72 -89.42 1.36 0.61 -0.14 1.87 2.10 2.16 2.08
0.48 0.32 0.06 147.24 -286.71 -84.04 1.10 0.74 0.15 1.83 2.18 2.14 1.98
0.59 0.63 0.03 172.13 -267.67 -84.86 1.35 1.44 0.12 1.81 2.08 2.16 2.03
0.60 0.59 -0.04 222.29 -257.67 -100.35 1.33 1.34 -0.09 1.76 2.01 2.14 2.05
0.61 0.41 -0.06 261.11 -266.36 -114.86 1.41 0.93 -0.14 1.78 2.11 2.06 1.99
0.37 0.08 0.00 271.52 -285.65 -122.20 0.93 0.33 0.45 1.69 2.11 2.03 2.04
0.25 -0.11 0.44 280.86 -286.72 -147.83 0.57 -0.25 1.01 1.74 1.97 2.11 1.89
0.12 -0.32 0.71 275.90 -286.72 -164.30 0.26 -0.77 1.74 1.79 1.94 1.98 1.96
-0.05 -0.39 1.04 257.11 -286.72 -162.04 -0.10 -0.88 2.38 1.69 1.91 1.99 1.86
-0.05 -0.36 1.10 237.72 -235.44 -155.12 -0.11 -0.82 2.53 1.71 1.93 1.95 1.81
-0.05 -0.28 1.14 228.01 -142.88 -158.63 -0.11 -0.63 2.61 1.76 1.79 1.88 1.81
0.04 -0.42 1.03 221.74 -74.50 -166.22 0.08 -0.96 2.37 1.71 1.78 1.85 1.77
0.08 -0.62 1.01 222.94 -47.01 -164.86 0.15 -1.47 2.31 1.68 1.84 1.80 1.69
0.10 -0.69 0.95 211.99 -34.37 -162.29 0.22 -1.59 2.18 1.67 1.71 1.74 1.73
0.01 -0.76 0.96 200.93 -17.93 -166.22 0.01 -1.78 2.20 1.70 1.76 1.74 1.71
-0.02 -0.83 0.93 184.94 -5.89 -163.72 -0.07 -1.90 2.13 1.68 1.78 1.66 1.66
-0.03 -0.85 0.90 162.85 8.58 -170.78 -0.07 -1.94 2.08 1.72 1.65 1.72 1.60
-0.07 -0.96 0.86 144.47 15.80 -172.79 -0.14 -2.30 1.97 1.70 1.62 1.67 1.68
-0.12 -1.08 0.91 110.15 22.64 -173.11 -0.28 -2.47 2.09 1.71 1.68 1.66 1.63
-0.24 -1.44 0.95 56.69 0.76 -177.99 -0.50 -3.40 2.19 1.67 1.64 1.61 1.60
-0.19 -1.55 1.13 -27.44 45.02 -178.21 -0.43 -3.55 2.60 1.67 1.56 1.64 1.54
-0.11 -1.20 1.09 -117.35 121.76 -200.87 -0.38 -2.61 2.43 1.63 1.58 1.59 1.56
0.07 -1.20 0.93 -162.49 210.51 -207.91 0.19 -2.65 2.14 1.64 1.56 1.57 1.54
-0.14 -0.58 0.78 -159.27 261.07 -206.55 -0.33 -1.33 1.78 1.71 1.50 1.59 1.50
-0.07 -0.51 0.81 -109.86 286.68 -209.83 -0.23 -1.23 1.94 1.61 1.52 1.54 1.54
-0.25 -0.66 0.94 -86.56 286.68 -231.03 -0.58 -1.51 2.16 1.67 1.50 1.52 1.52
-0.20 -0.97 0.91 -114.89 286.68 -247.52 -0.25 -2.34 2.14 1.63 1.49 1.58 1.48
-0.09 -1.14 0.88 -186.42 286.68 -228.37 -0.21 -2.61 2.01 1.62 1.53 1.54 1.52
-0.10 -1.04 0.94 -219.64 286.68 -220.43 -0.03 -2.20 2.21 1.63 1.54 1.50 1.55
-0.14 -1.01 0.79 -252.04 286.68 -175.64 -0.13 -2.20 2.04 1.59 1.56 1.50 1.53
-0.06 -0.92 0.81 -240.64 286.68 -141.80 -0.15 -2.12 1.86 1.59 1.56 1.49 1.54
-0.03 -0.59 0.38 -233.67 286.68 -114.28 0.18 -1.56 1.10 1.65 1.53 1.55 1.54
0.15 -1.52 0.22 -223.96 286.68 26.66 0.34 -3.49 0.50 1.68 1.52 1.49 1.52
0.39 -0.86 0.56 -245.67 286.68 -56.98 0.99 -1.69 0.70 1.65 1.54 1.51 1.50
0.63 -1.07 0.31 -174.31 286.68 19.77 1.44 -2.46 0.70 1.64 1.48 1.54 1.53
0.51 -0.87 0.22 -141.11 286.68 -9.59 1.18 -2.11 0.44 1.61 1.53 1.52 1.49
0.80 -0.85 0.15 -110.73 285.19 -25.75 1.87 -1.93 0.29 1.67 1.50 1.57 1.50
0.73 -0.81 0.12 -77.62 216.10 -10.19 1.68 -1.86 0.27 1.65 1.50 1.54 1.53
0.67 -0.75 0.01 -39.64 174.28 -22.85 1.52 -1.72 0.08 1.61 1.55 1.53 1.48
0.83 -0.67 0.12 8.07 129.09 -22.63 1.92 -1.54 0.27 1.63 1.48 1.56 1.50
0.79 -0.65 0.08 7.06 98.11 -27.59 1.75 -1.53 0.18 1.59 1.56 1.50 1.49
0.79 -0.67 0.04 23.41 88.48 -25.60 1.81 -1.51 0.17 1.64 1.53 1.53 1.51
0.82 -0.70 0.08 37.43 68.27 -18.69 1.88 -1.62 0.19 1.59 1.55 1.50 1.55
0.84 -0.69 0.00 64.28 46.97 -0.13 2.00 -1.53 0.06 1.63 1.50 1.51 1.55
0.85 -0.68 0.06 42.14 30.83 -9.19 1.95 -1.57 0.15 1.63 1.52 1.52 1.54
0.82 -0.71 0.13 38.06 14.28 0.44 1.89 -1.69 0.34 1.63 1.53 1.49 1.56
0.82 -0.76 0.20 16.48 8.20 13.36 1.89 -1.75 0.46 1.66 1.49 1.57 1.49
0.84 -0.61 0.23 -19.01 13.06 19.31 1.92 -1.40 0.54 1.61 1.52 1.58 1.51
0.82 -0.53 0.25 -30.92 16.48 18.10 1.86 -1.22 0.56 1.62 1.51 1.52 1.54
0.80 -0.52 0.24 -25.03 14.51 15.49 1.84 -1.20 0.56 1.60 1.56 1.49 1.55
0.82 -0.53 0.22 -22.15 4.59 10.52 1.89 -1.20 0.51 1.61 1.49 1.57 1.50
0.83 -0.51 0.27 -10.43 -0.92 0.58 1.88 -1.15 0.62 1.67 1.49 1.56 1.50
0.83 -0.55 0.33 -3.01 -3.46 -3.66 1.91 -1.27 0.76 1.63 1.49 1.56 1.49
0.82 -0.58 0.38 -3.16 -4.49 -3.34 1.82 -1.36 0.92 1.58 1.56 1.48 1.53
0.81 -0.61 0.45 -2.07 -4.73 -0.25 1.85 -1.40 1.02 1.63 1.49 1.54 1.54
0.77 -0.64 0.39 1.44 -3.18 1.33 1.78 -1.47 0.91 1.68 1.51 1.50 1.56
0.76 -0.62 0.37 -0.25 2.83 6.53 1.75 -1.39 0.86 1.61 1.54 1.50 1.49
0.72 -0.57 0.37 2.69 6.32 10.00 1.65 -1.30 0.85 1.60 1.53 1.55 1.54
0.76 -0.55 0.35 2.33 11.62 8.60 1.75 -1.26 0.78 1.65 1.53 1.50 1.51
0.80 -0.56 0.32 2.07 9.85 6.55 1.83 -1.28 0.74 1.59 1.52 1.56 1.56
0.79 -0.56 0.30 2.71 4.43 5.02 1.81 -1.28 0.69 1.63 1.56 1.48 1.57
0.80 -0.56 0.29 3.89 0.78 3.19 1.83 -1.30 0.66 1.58 1.57 1.48 1.57
0.75 -0.55 0.29 4.16 -2.63 3.57 1.75 -1.26 0.67 1.58 1.58 1.53 1.51
0.76 -0.56 0.30 4.27 -2.36 1.09 1.75 -1.28 0.69 1.64 1.53 1.53 1.53
0.77 -0.56 0.27 0.91 -4.97 2.20 1.76 -1.28 0.64 1.63 1.54 1.56 1.50
0.74 -0.53 0.28 1.12 -4.79 0.49 1.70 -1.21 0.65 1.66 1.48 1.60 1.49
0.73 -0.54 0.31 6.78 -2.07 -2.08 1.68 -1.23 0.70 1.62 1.55 1.49 1.58
0.76 -0.57 0.30 7.68 -3.60 -4.00 1.74 -1.32 0.69 1.58 1.53 1.54 1.50
0.78 -0.60 0.29 8.33 -7.35 -2.25 1.79 -1.38 0.67 1.67 1.49 1.58 1.51
0.75 -0.59 0.31 6.68 -13.62 0.35 1.73 -1.33 0.71 1.64 1.54 1.54 1.49
0.76 -0.56 0.32 10.05 -15.10 -2.22 1.75 -1.25 0.73 1.66 1.52 1.53 1.52
0.80 -0.58 0.27 14.21 -16.50 -2.28 1.83 -1.33 0.62 1.58 1.57 1.52 1.52
0.79 -0.63 0.24 18.18 -23.31 -0.17 1.82 -1.45 0.55 1.61 1.50 1.59 1.50
0.81 -0.60 0.21 21.43 -30.79 0.48 1.85 -1.37 0.48 1.69 1.51 1.59 1.49
0.82 -0.62 0.20 26.93 -38.60 2.50 1.84 -1.40 0.43 1.56 1.57 1.50 1.56
0.82 -0.63 0.18 39.71 -44.86 6.94 1.91 -1.52 0.41 1.58 1.52 1.59 1.55
0.90 -0.68 0.12 52.22 -53.93 15.39 2.07 -1.56 0.27 1.60 1.57 1.49 1.54
0.93 -0.75 0.14 69.59 -72.28 32.87 2.09 -1.73 0.26 1.66 1.55 1.56 1.56
0.92 -0.76 0.16 82.93 -118.07 47.34 2.11 -1.75 0.36 1.68 1.49 1.59 1.50
0.87 -0.66 0.14 84.45 -160.45 52.08 1.92 -1.58 0.29 1.67 1.49 1.58 1.51
0.71 -0.68 0.20 97.90 -192.62 55.26 1.62 -1.55 0.46 1.66 1.49 1.49 1.51
0.78 -0.67 0.19 119.97 -206.74 61.09 1.78 -1.54 0.44 1.60 1.56 1.54 1.52
0.87 -0.70 0.17 155.55 -222.07 92.98 2.07 -1.51 0.50 1.58 1.56 1.51 1.53
0.84 -0.89 0.29 163.62 -248.32 129.14 1.92 -2.03 0.66 1.65 1.52 1.52 1.52
0.80 -0.95 0.39 142.50 -270.13 155.04 1.92 -2.16 0.91 1.66 1.55 1.53 1.54
0.69 -1.01 0.37 105.11 -286.72 177.23 1.59 -2.33 0.86 1.65 1.56 1.50 1.57
0.65 -0.93 0.33 90.24 -286.72 196.12 1.58 -2.11 0.88 1.64 1.55 1.52 1.56
0.35 -0.86 0.40 97.29 -286.72 205.48 0.80 -1.96 0.91 1.66 1.51 1.51 1.59
0.45 -0.71 0.60 123.82 -286.72 189.88 1.02 -1.64 1.37 1.70 1.52 1.55 1.55
0.41 -0.69 0.66 121.77 -277.54 201.30 1.00 -1.58 1.53 1.71 1.52 1.54 1.53
0.41 -0.55 0.80 133.60 -253.84 228.64 0.94 -1.25 1.84 1.60 1.55 1.56 1.49
0.31 -0.82 0.85 122.06 -238.43 246.89 0.80 -1.72 1.93 1.60 1.57 1.53 1.52
0.41 -0.90 0.99 119.06 -247.04 263.40 0.94 -2.07 2.26 1.66 1.53 1.53 1.57
0.26 -0.93 0.93 61.92 -250.22 260.29 0.55 -2.04 2.18 1.61 1.49 1.50 1.50
0.13 -0.68 1.04 43.78 -201.28 251.44 0.39 -1.51 2.38 1.61 1.58 1.51 1.57
0.03 -0.54 0.97 35.99 -169.91 219.49 0.07 -1.24 2.22 1.66 1.49 1.60 1.49
-0.01 -0.66 1.07 42.91 -108.54 190.13 -0.09 -1.54 2.49 1.71 1.59 1.52 1.50
0.02 -0.65 1.27 -5.47 -53.24 173.60 0.05 -1.50 2.91 1.59 1.52 1.60 1.54
0.16 -0.73 1.42 -59.26 -13.64 162.40 0.39 -1.64 3.22 1.69 1.49 1.63 1.50
0.22 -0.64 1.40 -133.51 25.94 145.11 0.50 -1.46 3.20 1.67 1.57 1.58 1.60
0.39 -0.56 1.27 -169.14 43.44 121.77 0.89 -1.28 2.95 1.60 1.57 1.70 1.59
0.23 -0.25 0.94 -212.96 58.42 93.90 0.66 -0.38 2.17 1.63 1.58 1.70 1.61
0.17 -0.04 0.81 -226.38 73.66 44.31 0.38 -0.08 1.86 1.71 1.56 1.76 1.68
0.15 0.25 0.78 -206.77 141.00 6.75 0.31 0.52 1.78 1.63 1.71 1.77 1.73
0.18 0.20 0.84 -214.12 165.01 -21.03 0.40 0.46 1.93 1.71 1.63 1.79 1.67
0.32 0.04 0.73 -232.28 222.21 -25.38 0.73 0.09 1.72 1.69 1.68 1.82 1.70
0.60 0.09 0.65 -237.74 220.60 -20.97 1.27 0.34 1.42 1.61 1.81 1.86 1.78
0.81 0.21 0.43 -204.57 211.11 -15.09 1.87 0.47 0.98 1.71 1.81 1.87 1.88
0.79 0.18 0.46 -196.75 201.91 35.92 1.80 0.45 0.96 1.63 1.86 1.98 1.80
0.67 0.26 0.44 -196.84 174.87 42.04 1.55 0.60 1.01 1.65 2.02 1.93 1.84
0.56 0.24 0.53 -183.23 164.32 16.39 1.23 0.52 1.24 1.65 1.94 2.00 1.94
0.38 0.32 0.35 -180.82 191.78 2.77 0.87 0.73 0.81 1.63 1.95 2.08 1.87
0.76 0.36 0.14 -172.51 230.12 10.38 1.75 0.82 0.32 1.61 2.05 1.98 1.96
0.95 0.55 0.19 -141.14 209.25 10.61 2.14 1.31 0.44 1.65 2.06 2.03 1.95
0.93 0.52 0.03 -98.46 175.87 -4.93 2.14 1.19 0.07 1.68 2.01 2.19 1.95
1.04 0.48 -0.01 -73.06 132.48 -21.83 2.42 1.12 -0.01 1.70 2.05 2.13 2.04
1.01 0.41 0.12 -39.63 96.86 -30.89 2.32 0.93 0.27 1.65 2.05 2.16 1.99
0.91 0.26 0.21 -19.34 85.85 -35.04 2.10 0.57 0.52 1.60 2.16 2.23 2.00
0.67 0.21 0.35 -15.75 118.36 -29.58 1.52 0.45 0.74 1.68 2.07 2.17 2.13
0.66 0.23 0.42 -24.12 158.20 -19.81 1.52 0.53 0.97 1.59 2.12 2.22 2.10
0.65 0.33 0.40 -23.03 196.39 -13.92 1.50 0.69 0.89 1.66 2.10 2.24 2.12
0.71 0.30 0.32 8.82 220.91 -14.70 1.64 0.69 0.72 1.63 2.17 2.20 2.16
0.89 0.28 -0.02 28.27 220.16 -15.78 2.06 0.60 -0.10 1.61 2.21 2.25 2.06
1.18 0.25 -0.20 49.46 184.13 -9.44 2.68 0.59 -0.46 1.67 2.16 2.16 2.09
1.17 0.16 -0.25 61.84 126.39 -6.26 2.68 0.37 -0.57 1.68 2.22 2.27 2.17
1.01 0.13 -0.08 66.32 84.83 -2.52 2.33 0.30 -0.14 1.64 2.20 2.29 2.16
0.89 0.25 0.01 69.62 75.35 -0.09 2.03 0.58 0.03 1.65 2.14 2.16 2.08
0.82 0.28 0.13 88.92 88.55 10.01 1.87 0.61 0.37 1.70 2.21 2.23 2.12
0.85 0.14 0.07 112.47 103.28 22.54 1.94 0.35 0.16 1.75 2.29 2.19 2.11
0.89 0.14 -0.05 135.79 92.79 36.59 2.05 0.32 -0.12 1.76 2.19 2.29 2.16
1.02 0.01 -0.26 142.06 60.42 57.59 2.19 0.09 -0.61 1.77 2.23 2.30 2.10
1.18 0.20 -0.48 89.14 34.08 54.70 2.72 0.46 -1.10 1.88 2.15 2.29 2.08
1.26 0.29 -0.35 60.85 22.62 47.91 2.86 0.75 -0.84 1.95 2.18 2.32 2.08
1.08 0.37 -0.30 51.04 7.54 26.23 2.49 0.86 -0.69 1.90 2.25 2.31 2.16
0.99 0.27 -0.21 52.35 7.54 17.27 2.31 0.63 -0.44 1.87 2.29 2.18 2.17
0.94 0.16 -0.19 45.35 11.37 16.93 2.20 0.34 -0.42 1.92 2.16 2.32 2.08
0.87 0.14 -0.09 31.81 7.35 20.55 2.01 0.33 -0.21 2.01 2.19 2.19 2.13
0.70 0.13 0.02 19.92 15.89 27.91 1.61 0.30 0.05 2.05 2.12 2.29 2.10
0.91 0.23 -0.09 7.26 38.44 26.99 2.08 0.52 -0.21 1.98 2.16 2.20 2.16
1.06 0.37 -0.21 0.84 33.77 21.42 2.38 0.80 -0.48 1.93 2.29 2.18 2.11
1.02 0.34 -0.16 0.98 20.52 13.73 2.33 0.76 -0.37 1.97 2.16 2.29 2.06
1.00 0.31 -0.14 5.46 9.35 8.78 2.29 0.71 -0.32 2.06 2.11 2.30 2.06
0.95 0.31 -0.11 7.35 3.88 6.52 2.14 0.69 -0.24 2.02 2.20 2.22 2.06
0.91 0.28 -0.08 5.42 6.70 4.66 2.10 0.65 -0.18 2.04 2.16 2.19 2.17
0.93 0.28 -0.07 1.48 9.78 3.46 2.17 0.65 -0.17 2.07 2.11 2.30 2.10
0.98 0.32 -0.12 -1.26 8.73 1.87 2.26 0.76 -0.29 2.04 2.10 2.27 2.05
1.01 0.37 -0.15 2.20 1.39 -1.94 2.32 0.85 -0.35 2.00 2.14 2.25 2.11
0.93 0.33 -0.10 7.27 -4.15 -5.37 2.10 0.74 -0.25 2.01 2.23 2.18 2.12
0.92 0.31 -0.10 9.75 -4.91 -7.03 2.10 0.72 -0.23 1.98 2.23 2.15 2.06
0.87 0.25 -0.05 8.78 -3.10 -7.32 2.00 0.58 -0.12 1.97 2.16 2.20 2.07
0.91 0.22 -0.05 2.50 1.24 -4.16 2.10 0.51 -0.13 2.03 2.10 2.28 2.06
0.94 0.26 -0.08 -3.52 2.65 -1.46 2.16 0.59 -0.17 2.04 2.17 2.17 2.15
0.97 0.32 -0.09 -4.02 0.89 -2.58 2.23 0.74 -0.21 2.03 2.15 2.13 2.09
0.98 0.33 -0.11 1.83 -2.89 -6.87 2.25 0.75 -0.24 1.96 2.15 2.26 2.02
0.95 0.24 -0.06 7.19 -7.78 -7.69 2.18 0.56 -0.15 1.97 2.13 2.16 2.06
0.92 0.22 -0.04 8.89 -7.80 -4.60 2.11 0.49 -0.08 1.98 2.25 2.23 2.05
0.89 0.21 -0.02 7.95 -4.36 -1.52 2.05 0.49 -0.06 1.94 2.11 2.19 2.10
0.87 0.21 -0.00 3.31 1.77 0.46 1.99 0.48 -0.00 1.94 2.19 2.24 2.04
0.97 0.27 -0.08 1.64 5.78 1.54 2.25 0.64 -0.20 1.94 2.12 2.22 2.10
1.03 0.30 -0.12 2.05 -0.82 -0.85 2.35 0.69 -0.27 1.93 2.11 2.14 2.05
0.95 0.24 -0.05 2.83 -6.95 -0.98 2.18 0.55 -0.12 1.95 2.10 2.24 2.12
0.97 0.27 -0.07 1.64 -6.19 -0.08 2.25 0.63 -0.16 1.99 2.19 2.22 2.14
0.90 0.27 -0.01 3.05 -7.17 -1.03 2.07 0.62 -0.01 2.01 2.24 2.18 2.05
0.90 0.23 0.00 5.53 0.65 2.62 2.10 0.56 -0.02 1.93 2.25 2.14 2.10
0.99 0.29 -0.08 7.12 4.03 5.07 2.27 0.66 -0.20 1.95 2.16 2.24 2.03
0.95 0.19 -0.05 8.44 -0.58 8.51 2.19 0.43 -0.11 1.92 2.17 2.27 2.09
0.94 0.28 -0.09 1.80 -1.06 10.56 2.22 0.68 -0.17 1.99 2.18 2.23 2.08
1.03 0.34 -0.15 9.59 -3.88 13.12 2.37 0.79 -0.35 2.03 2.09 2.28 2.03
1.08 0.27 -0.18 8.67 -18.11 9.08 2.45 0.63 -0.45 1.93 2.20 2.12 2.13
1.15 0.43 -0.31 -0.24 -32.72 -0.17 2.67 1.02 -0.72 1.95 2.20 2.27 2.13
1.06 0.39 -0.25 4.61 -56.19 -9.33 2.43 0.89 -0.58 1.97 2.21 2.26 2.08
0.86 0.31 -0.12 -2.41 -65.01 -14.06 2.01 0.73 -0.25 1.87 2.24 2.13 2.14
0.89 0.45 -0.18 4.26 -55.17 -8.21 2.04 1.02 -0.40 1.95 2.18 2.19 2.05
1.00 0.45 -0.26 27.19 -53.03 -4.34 2.26 1.02 -0.64 1.93 2.12 2.26 2.02
1.13 0.60 -0.43 53.35 -81.58 -6.91 2.62 1.44 -1.04 1.85 2.23 2.15 2.13
1.24 0.82 -0.62 93.35 -123.46 -18.11 2.86 1.89 -1.43 1.83 2.21 2.14 2.12
1.13 0.92 -0.66 151.29 -173.46 -42.40 2.52 2.06 -1.60 1.89 2.20 2.24 2.10
0.96 0.83 -0.63 216.39 -221.26 -70.20 2.21 1.90 -1.44 1.85 2.15 2.14 2.13
0.64 0.74 -0.47 251.53 -252.68 -103.57 1.38 1.59 -1.09 1.80 2.20 2.11 2.07
0.32 0.58 -0.32 266.50 -281.12 -134.93 0.73 1.32 -0.74 1.76 2.12 2.16 2.06
0.16 0.46 -0.03 267.82 -272.27 -163.10 0.22 1.30 -0.11 1.82 2.03 2.15 2.04
0.05 0.40 0.02 253.90 -226.07 -187.61 0.30 1.07 0.04 1.76 1.99 2.15 1.97
0.35 0.30 0.11 244.73 -188.83 -207.63 0.80 0.70 0.26 1.72 2.01 2.13 1.92
0.41 -0.01 0.12 253.41 -189.74 -212.26 0.90 -0.15 0.41 1.84 1.92 2.05 1.94
0.41 -0.26 0.50 245.70 -224.38 -217.24 0.93 -0.61 1.14 1.77 1.89 1.96 1.92
0.28 -0.42 0.78 236.94 -232.13 -210.70 0.62 -1.00 1.88 1.80 1.82 1.92 1.91
0.26 -0.50 0.91 206.60 -211.39 -213.46 0.60 -1.14 2.10 1.72 1.89 1.92 1.81
0.24 -0.63 0.88 161.52 -170.43 -225.54 0.50 -1.46 2.08 1.77 1.75 1.89 1.76
0.38 -0.63 0.93 103.79 -117.07 -221.38 0.79 -1.54 2.12 1.72 1.73 1.81 1.78
0.27 -0.73 0.94 75.99 -94.77 -211.51 0.62 -1.67 2.15 1.66 1.77 1.74 1.72
0.35 -0.83 0.84 64.71 -93.46 -181.83 0.77 -1.94 1.91 1.68 1.80 1.67 1.73
0.41 -0.80 0.86 57.10 -96.44 -146.40 0.95 -1.83 1.97 1.67 1.70 1.74 1.68
0.33 -0.83 0.90 59.06 -119.17 -139.43 0.66 -1.89 2.10 1.74 1.70 1.62 1.60
0.17 -0.84 1.04 56.98 -121.19 -155.01 0.40 -1.92 2.38 1.66 1.59 1.66 1.63
0.06 -0.64 1.04 58.26 -73.17 -179.68 0.02 -1.45 2.46 1.71 1.55 1.67 1.56
-0.06 -0.68 1.08 53.24 17.60 -245.51 -0.20 -1.46 2.51 1.67 1.53 1.64 1.56
-0.16 -0.61 0.96 45.81 89.94 -286.72 -0.36 -1.40 2.20 1.72 1.60 1.59 1.55
-0.01 -0.70 0.70 38.88 144.97 -286.72 0.15 -1.69 1.55 1.72 1.51 1.62 1.53
0.37 -1.02 0.71 30.07 159.38 -286.58 0.85 -2.34 1.62 1.74 1.59 1.53 1.55
0.39 -1.07 0.90 35.03 139.34 -221.59 0.95 -2.54 2.10 1.68 1.58 1.54 1.53
0.33 -1.26 0.89 10.40 121.17 -168.17 0.77 -2.90 2.05 1.68 1.49 1.61 1.50
-0.11 -1.17 0.98 -38.47 140.53 -164.36 -0.28 -2.76 2.24 1.69 1.49 1.57 1.52
-0.38 -1.05 0.99 -104.72 208.16 -184.19 -0.74 -2.36 2.22 1.66 1.55 1.51 1.49
-0.26 -0.82 0.72 -147.88 285.17 -206.98 -0.59 -1.88 1.66 1.67 1.56 1.52 1.49
-0.02 -0.75 0.62 -155.19 286.68 -214.01 -0.11 -1.74 1.36 1.63 1.53 1.52 1.51
0.30 -0.86 0.67 -100.06 286.68 -217.12 0.68 -1.97 1.53 1.61 1.50 1.59 1.48
0.49 -1.12 0.52 -106.00 286.68 -165.11 1.15 -2.58 1.18 1.67 1.52 1.50 1.53
0.45 -1.14 0.83 -117.93 273.85 -126.24 1.03 -2.62 1.90 1.67 1.51 1.52 1.53
0.21 -1.05 0.78 -179.57 286.61 -76.61 0.49 -2.31 1.81 1.69 1.47 1.55 1.50
-0.21 -0.72 0.46 -162.79 286.68 2.19 -0.48 -1.65 1.05 1.69 1.54 1.50 1.50
0.64 -0.44 1.00 -132.68 286.68 -73.79 1.48 -1.00 2.29 1.61 1.56 1.50 1.55
0.21 -0.90 0.50 -103.50 286.68 -29.27 0.50 -2.90 1.43 1.66 1.50 1.50 1.53
0.38 -0.84 0.53 -139.03 286.68 -42.10 0.86 -1.94 1.22 1.66 1.50 1.50 1.49
0.48 -0.93 0.47 -134.15 286.68 -48.26 1.07 -1.79 0.87 1.62 1.52 1.54 1.52
0.53 -1.15 0.33 -142.84 286.68 -10.81 1.21 -2.64 0.76 1.69 1.54 1.51 1.52
0.45 -1.20 0.09 -128.12 286.68 -10.66 1.23 -2.42 0.21 1.66 1.53 1.55 1.53
0.53 -0.81 -0.05 -64.01 286.68 25.56 1.18 -1.87 -0.10 1.60 1.51 1.55 1.53
0.61 -0.81 -0.26 -29.73 285.27 23.22 1.40 -1.85 -0.61 1.66 1.54 1.53 1.52
0.64 -0.90 -0.35 20.25 208.67 8.21 1.46 -2.05 -0.70 1.68 1.54 1.52 1.50
0.67 -0.97 -0.30 54.38 154.41 6.72 1.55 -2.22 -0.70 1.67 1.55 1.50 1.50
0.79 -0.90 -0.26 59.47 107.75 15.73 1.78 -1.99 -0.54 1.68 1.50 1.60 1.50
0.63 -0.93 -0.18 48.06 52.26 25.89 1.45 -2.14 -0.41 1.66 1.51 1.51 1.55
0.74 -0.72 -0.07 38.53 50.04 8.00 1.70 -1.76 -0.29 1.65 1.53 1.52 1.55
0.76 -0.74 -0.13 13.02 24.80 4.12 1.76 -1.69 -0.34 1.62 1.50 1.52 1.52
0.81 -0.66 -0.14 14.43 13.07 4.35 1.87 -1.52 -0.32 1.69 1.54 1.52 1.53
0.77 -0.63 -0.05 7.50 3.59 1.48 1.77 -1.45 -0.12 1.61 1.56 1.50 1.58
0.79 -0.60 -0.07 2.56 -1.92 -0.51 1.81 -1.38 -0.15 1.66 1.55 1.57 1.56
0.80 -0.66 -0.09 6.72 -3.99 -1.26 1.87 -1.57 -0.21 1.59 1.53 1.55 1.50
0.83 -0.71 -0.04 6.05 -5.92 6.89 1.89 -1.65 -0.09 1.65 1.56 1.52 1.50
0.76 -0.71 0.02 -0.37 -6.28 14.82 1.74 -1.63 0.05 1.65 1.50 1.57 1.54
0.77 -0.64 0.01 -7.59 -1.17 18.67 1.81 -1.47 -0.01 1.64 1.50 1.59 1.49
0.83 -0.61 -0.02 -3.82 -0.94 18.38 1.91 -1.39 -0.06 1.63 1.56 1.50 1.58
0.80 -0.60 0.01 3.67 -12.00 13.50 1.84 -1.38 0.03 1.61 1.50 1.57 1.55
0.76 -0.57 0.04 10.04 -21.91 2.64 1.73 -1.30 0.11 1.62 1.50 1.61 1.50
0.78 -0.63 0.08 18.96 -25.91 -6.91 1.79 -1.45 0.18 1.67 1.49 1.60 1.51
0.77 -0.69 0.15 12.77 -31.92 -7.92 1.76 -1.59 0.36 1.59 1.56 1.51 1.54
0.75 -0.69 0.17 4.09 -25.31 -5.11 1.72 -1.57 0.39 1.67 1.55 1.54 1.52
0.74 -0.72 0.17 0.67 -17.73 1.90 1.71 -1.66 0.39 1.63 1.53 1.55 1.55
0.74 -0.74 0.15 -3.24 -15.18 11.54 1.71 -1.70 0.35 1.59 1.59 1.50 1.58
0.73 -0.70 0.12 -5.19 -17.00 13.23 1.66 -1.61 0.28 1.61 1.55 1.58 1.51
0.73 -0.67 0.08 3.76 -22.44 10.52 1.65 -1.53 0.21 1.70 1.50 1.57 1.54
0.77 -0.67 0.12 9.82 -29.51 6.14 1.77 -1.53 0.26 1.62 1.52 1.56 1.53
0.79 -0.63 0.07 10.86 -36.84 3.54 1.84 -1.42 0.15 1.66 1.54 1.53 1.55
0.82 -0.60 0.03 15.40 -44.98 4.03 1.85 -1.40 0.07 1.60 1.53 1.59 1.54
0.74 -0.65 0.07 14.65 -53.47 6.72 1.70 -1.50 0.17 1.59 1.56 1.54 1.53
0.73 -0.60 0.09 17.69 -55.24 1.91 1.66 -1.42 0.21 1.68 1.53 1.51 1.52
0.75 -0.62 0.06 24.55 -57.15 8.89 1.73 -1.42 0.15 1.68 1.49 1.58 1.52
0.75 -0.63 0.10 31.86 -70.20 9.84 1.70 -1.51 0.25 1.65 1.58 1.58 1.53
0.76 -0.58 0.09 37.79 -93.84 1.50 1.75 -1.29 0.21 1.60 1.57 1.54 1.52
0.82 -0.61 0.03 55.84 -111.39 -9.62 1.87 -1.39 0.08 1.64 1.50 1.56 1.53
0.90 -0.75 -0.08 70.53 -141.06 -8.07 2.09 -1.73 -0.25 1.60 1.58 1.53 1.59
0.92 -0.80 -0.05 77.59 -182.90 7.35 2.12 -1.83 -0.11 1.63 1.49 1.56 1.58
0.68 -0.88 0.10 74.64 -208.40 25.08 1.44 -2.00 0.29 1.64 1.55 1.57 1.56
0.64 -0.79 0.18 79.75 -197.15 37.14 1.47 -1.81 0.41 1.67 1.49 1.62 1.51
0.64 -0.74 0.21 85.46 -187.21 62.70 1.47 -1.69 0.48 1.70 1.55 1.53 1.51
0.68 -0.90 0.26 71.68 -191.97 79.19 1.62 -2.07 0.60 1.65 1.55 1.50 1.58
0.87 -0.81 0.23 58.62 -211.96 86.13 1.99 -1.86 0.53 1.61 1.57 1.53 1.52
0.86 -0.75 0.13 61.77 -231.25 107.85 1.90 -1.66 0.35 1.59 1.58 1.50 1.59
0.82 -0.78 0.19 77.62 -252.60 131.56 1.89 -1.79 0.43 1.61 1.57 1.52 1.56
0.82 -0.61 0.23 87.40 -277.46 151.55 1.73 -1.40 0.51 1.66 1.54 1.53 1.55
0.50 -0.64 0.17 120.79 -286.72 167.26 1.15 -1.47 0.39 1.66 1.51 1.58 1.49
0.48 -0.64 0.37 173.21 -271.33 152.39 1.09 -1.46 0.86 1.67 1.49 1.54 1.59
0.49 -0.80 0.42 165.45 -263.46 139.62 1.00 -1.84 1.03 1.65 1.55 1.58 1.55
0.61 -1.03 0.60 121.03 -250.96 137.39 1.40 -2.36 1.38 1.61 1.50 1.53 1.49
0.76 -1.00 0.68 64.89 -256.31 149.04 1.70 -2.32 1.53 1.62 1.54 1.62 1.53
0.61 -1.01 0.65 23.53 -254.52 180.28 1.41 -2.33 1.49 1.61 1.52 1.58 1.58
0.60 -0.79 0.68 6.75 -234.51 218.74 1.35 -1.94 1.44 1.70 1.58 1.54 1.58
0.57 -0.58 0.77 44.55 -280.07 199.29 1.31 -1.34 1.76 1.64 1.57 1.56 1.56
0.07 -0.64 0.58 86.76 -243.33 145.29 0.15 -1.17 1.35 1.62 1.53 1.62 1.59
-0.20 -0.51 0.79 74.96 -136.26 109.33 -0.24 -1.42 2.11 1.63 1.52 1.62 1.59
0.26 -0.73 1.22 45.33 -56.89 115.51 0.59 -1.68 2.80 1.70 1.52 1.62 1.55
0.37 -0.81 1.29 -21.08 -40.71 98.98 0.95 -1.87 2.94 1.61 1.60 1.60 1.60
0.60 -0.76 1.25 -114.93 -26.36 102.66 1.37 -1.74 2.86 1.66 1.53 1.72 1.63
0.61 -0.64 1.06 -136.76 -20.74 110.80 1.35 -1.39 2.29 1.68 1.64 1.70 1.67
0.58 -0.27 0.93 -128.45 9.20 123.98 1.33 -0.62 2.12 1.72 1.67 1.74 1.65
0.25 -0.02 0.72 -145.90 6.76 92.30 0.52 0.09 1.77 1.67 1.76 1.81 1.70
0.19 -0.02 0.86 -80.74 23.09 55.73 0.46 -0.05 1.94 1.70 1.72 1.75 1.74
0.19 -0.29 1.01 -69.06 55.14 39.85 0.43 -0.66 2.31 1.71 1.73 1.76 1.75
0.28 -0.43 0.93 -91.47 103.64 25.35 0.64 -0.99 2.16 1.60 1.77 1.88 1.75
0.50 -0.47 1.10 -179.81 156.46 43.50 1.14 -1.08 2.53 1.61 1.88 1.86 1.74
0.64 -0.43 0.95 -246.99 184.60 50.02 1.40 -0.89 2.09 1.63 1.90 1.94 1.79
0.63 -0.16 0.74 -261.35 183.54 57.13 1.45 -0.38 1.71 1.63 1.90 2.04 1.84
0.65 0.02 0.71 -250.63 172.27 56.24 1.40 0.03 1.50 1.70 1.99 2.03 1.91
0.57 0.28 0.64 -206.98 177.49 66.43 1.35 0.55 1.45 1.70 1.99 1.95 1.95
0.49 0.24 0.56 -179.65 183.22 48.90 1.12 0.55 1.29 1.72 1.95 2.00 1.93
0.62 0.10 0.57 -167.75 200.63 32.88 1.27 0.38 1.24 1.68 1.96 2.07 1.95
0.66 0.16 0.45 -168.54 222.49 47.22 1.51 0.36 1.03 1.73 2.05 2.13 1.96
0.86 0.21 0.33 -153.99 218.69 48.90 2.09 0.54 0.72 1.68 2.04 2.13 2.07
0.91 0.28 0.29 -129.69 196.73 54.99 2.09 0.64 0.66 1.69 2.06 2.09 1.96
0.75 0.34 0.29 -104.29 172.48 39.73 1.69 0.78 0.64 1.70 2.09 2.22 1.99
0.68 0.39 0.28 -76.59 169.57 27.26 1.58 0.91 0.66 1.74 2.07 2.27 1.98
0.63 0.42 0.38 -52.65 189.07 12.85 1.44 0.96 0.87 1.69 2.13 2.26 2.01
0.70 0.39 0.39 -24.67 214.21 -6.93 1.64 0.86 0.87 1.76 2.17 2.25 2.10
0.86 0.19 0.22 1.11 211.66 3.99 1.96 0.44 0.49 1.77 2.15 2.29 2.02
1.01 0.02 0.10 6.59 198.20 26.37 2.31 0.05 0.19 1.72 2.25 2.21 2.03
1.12 0.10 -0.05 -8.63 177.49 40.59 2.56 0.24 -0.12 1.82 2.22 2.25 2.08
1.00 0.25 -0.11 -9.64 146.80 41.16 2.31 0.57 -0.26 1.86 2.12 2.30 2.07
0.99 0.49 -0.10 -2.56 132.13 21.97 2.23 1.12 -0.19 1.84 2.16 2.24 2.11
0.76 0.45 0.04 27.98 122.41 1.78 1.75 1.04 0.08 1.81 2.18 2.19 2.07
0.70 0.28 0.16 54.22 126.23 -12.88 1.65 0.64 0.41 1.88 2.14 2.29 2.11
0.76 0.18 0.13 70.07 137.74 -6.37 1.74 0.40 0.29 1.90 2.15 2.31 2.07
0.99 0.21 -0.08 76.50 148.73 12.70 2.28 0.49 -0.19 1.80 2.29 2.18 2.17
1.06 0.21 -0.28 82.22 125.33 29.92 2.41 0.41 -0.69 1.85 2.18 2.19 2.09
1.09 0.25 -0.50 81.54 82.36 36.45 2.50 0.57 -1.14 1.89 2.27 2.28 2.09
1.09 0.26 -0.42 76.13 50.66 32.48 2.47 0.51 -0.85 1.89 2.21 2.25 2.10
0.89 0.23 -0.23 56.23 37.00 23.44 2.03 0.52 -0.52 1.96 2.23 2.19 2.14
0.82 0.17 -0.16 47.02 37.61 19.55 1.94 0.34 -0.40 1.98 2.18 2.18 2.09
0.93 0.16 -0.20 29.92 42.25 14.28 2.17 0.36 -0.50 1.97 2.19 2.24 2.08
1.12 0.23 -0.33 11.73 42.58 5.43 2.56 0.52 -0.77 2.03 2.23 2.21 2.10
1.11 0.30 -0.30 7.45 35.46 6.26 2.54 0.68 -0.68 2.06 2.26 2.30 2.17
1.00 0.18 -0.26 18.10 32.71 18.02 2.29 0.42 -0.61 2.01 2.16 2.30 2.08
0.92 0.21 -0.23 14.23 28.54 22.17 2.26 0.46 -0.54 1.98 2.28 2.16 2.18
0.84 0.21 -0.14 10.45 26.73 16.96 1.91 0.48 -0.33 2.11 2.13 2.31 2.04
0.84 0.14 -0.11 5.71 36.47 12.90 1.94 0.31 -0.25 2.12 2.14 2.30 2.07
1.02 0.20 -0.23 -1.67 39.20 13.06 2.38 0.51 -0.56 2.07 2.24 2.18 2.14
1.20 0.34 -0.40 1.68 21.34 10.77 2.76 0.79 -0.91 2.08 2.21 2.21 2.06
1.21 0.37 -0.46 9.32 -5.69 1.05 2.76 0.85 -1.02 2.00 2.18 2.17 2.16
0.91 0.34 -0.22 15.69 -30.04 -9.34 1.99 0.78 -0.51 2.05 2.13 2.20 2.13
0.70 0.25 -0.08 20.26 -21.00 -5.52 1.60 0.57 -0.18 2.01 2.16 2.23 2.11
0.71 0.06 -0.06 19.32 -6.07 8.11 1.67 0.11 -0.13 2.00 2.23 2.16 2.11
0.87 0.20 -0.15 -7.34 10.15 15.75 2.00 0.47 -0.35 2.13 2.13 2.31 2.06
1.05 0.39 -0.26 -12.20 9.88 17.34 2.43 0.89 -0.62 2.01 2.19 2.24 2.10
0.99 0.37 -0.21 -6.81 -5.46 11.11 2.29 0.84 -0.49 1.98 2.27 2.13 2.14
0.96 0.36 -0.16 -3.95 -12.69 0.78 2.20 0.82 -0.37 2.07 2.19 2.18 2.12
0.91 0.28 -0.09 1.39 -13.17 -9.39 2.08 0.62 -0.19 2.01 2.20 2.19 2.12
0.91 0.21 -0.07 2.71 -7.34 -13.56 2.08 0.48 -0.16 2.03 2.20 2.23 2.13
0.88 0.11 -0.06 0.90 -1.44 -10.67 2.02 0.23 -0.14 2.01 2.24 2.15 2.05
0.94 0.12 -0.09 -4.37 4.33 -2.54 2.15 0.28 -0.21 2.06 2.23 2.15 2.07
0.99 0.23 -0.14 -3.64 5.38 2.72 2.28 0.52 -0.32 2.01 2.15 2.22 2.11
0.96 0.21 -0.15 3.31 -0.56 3.12 2.20 0.46 -0.33 1.97 2.26 2.13 2.12
0.95 0.22 -0.13 1.69 -1.49 0.77 2.18 0.50 -0.30 2.01 2.23 2.14 2.11
0.97 0.25 -0.14 2.93 -2.43 -2.96 2.22 0.58 -0.33 2.06 2.14 2.16 2.06
0.95 0.23 -0.13 5.49 -3.43 -3.69 2.18 0.53 -0.30 2.06 2.16 2.17 2.11
0.91 0.22 -0.10 4.27 -2.74 -2.02 2.10 0.51 -0.23 2.06 2.22 2.23 2.10
0.91 0.20 -0.09 1.82 0.28 1.14 2.09 0.47 -0.22 1.97 2.18 2.25 2.12
0.96 0.25 -0.12 -2.60 2.84 1.75 2.21 0.59 -0.28 2.01 2.15 2.25 2.11
0.99 0.27 -0.15 -0.78 1.01 -0.40 2.27 0.62 -0.35 1.96 2.19 2.27 2.04
0.97 0.22 -0.13 0.64 -3.29 -2.09 2.21 0.49 -0.30 2.07 2.10 2.26 2.01
0.94 0.23 -0.12 -0.31 -4.46 -1.64 2.16 0.52 -0.27 2.06 2.22 2.24 2.10
0.91 0.24 -0.10 1.60 -3.37 -0.60 2.10 0.56 -0.24 1.99 2.25 2.16 2.05
0.89 0.20 -0.09 2.67 1.75 1.65 2.03 0.46 -0.21 2.05 2.17 2.16 2.10
0.94 0.26 -0.15 -0.15 5.01 2.13 2.16 0.59 -0.35 2.05 2.20 2.23 2.10
0.98 0.26 -0.21 2.88 1.19 1.54 2.25 0.60 -0.48 2.08 2.14 2.17 2.12
0.99 0.28 -0.24 4.44 -4.49 0.13 2.26 0.64 -0.57 2.06 2.13 2.21 2.05
1.00 0.30 -0.27 7.04 -14.12 -2.00 2.30 0.69 -0.62 2.03 2.16 2.14 2.10
1.03 0.30 -0.31 11.44 -26.38 -3.67 2.36 0.69 -0.73 2.04 2.08 2.27 2.01
1.08 0.36 -0.39 15.13 -43.20 -5.87 2.48 0.82 -0.91 2.06 2.11 2.26 2.01
1.14 0.39 -0.48 22.70 -63.50 -8.96 2.60 0.88 -1.08 2.06 2.09 2.25 2.03
1.22 0.44 -0.55 28.81 -87.95 -16.07 2.80 1.02 -1.27 1.98 2.19 2.23 2.03
1.18 0.52 -0.57 41.26 -120.44 -28.78 2.70 1.18 -1.31 2.05 2.17 2.13 2.09
1.01 0.49 -0.47 60.71 -153.00 -44.77 2.30 1.12 -1.06 1.93 2.12 2.27 2.06
0.94 0.54 -0.36 80.67 -170.74 -61.40 2.15 1.24 -0.82 1.98 2.17 2.18 2.02
0.87 0.50 -0.31 98.89 -189.24 -81.93 2.04 1.12 -0.72 1.98 2.10 2.25 2.01
0.88 0.55 -0.33 108.77 -208.95 -104.33 2.02 1.27 -0.76 1.92 2.20 2.12 2.07
0.86 0.51 -0.29 124.14 -229.93 -126.80 1.97 1.18 -0.64 1.92 2.10 2.17 2.10
0.68 0.33 -0.10 142.67 -260.82 -146.48 1.72 0.66 -0.25 1.86 2.09 2.18 2.02
0.55 0.18 -0.01 156.31 -286.72 -152.61 1.27 0.41 -0.03 1.81 2.12 2.14 2.03
0.44 0.02 0.15 156.63 -286.72 -138.60 0.90 0.05 0.36 1.78 2.13 2.06 2.06
0.38 0.01 0.31 152.91 -263.64 -129.55 0.88 0.01 0.70 1.84 1.98 2.18 1.93
0.46 0.03 0.46 171.02 -219.49 -132.23 0.96 -0.07 1.20 1.72 2.08 1.99 1.98
0.42 0.06 0.37 198.28 -211.21 -141.89 0.97 0.13 0.85 1.82 1.90 2.03 1.90
0.56 -0.07 0.36 213.81 -196.38 -144.44 1.28 -0.16 0.78 1.72 1.89 2.00 1.93
0.65 -0.26 0.48 217.11 -190.74 -143.55 1.42 -0.68 1.06 1.69 1.97 1.90 1.93
0.63 -0.45 0.57 207.91 -204.63 -141.64 1.45 -1.03 1.30 1.68 1.93 1.87 1.88
0.56 -0.46 0.68 191.03 -215.76 -139.28 1.24 -1.03 1.56 1.76 1.86 1.90 1.79
0.47 -0.47 0.74 174.01 -209.40 -135.63 1.08 -1.08 1.70 1.76 1.83 1.84 1.75
0.38 -0.43 0.74 161.96 -179.38 -128.07 0.88 -0.94 1.71 1.67 1.86 1.73 1.76
0.32 -0.42 0.76 153.22 -132.44 -128.24 0.73 -0.95 1.75 1.76 1.79 1.75 1.70
0.33 -0.41 0.79 143.64 -94.59 -125.01 0.75 -0.95 1.73 1.69 1.76 1.76 1.73
0.31 -0.56 0.81 143.74 -75.24 -115.47 0.72 -1.31 1.87 1.71 1.79 1.70 1.65
0.33 -0.71 0.76 137.60 -83.86 -114.96 0.77 -1.64 1.75 1.67 1.66 1.67 1.72
0.37 -0.77 0.82 127.60 -81.65 -106.19 0.88 -1.76 1.90 1.67 1.65 1.71 1.61
0.30 -0.74 0.83 125.57 -70.92 -104.53 0.69 -1.70 1.91 1.67 1.67 1.64 1.65
0.23 -0.68 0.78 125.63 -57.24 -105.75 0.64 -1.60 1.72 1.70 1.65 1.63 1.68
0.24 -0.69 0.73 128.99 -35.59 -109.65 0.54 -1.59 1.67 1.72 1.66 1.65 1.65
0.15 -0.80 0.74 126.98 -20.65 -109.65 0.35 -1.83 1.71 1.76 1.59 1.61 1.63
0.17 -0.83 0.83 117.83 -12.16 -107.23 0.41 -2.00 1.98 1.75 1.56 1.66 1.60
0.19 -0.91 0.85 101.33 0.38 -113.60 0.43 -2.08 1.94 1.69 1.58 1.56 1.59
0.15 -0.90 0.89 80.62 24.21 -119.24 0.36 -2.04 1.97 1.72 1.55 1.61 1.57
0.16 -0.86 0.86 69.06 65.69 -131.21 0.37 -1.97 1.98 1.65 1.61 1.55 1.61
0.22 -0.89 0.83 66.82 95.94 -126.91 0.50 -1.99 1.86 1.69 1.62 1.54 1.58
0.26 -0.79 0.88 76.57 137.65 -106.30 0.59 -1.98 1.93 1.63 1.62 1.53 1.59
0.16 -0.96 0.69 70.11 140.38 -97.14 0.37 -2.20 1.59 1.64 1.53 1.61 1.53
0.20 -0.96 0.75 51.85 143.21 -99.74 0.35 -2.22 1.67 1.68 1.52 1.59 1.56
0.12 -0.97 0.62 20.68 152.25 -119.43 0.28 -2.22 1.42 1.61 1.56 1.60 1.59
0.23 -1.01 0.57 -10.13 163.34 -138.46 0.47 -2.28 1.43 1.69 1.52 1.59 1.51
0.16 -1.05 0.63 -49.02 164.65 -144.79 0.37 -2.41 1.44 1.70 1.50 1.62 1.54
0.08 -1.00 0.62 -68.84 184.28 -150.25 0.18 -2.30 1.38 1.71 1.55 1.54 1.51
-0.03 -1.13 0.66 -93.97 201.84 -155.96 -0.09 -2.63 1.53 1.65 1.49 1.59 1.50
0.04 -1.12 0.74 -146.76 223.90 -164.39 0.09 -2.57 1.69 1.70 1.50 1.55 1.52
-0.19 -1.12 0.76 -206.38 286.68 -165.36 -0.57 -2.58 1.84 1.62 1.49 1.56 1.54
-0.29 -1.15 0.78 -258.04 286.68 -159.91 -0.67 -2.64 1.79 1.68 1.53 1.52 1.51
-0.21 -1.21 0.69 -286.72 286.68 -145.92 -0.59 -2.84 1.65 1.64 1.51 1.59 1.49
-0.31 -1.58 0.67 -286.72 286.68 -65.67 -0.71 -3.64 1.54 1.62 1.49 1.52 1.52
-0.46 -0.94 0.26 -286.72 286.68 8.80 -1.05 -2.17 -0.05 1.68 1.54 1.51 1.50
0.65 -0.82 0.69 -286.72 286.68 -6.12 1.13 -1.47 1.49 1.66 1.47 1.60 1.48
0.44 -0.98 0.14 -286.72 286.68 67.14 1.01 -2.25 0.32 1.66 1.54 1.56 1.53
0.22 -0.98 -0.24 -258.54 286.68 86.35 0.54 -2.36 -0.48 1.62 1.57 1.52 1.52
0.52 -1.07 -0.13 -156.13 286.68 47.78 1.19 -2.45 -0.29 1.58 1.57 1.52 1.53
0.63 -0.89 -0.46 -90.38 286.68 61.14 1.55 -2.01 -0.87 1.58 1.56 1.52 1.52
0.92 -0.89 -0.35 -35.46 187.82 43.11 2.12 -2.05 -0.81 1.65 1.49 1.53 1.54
0.80 -0.71 -0.30 2.76 86.97 17.09 1.82 -1.64 -0.68 1.59 1.59 1.50 1.57
0.76 -0.70 -0.24 71.87 39.94 0.83 1.71 -1.71 -0.51 1.64 1.54 1.51 1.56
0.81 -0.69 -0.04 101.36 22.50 -0.25 1.86 -1.58 -0.10 1.65 1.53 1.53 1.55
0.83 -0.66 0.06 87.21 21.92 1.60 1.90 -1.55 0.15 1.60 1.53 1.55 1.51
0.88 -0.59 0.16 70.57 31.59 12.34 2.03 -1.36 0.37 1.60 1.56 1.53 1.53
0.93 -0.54 0.12 43.07 42.36 21.92 2.12 -1.24 0.28 1.67 1.54 1.51 1.53
0.91 -0.49 0.09 16.07 42.84 22.88 2.04 -1.13 0.22 1.62 1.53 1.54 1.52
0.92 -0.51 0.07 3.32 34.00 13.61 2.12 -1.18 0.17 1.61 1.49 1.51 1.52
0.94 -0.52 0.05 -1.12 20.73 2.79 2.15 -1.20 0.11 1.70 1.49 1.55 1.56
0.92 -0.56 0.10 -5.47 1.64 -7.49 2.12 -1.27 0.23 1.67 1.47 1.55 1.54
0.80 -0.63 0.19 -0.31 -14.88 -15.44 1.83 -1.44 0.44 1.60 1.56 1.50 1.57
0.74 -0.66 0.21 -8.18 -15.53 -17.52 1.69 -1.50 0.46 1.64 1.54 1.52 1.56
0.73 -0.70 0.19 -5.13 -10.89 -10.65 1.68 -1.60 0.43 1.63 1.51 1.54 1.51
0.74 -0.72 0.17 -4.68 -9.83 1.01 1.66 -1.62 0.37 1.63 1.55 1.52 1.49
0.69 -0.68 0.18 -3.28 -11.52 11.47 1.60 -1.56 0.42 1.58 1.57 1.52 1.54
0.69 -0.62 0.16 7.45 -13.74 13.40 1.58 -1.42 0.36 1.65 1.55 1.57 1.50
0.73 -0.59 0.17 15.75 -18.38 8.30 1.69 -1.34 0.39 1.66 1.52 1.57 1.54
0.75 -0.58 0.18 24.59 -26.92 3.33 1.73 -1.33 0.41 1.66 1.56 1.57 1.49
0.78 -0.62 0.22 26.70 -33.23 1.80 1.79 -1.45 0.51 1.60 1.49 1.53 1.50
0.82 -0.66 0.21 23.36 -35.62 6.04 1.90 -1.51 0.49 1.66 1.53 1.54 1.50
0.78 -0.64 0.23 15.70 -40.83 14.69 1.80 -1.46 0.52 1.66 1.50 1.54 1.58
0.81 -0.59 0.19 15.99 -40.56 20.25 1.88 -1.36 0.43 1.65 1.56 1.56 1.50
0.76 -0.55 0.20 19.10 -47.30 22.96 1.74 -1.27 0.45 1.60 1.56 1.53 1.52
0.71 -0.53 0.27 23.98 -56.18 9.05 1.59 -1.26 0.62 1.68 1.49 1.61 1.49
0.77 -0.49 0.22 24.35 -58.56 -4.07 1.77 -1.13 0.51 1.60 1.58 1.50 1.56
0.87 -0.60 0.21 39.19 -75.45 -0.16 2.01 -1.37 0.47 1.65 1.55 1.55 1.55
1.05 -0.79 0.11 50.50 -107.78 17.66 2.46 -1.83 0.23 1.63 1.54 1.54 1.53
1.12 -0.79 0.08 48.93 -140.16 51.06 2.57 -1.81 0.18 1.61 1.55 1.56 1.51
0.68 -0.85 0.14 43.17 -185.50 86.78 1.47 -2.04 0.37 1.61 1.52 1.58 1.56
0.28 -0.76 0.32 39.21 -178.61 68.62 0.64 -1.76 0.73 1.60 1.54 1.57 1.51
0.55 -0.61 0.37 52.00 -139.47 40.35 1.26 -1.40 0.84 1.69 1.49 1.61 1.52
0.81 -0.69 0.36 56.69 -129.44 48.28 1.93 -1.59 0.83 1.65 1.54 1.57 1.53
1.07 -0.75 0.38 51.02 -135.67 75.26 2.46 -1.73 0.88 1.68 1.51 1.60 1.49
0.94 -0.75 0.27 22.62 -181.99 108.17 2.13 -1.78 0.56 1.64 1.59 1.52 1.58
0.59 -0.71 0.33 15.65 -208.53 121.93 1.35 -1.64 0.75 1.66 1.59 1.53 1.55
0.57 -0.46 0.43 19.64 -204.37 106.69 1.29 -1.11 1.04 1.63 1.54 1.57 1.55
0.55 -0.50 0.40 35.75 -201.18 96.92 1.28 -1.12 0.92 1.64 1.51 1.63 1.50
0.71 -0.59 0.54 79.63 -183.08 96.22 1.62 -1.35 1.23 1.59 1.59 1.56 1.53
0.63 -0.75 0.47 65.74 -188.82 103.09 1.50 -1.60 1.11 1.63 1.54 1.61 1.53
0.69 -0.77 0.65 87.73 -172.07 122.71 1.58 -1.77 1.49 1.60 1.59 1.55 1.59
0.52 -0.70 0.71 54.40 -171.01 145.95 1.20 -1.60 1.72 1.69 1.52 1.68 1.52
0.39 -0.60 0.83 13.96 -181.64 125.89 0.90 -1.37 1.90 1.69 1.53 1.60 1.55
0.37 -0.44 0.81 -8.67 -151.40 110.66 0.86 -0.98 1.87 1.64 1.53 1.60 1.52
0.62 -0.40 0.84 -3.58 -114.71 112.35 1.37 -0.88 1.90 1.59 1.60 1.63 1.55
0.78 -0.42 0.83 15.64 -103.60 125.97 1.79 -0.97 1.90 1.61 1.53 1.73 1.55
0.69 -0.61 0.71 37.53 -109.64 139.34 1.51 -1.48 1.57 1.64 1.61 1.66 1.62
0.66 -0.42 0.67 33.40 -107.91 153.89 1.50 -0.97 1.53 1.65 1.62 1.68 1.53
0.35 -0.35 0.73 23.27 -154.78 130.27 0.90 -0.77 1.66 1.64 1.56 1.67 1.60
0.21 -0.41 0.78 30.74 -159.20 92.47 0.49 -0.90 1.80 1.65 1.59 1.70 1.57
0.27 -0.45 0.93 28.04 -122.04 79.67 0.62 -1.04 2.13 1.68 1.55 1.76 1.54
0.36 -0.45 1.08 1.83 -73.36 79.21 0.83 -1.03 2.43 1.66 1.64 1.69 1.53
0.49 -0.61 1.05 -11.75 -14.44 107.55 1.12 -1.40 2.40 1.66 1.57 1.74 1.56
0.55 -0.29 0.92 -48.44 -3.15 145.25 1.13 -0.68 2.14 1.60 1.70 1.76 1.62
0.46 -0.22 0.98 -81.34 9.14 122.82 1.06 -0.50 2.26 1.62 1.68 1.82 1.61
0.46 -0.07 0.76 -60.55 -29.50 76.71 1.07 -0.16 1.74 1.66 1.72 1.78 1.71
0.46 -0.12 0.70 -44.48 -41.55 66.38 1.00 -0.19 1.71 1.70 1.68 1.87 1.70
0.47 -0.26 0.94 -24.64 -34.61 67.14 1.08 -0.59 2.16 1.60 1.76 1.80 1.73
0.49 -0.41 1.10 -16.31 -7.06 68.56 1.06 -0.98 2.47 1.65 1.72 1.86 1.63
0.32 -0.34 1.01 -71.73 58.93 113.86 0.73 -0.79 2.31 1.65 1.71 1.81 1.73
0.42 -0.37 1.06 -88.49 88.79 129.46 0.97 -0.85 2.46 1.61 1.85 1.83 1.75
0.35 0.03 0.99 -127.43 108.13 111.96 0.82 0.17 2.28 1.62 1.86 1.84 1.81
0.30 -0.01 0.99 -121.24 105.57 59.81 0.69 -0.02 2.27 1.63 1.82 1.93 1.82
0.43 0.03 0.94 -137.69 118.68 32.87 1.04 -0.04 2.09 1.66 1.88 1.90 1.86
0.54 0.10 0.84 -140.56 147.63 31.21 1.23 0.24 1.92 1.69 1.88 1.99 1.81
0.66 0.05 0.77 -129.51 177.40 40.38 1.48 0.12 1.70 1.73 1.85 1.99 1.94
0.68 0.18 0.68 -132.76 185.32 48.23 1.61 0.49 1.59 1.65 2.03 1.96 1.97
0.69 0.26 0.66 -121.69 178.40 52.83 1.59 0.60 1.51 1.72 2.02 2.01 1.98
0.78 0.25 0.58 -109.87 159.77 47.39 1.81 0.63 1.36 1.66 2.06 2.10 1.93
0.66 0.28 0.58 -95.28 145.33 33.30 1.50 0.64 1.32 1.75 2.06 2.12 1.99
0.71 0.27 0.52 -92.47 163.27 18.96 1.64 0.58 1.19 1.77 1.99 2.12 1.97
0.79 0.29 0.51 -80.41 171.64 12.58 1.81 0.66 1.17 1.79 2.00 2.20 1.96
0.80 0.24 0.46 -55.73 183.25 19.38 1.83 0.55 1.06 1.73 2.10 2.12 2.05
0.86 0.15 0.41 -42.74 179.87 26.65 1.94 0.36 0.95 1.76 2.11 2.09 2.05
0.77 0.14 0.36 -45.46 175.07 23.49 1.77 0.31 0.82 1.75 2.07 2.22 2.05
0.81 0.17 0.27 -50.16 179.50 13.16 1.90 0.34 0.59 1.78 2.08 2.20 2.04
0.92 0.22 0.20 -51.53 179.41 5.44 2.10 0.49 0.47 1.75 2.18 2.24 2.02
0.92 0.29 0.09 -40.65 174.35 4.71 2.10 0.75 0.19 1.79 2.20 2.17 2.03
1.09 0.30 0.03 -14.61 152.40 7.26 2.51 0.63 0.04 1.80 2.10 2.28 2.03
0.95 0.21 0.05 0.12 118.85 3.57 2.17 0.48 0.12 1.85 2.10 2.33 2.05
0.88 0.19 0.11 11.40 114.49 0.38 2.00 0.41 0.28 1.82 2.22 2.26 2.13
0.80 0.11 0.26 4.43 121.15 -1.50 1.84 0.26 0.60 1.85 2.13 2.17 2.13
0.75 0.11 0.25 -3.67 140.59 2.60 1.71 0.25 0.48 1.80 2.16 2.25 2.10
0.91 0.19 0.12 -4.67 147.96 8.63 2.08 0.47 0.23 1.87 2.17 2.23 2.14
1.01 0.22 0.02 15.25 133.25 16.19 2.33 0.51 0.05 1.83 2.14 2.32 2.05
1.08 0.22 -0.08 34.43 107.97 21.29 2.45 0.49 -0.19 1.80 2.15 2.20 2.10
1.03 0.22 -0.11 55.97 70.68 19.81 2.36 0.51 -0.24 1.89 2.17 2.32 2.10
0.90 0.29 -0.11 75.94 44.13 17.32 2.07 0.71 -0.24 1.83 2.16 2.18 2.07
0.76 0.33 -0.07 98.17 38.66 15.17 1.65 0.75 -0.17 1.90 2.13 2.29 2.09
0.61 0.17 -0.02 119.88 40.86 16.99 1.40 0.38 -0.04 1.91 2.23 2.27 2.16
0.72 0.12 -0.26 104.56 42.45 23.55 1.58 0.23 -0.68 1.99 2.19 2.21 2.15
1.07 0.13 -0.31 76.12 50.58 32.18 2.45 0.29 -0.72 1.92 2.15 2.27 2.16
1.19 0.21 -0.46 51.21 23.99 27.61 2.81 0.50 -1.05 2.01 2.23 2.19 2.12
1.16 0.21 -0.28 33.78 -2.28 20.27 2.58 0.53 -0.63 2.08 2.16 2.31 2.09
0.87 0.27 -0.04 31.77 -12.05 10.62 2.00 0.62 -0.09 1.95 2.24 2.30 2.06
0.77 0.22 0.09 42.29 4.74 7.24 1.77 0.49 0.15 2.04 2.29 2.19 2.06
0.90 0.09 0.04 40.96 20.69 11.04 2.07 0.20 0.10 2.00 2.18 2.29 2.05
1.00 0.15 -0.03 22.56 20.99 9.47 2.33 0.39 -0.08 2.06 2.25 2.17 2.18
0.97 0.23 -0.00 8.34 21.03 11.52 2.22 0.52 0.01 2.08 2.18 2.19 2.11
0.99 0.27 0.00 8.22 19.09 10.57 2.28 0.62 0.00 2.07 2.19 2.18 2.15
1.03 0.31 -0.02 9.77 16.13 4.63 2.36 0.70 -0.04 2.04 2.15 2.31 2.04
1.05 0.25 -0.02 12.08 11.10 -0.83 2.40 0.57 -0.03 2.12 2.21 2.17 2.14
1.02 0.21 -0.03 8.75 5.14 -2.72 2.34 0.48 -0.07 2.02 2.13 2.20 2.11
1.02 0.15 -0.05 0.46 2.00 -2.92 2.36 0.33 -0.11 2.11 2.17 2.20 2.09
1.02 0.22 -0.06 -13.04 -1.20 -2.51 2.35 0.50 -0.14 2.07 2.16 2.24 2.06
0.97 0.27 -0.03 -12.57 -2.00 -2.51 2.21 0.62 -0.07 2.08 2.21 2.18 2.09
0.94 0.25 -0.01 -7.66 -1.39 -5.14 2.16 0.57 -0.02 2.01 2.19 2.19 2.08
0.94 0.22 0.01 -4.16 1.23 -4.33 2.16 0.50 0.01 2.03 2.23 2.14 2.13
1.00 0.20 -0.01 -4.72 1.04 -2.71 2.30 0.46 -0.04 2.06 2.14 2.24 2.11
1.01 0.22 -0.03 -7.50 -3.68 -0.41 2.32 0.49 -0.07 2.08 2.15 2.27 2.04
1.00 0.26 -0.03 -7.32 -7.50 0.13 2.30 0.59 -0.07 2.11 2.14 2.28 2.03
1.00 0.25 -0.01 -7.26 -9.19 -1.76 2.29 0.58 -0.03 2.07 2.16 2.17 2.13
0.96 0.27 0.01 -6.55 -10.02 -4.19 2.21 0.61 0.03 2.02 2.20 2.18 2.11
0.94 0.25 0.03 -4.15 -6.67 -6.28 2.17 0.58 0.05 2.06 2.20 2.20 2.03
0.92 0.18 0.05 -4.10 -2.44 -7.15 2.11 0.39 0.13 2.07 2.14 2.13 2.04
0.95 0.17 0.05 -10.11 3.42 -5.14 2.19 0.38 0.11 2.03 2.22 2.20 2.05
1.02 0.16 0.12 -11.94 9.15 -2.56 2.32 0.51 -0.01 2.09 2.22 2.21 2.05
1.06 0.24 -0.02 -5.96 4.30 -3.09 2.44 0.56 -0.04 2.02 2.13 2.17 2.10
1.00 0.20 0.00 -1.21 -0.28 -5.60 2.30 0.46 0.00 2.03 2.21 2.23 2.10
1.03 0.19 -0.02 -0.37 -2.84 -9.52 2.36 0.43 -0.08 2.05 2.17 2.18 2.09
0.90 0.15 0.04 2.34 -6.40 -11.59 2.06 0.34 0.10 2.05 2.19 2.20 2.04
0.89 0.06 0.08 1.95 2.92 -7.38 2.04 0.13 0.18 1.99 2.20 2.23 2.06
0.98 0.11 0.01 -3.95 9.61 -2.58 2.27 0.25 -0.00 2.05 2.20 2.23 2.06
1.01 0.16 -0.03 -4.55 7.01 -0.27 2.33 0.37 -0.07 2.00 2.21 2.23 2.04
0.97 0.18 -0.01 -2.06 4.20 -0.61 2.23 0.42 -0.01 2.08 2.16 2.17 2.11
1.00 0.20 -0.04 3.21 1.83 -1.00 2.29 0.45 -0.09 2.05 2.16 2.21 2.06
0.97 0.19 -0.03 7.64 -2.13 -1.61 2.22 0.45 -0.06 2.00 2.25 2.13 2.12
0.95 0.18 -0.00 8.63 -2.97 -1.37 2.19 0.41 -0.00 2.07 2.14 2.23 2.07
0.93 0.16 0.04 6.32 -0.97 0.88 2.12 0.37 0.08 2.01 2.13 2.15 2.04
0.97 0.21 0.01 2.91 1.84 3.39 2.22 0.47 0.02 2.05 2.19 2.21 2.05
1.01 0.28 -0.02 3.80 -0.05 2.02 2.30 0.63 -0.04 2.04 2.21 2.16 2.09
0.94 0.23 0.04 5.88 -2.11 -1.15 2.15 0.54 0.09 2.03 2.12 2.17 2.10
0.96 0.21 0.03 3.91 1.10 -3.05 2.20 0.48 0.05 1.98 2.23 2.14 2.07
1.02 0.23 -0.01 2.29 -0.27 -4.25 2.35 0.54 -0.04 2.00 2.14 2.25 2.01
0.96 0.21 0.02 2.42 -4.29 -4.76 2.21 0.49 0.06 2.00 2.11 2.27 2.07
0.89 0.16 0.09 0.08 0.97 -2.33 2.04 0.36 0.20 2.05 2.19 2.15 2.08
0.98 0.19 0.02 -4.10 7.72 0.80 2.26 0.44 0.03 2.09 2.10 2.26 2.01
1.01 0.22 -0.01 -4.18 5.71 0.56 2.32 0.49 -0.02 1.97 2.24 2.16 2.14
1.01 0.22 -0.01 -1.75 3.21 -0.50 2.31 0.49 -0.03 2.06 2.21 2.22 2.05
0.96 0.19 0.01 -0.75 1.13 -1.26 2.20 0.44 0.02 2.04 2.17 2.16 2.04
0.96 0.19 0.00 -0.15 1.94 -0.90 2.21 0.44 0.00 2.09 2.17 2.15 2.12
0.97 0.18 -0.02 1.31 -0.53 -1.52 2.23 0.40 -0.05 1.99 2.13 2.17 2.09
0.96 0.16 -0.02 2.45 -3.15 0.18 2.20 0.37 -0.04 2.10 2.14 2.15 2.13
0.94 0.16 -0.00 0.67 -3.23 2.23 2.16 0.37 -0.00 2.06 2.08 2.18 2.12
0.93 0.19 0.01 -0.17 -1.08 3.14 2.14 0.44 0.04 2.08 2.10 2.21 2.06
0.98 0.21 0.00 0.87 0.21 2.33 2.24 0.48 0.01 2.08 2.15 2.14 2.04
0.96 0.20 0.02 2.87 -0.32 2.66 2.20 0.46 0.05 2.07 2.22 2.21 2.09
0.95 0.19 0.04 2.62 -0.60 3.75 2.18 0.44 0.09 2.05 2.18 2.16 2.00
0.97 0.23 0.03 0.31 -0.30 4.33 2.23 0.52 0.07 2.06 2.10 2.22 2.08
0.99 0.25 0.02 0.94 -0.73 3.46 2.28 0.57 0.04 1.99 2.21 2.23 2.05
0.99 0.25 0.03 0.96 -2.48 0.02 2.26 0.58 0.06 1.98 2.20 2.21 2.01
0.96 0.24 0.04 1.25 -1.56 -2.39 2.21 0.54 0.09 1.99 2.15 2.24 2.02
0.98 0.22 0.01 0.46 -1.30 -3.43 2.26 0.52 0.01 1.97 2.19 2.18 2.06
0.96 0.23 -0.00 0.65 -2.63 -3.64 2.20 0.52 -0.00 1.97 2.12 2.20 2.10
0.96 0.20 0.01 1.51 -1.81 -3.04 2.20 0.45 0.02 2.07 2.09 2.23 2.00
0.96 0.17 0.01 0.19 -1.50 -1.91 2.21 0.39 0.01 2.06 2.08 2.24 2.01
0.97 0.16 0.01 -0.61 -1.85 0.52 2.23 0.38 0.03 2.04 2.18 2.12 2.13
0.96 0.18 0.03 -1.10 -1.81 2.35 2.20 0.40 0.07 2.07 2.12 2.24 2.04
0.95 0.17 0.05 -1.19 -0.69 4.20 2.17 0.40 0.11 1.99 2.19 2.21 2.05
0.97 0.20 0.03 -2.87 1.13 4.59 2.22 0.45 0.07 1.99 2.10 2.16 2.06
0.96 0.21 0.03 -2.50 1.20 4.37 2.21 0.48 0.06 2.04 2.14 2.16 2.04
0.99 0.21 0.00 -1.97 0.96 3.89 2.29 0.50 -0.01 2.01 2.19 2.20 2.02
0.99 0.23 -0.01 0.21 -3.25 3.05 2.27 0.53 -0.03 2.04 2.21 2.22 2.07
0.95 0.20 0.01 1.35 -4.85 1.80 2.17 0.45 0.03 1.99 2.17 2.16 2.09
0.95 0.20 0.02 0.64 -2.77 1.72 2.20 0.46 0.05 1.97 2.23 2.17 2.00
0.96 0.22 0.02 0.33 -1.73 1.71 2.19 0.52 0.05 2.06 2.08 2.24 2.00
0.96 0.23 0.02 0.31 -0.37 0.26 2.23 0.52 0.03 2.09 2.11 2.23 2.04
0.98 0.21 0.01 0.63 -0.50 -1.43 2.25 0.49 0.02 1.99 2.23 2.12 2.12
0.97 0.21 0.03 -0.06 -0.70 -2.48 2.22 0.48 0.06 2.04 2.09 2.26 2.01
0.98 0.22 0.02 0.03 -0.42 -3.15 2.26 0.50 0.04 2.00 2.21 2.20 2.01
0.97 0.22 0.03 0.34 -0.77 -4.33 2.22 0.51 0.06 2.00 2.20 2.13 2.10
0.95 0.21 0.04 0.09 0.20 -5.32 2.17 0.48 0.08 2.05 2.20 2.20 2.04
0.97 0.21 0.01 -0.13 1.17 -5.98 2.24 0.49 0.02 2.05 2.07 2.24 2.00
0.98 0.20 -0.00 -0.28 -1.15 -6.70 2.25 0.47 -0.00 1.95 2.23 2.13 2.08
0.95 0.18 0.02 -0.05 -1.78 -5.41 2.20 0.42 0.06 2.03 2.19 2.13 2.10
0.99 0.19 -0.01 -1.54 -2.13 -4.51 2.29 0.46 -0.03 1.99 2.17 2.14 2.11
0.97 0.21 -0.00 -0.73 -4.70 -4.62 2.23 0.48 -0.00 1.95 2.21 2.14 2.03
0.95 0.19 0.03 1.15 -2.92 -3.67 2.17 0.44 0.07 2.06 2.10 2.26 2.00
0.98 0.17 0.03 2.73 -0.73 -1.39 2.24 0.39 0.08 2.02 2.18 2.22 2.11
0.96 0.14 0.07 1.62 -1.52 0.90 2.20 0.33 0.15 1.97 2.12 2.18 2.11
0.98 0.18 0.06 -1.74 0.81 1.22 2.26 0.42 0.14 2.01 2.12 2.21 2.02
1.01 0.21 0.05 -1.29 1.37 0.59 2.32 0.48 0.12 2.04 2.17 2.16 2.07
1.00 0.19 0.05 -0.38 0.80 -0.70 2.29 0.44 0.12 2.04 2.20 2.20 2.09
0.98 0.19 0.05 -0.69 1.94 0.17 2.26 0.42 0.12 2.08 2.07 2.26 2.00
0.98 0.20 0.04 -0.59 2.63 1.45 2.26 0.46 0.08 2.04 2.18 2.13 2.02
0.97 0.22 0.03 0.52 3.26 1.11 2.24 0.51 0.06 1.96 2.23 2.11 2.12
0.98 0.21 0.02 1.26 4.04 -0.14 2.25 0.47 0.05 2.02 2.16 2.19 2.01
0.99 0.19 0.01 -0.24 2.56 -0.57 2.26 0.44 0.02 2.02 2.08 2.26 1.99
0.97 0.21 0.01 -0.81 0.81 -0.09 2.24 0.49 0.03 2.04 2.08 2.22 2.10
0.94 0.21 0.04 0.72 0.83 -0.04 2.15 0.47 0.08 1.95 2.22 2.13 2.08
0.94 0.19 0.04 -0.06 2.72 -0.57 2.16 0.44 0.09 2.04 2.08 2.18 2.10
0.97 0.20 0.02 -0.06 3.71 -0.11 2.21 0.46 0.05 1.99 2.16 2.14 2.06
0.97 0.21 0.01 -0.02 2.67 -0.88 2.23 0.48 0.02 1.96 2.20 2.15 2.06
0.95 0.21 0.01 -0.11 1.39 -0.65 2.19 0.48 0.02 1.96 2.23 2.12 2.11
0.96 0.20 0.02 -0.95 1.23 -0.66 2.20 0.47 0.03 1.97 2.08 2.17 2.06
0.98 0.21 0.01 -1.92 1.01 0.27 2.24 0.49 0.02 2.06 2.11 2.17 2.06
0.96 0.23 0.01 -0.62 -0.17 0.63 2.21 0.53 0.03 2.02 2.18 2.14 2.12
0.96 0.21 0.01 1.19 -0.59 -0.21 2.21 0.48 0.04 2.00 2.21 2.20 2.03
0.97 0.19 0.00 1.05 -1.35 -0.55 2.23 0.45 0.01 2.01 2.14 2.16 2.05
0.97 0.20 0.01 0.39 -1.97 -0.26 2.21 0.46 0.01 1.98 2.15 2.20 2.01
0.95 0.20 0.02 -0.53 -1.84 -0.27 2.18 0.47 0.06 2.05 2.12 2.19 2.05
0.95 0.21 0.04 -0.56 -0.53 -0.11 2.17 0.48 0.08 1.98 2.10 2.18 2.07
0.97 0.20 0.03 -0.24 -0.48 -0.36 2.25 0.47 0.05 2.03 2.10 2.18 2.06
0.98 0.20 0.04 0.57 -2.41 -0.21 2.23 0.46 0.10 2.02 2.14 2.19 2.03
0.97 0.21 0.05 0.60 -2.68 -0.24 2.23 0.48 0.10 2.01 2.16 2.15 2.06
0.99 0.21 0.03 0.70 -2.63 -0.46 2.26 0.49 0.07 2.02 2.17 2.18 2.05
0.95 0.20 0.04 1.55 -2.92 -1.18 2.18 0.46 0.10 2.03 2.11 2.18 2.07
0.95 0.19 0.04 1.86 -1.01 -0.58 2.17 0.43 0.09 2.04 2.13 2.16 2.09
0.95 0.18 0.03 0.30 -0.67 0.67 2.19 0.44 0.05 2.01 2.17 2.13 2.07
0.96 0.21 0.01 -1.13 -0.45 1.37 2.20 0.49 0.02 2.00 2.11 2.13 2.02
0.98 0.23 -0.00 -1.05 -1.79 0.43 2.25 0.53 -0.00 1.95 2.23 2.15 2.04
0.98 0.23 0.00 -0.42 -4.25 -1.11 2.24 0.51 0.01 2.02 2.16 2.14 2.02
0.96 0.22 0.03 -1.08 -5.01 -1.82 2.21 0.52 0.06 1.94 2.11 2.14 2.05
0.97 0.22 0.03 0.10 -4.13 -2.87 2.23 0.50 0.07 2.03 2.13 2.12 2.10
0.92 0.20 0.06 0.57 -2.56 -3.31 2.14 0.47 0.14 2.08 2.08 2.26 2.02
0.97 0.20 0.05 0.85 0.40 -2.13 2.22 0.46 0.12 1.97 2.15 2.12 2.06
0.99 0.20 0.04 0.07 -0.20 -2.31 2.27 0.44 0.08 2.00 2.19 2.09 2.10
0.97 0.19 0.05 -1.88 -0.53 -2.41 2.22 0.44 0.10 1.98 2.11 2.13 2.01
0.98 0.21 0.03 -2.83 -0.49 -1.93 2.25 0.47 0.08 2.02 2.17 2.17 2.01
0.97 0.21 0.03 -2.68 -1.87 -2.31 2.21 0.50 0.06 2.03 2.17 2.15 2.05
0.97 0.22 0.03 -2.45 -2.58 -3.46 2.22 0.51 0.06 2.02 2.19 2.13 2.01
0.95 0.20 0.05 -0.85 -2.49 -3.20 2.18 0.46 0.11 2.03 2.12 2.18 2.02
0.95 0.19 0.04 -1.25 -1.50 -2.23 2.18 0.43 0.10 2.00 2.12 2.13 2.07
0.95 0.19 0.05 -1.90 -0.24 -1.21 2.19 0.43 0.12 2.03 2.19 2.20 2.07
0.97 0.19 0.04 -2.39 0.24 -0.42 2.22 0.45 0.09 1.97 2.17 2.14 2.07
0.99 0.21 0.02 -1.49 -0.93 -0.55 2.27 0.48 0.05 2.02 2.19 2.16 2.04
0.97 0.21 0.03 -0.20 -2.86 -0.97 2.23 0.47 0.08 1.98 2.15 2.19 2.08
0.97 0.19 0.05 -0.68 -3.21 -0.74 2.23 0.45 0.11 1.92 2.20 2.10 2.06
0.97 0.20 0.06 -1.35 -2.96 -0.52 2.23 0.45 0.14 1.95 2.17 2.20 2.02
0.95 0.19 0.08 -2.40 -2.13 0.11 2.16 0.44 0.20 1.99 2.14 2.15 2.06
0.94 0.20 0.08 -2.79 1.16 1.23 2.17 0.45 0.19 1.95 2.17 2.16 2.03
0.98 0.21 0.06 -3.67 2.48 1.00 2.26 0.48 0.13 1.98 2.11 2.12 2.01
1.00 0.22 0.04 -3.83 1.15 -0.01 2.30 0.51 0.08 1.96 2.18 2.23 2.03
0.99 0.21 0.04 -2.47 -1.52 -1.15 2.28 0.49 0.09 1.95 2.10 2.22 2.03
0.98 0.20 0.05 -2.89 -2.17 -2.26 2.25 0.46 0.11 1.98 2.17 2.17 2.00
0.95 0.19 0.06 -3.31 -1.59 -1.58 2.16 0.44 0.15 1.98 2.16 2.12 2.04
0.94 0.19 0.07 -2.97 0.62 -0.57 2.15 0.45 0.15 1.96 2.17 2.20 2.09
0.97 0.21 0.05 -2.81 3.33 -0.38 2.23 0.47 0.11 1.98 2.17 2.20 2.08
0.98 0.21 0.02 -2.90 1.46 -1.77 2.24 0.49 0.04 1.96 2.17 2.17 2.07
0.97 0.20 0.00 -1.70 -2.10 -2.40 2.23 0.45 0.00 2.01 2.16 2.16 2.05
0.96 0.21 0.00 -1.47 -3.64 -2.71 2.20 0.48 0.02 2.00 2.12 2.20 2.01
0.93 0.20 0.01 0.32 -2.01 -3.78 2.16 0.47 0.04 2.00 2.17 2.12 2.07