start recording
0.01 -0.71 0.90 48.47 -46.91 -159.54 0.09 -1.71 2.02 1.66 1.55 1.56 1.56
-0.09 -0.67 0.81 48.33 23.33 -156.83 -0.21 -1.53 1.86 1.66 1.55 1.55 1.55
-0.15 -0.77 0.82 78.46 44.34 -157.26 -0.23 -1.88 1.99 1.66 1.53 1.55 1.54
-0.06 -1.12 1.00 65.03 77.37 -154.27 -0.14 -2.56 2.29 1.65 1.52 1.53 1.52
-0.04 -1.24 1.04 10.30 109.42 -176.15 -0.15 -2.91 2.50 1.63 1.52 1.54 1.54
-0.37 -1.48 1.02 -66.52 172.31 -192.54 -0.86 -3.40 2.35 1.62 1.53 1.52 1.52
-0.34 -1.51 1.20 -150.82 243.01 -218.35 -0.79 -3.48 2.76 1.64 1.51 1.53 1.52
-0.58 -1.27 1.15 -255.12 286.68 -241.24 -1.32 -2.91 2.45 1.63 1.48 1.54 1.52
-0.50 -0.95 0.79 -286.72 286.68 -254.25 -1.16 -2.18 1.81 1.65 1.52 1.53 1.53
-0.34 -0.78 0.72 -286.72 286.68 -251.57 -0.73 -1.57 1.60 1.64 1.51 1.51 1.50
-0.00 -0.94 0.54 -284.29 286.68 -217.84 -0.01 -2.16 1.24 1.64 1.49 1.51 1.51
0.25 -1.20 0.52 -272.92 286.68 -165.18 0.52 -2.59 1.10 1.65 1.52 1.52 1.50
0.13 -1.34 0.06 -286.72 286.68 -57.65 0.29 -3.07 0.15 1.63 1.52 1.54 1.53
0.43 -0.88 -0.11 -284.64 286.68 -9.67 0.98 -2.02 -0.26 1.65 1.50 1.54 1.51
0.23 -0.44 0.10 -173.37 286.68 -80.75 1.11 -0.84 -0.01 1.64 1.52 1.50 1.52
0.69 -0.95 -0.14 -47.71 286.68 -24.95 1.59 -2.18 -0.32 1.62 1.52 1.53 1.52
0.76 -1.06 -0.08 -6.09 255.40 -22.83 1.90 -2.57 0.01 1.61 1.51 1.52 1.53
0.86 -1.20 -0.30 3.95 131.79 -58.35 1.98 -2.75 -0.69 1.64 1.52 1.53 1.50
0.88 -1.12 -0.08 12.98 85.55 -50.76 2.03 -2.43 -0.12 1.64 1.52 1.54 1.52
0.70 -0.95 -0.02 2.54 31.53 -34.67 1.56 -2.13 -0.05 1.64 1.53 1.54 1.53
0.68 -0.84 0.07 13.71 22.04 -20.80 1.57 -1.92 0.15 1.63 1.51 1.53 1.51
0.69 -0.84 0.17 18.40 21.47 -6.05 1.60 -1.96 0.39 1.63 1.52 1.53 1.51
0.71 -0.79 0.21 15.89 17.84 11.98 1.64 -1.82 0.48 1.62 1.52 1.55 1.53
0.83 -0.73 0.25 10.32 17.87 18.89 1.91 -1.67 0.57 1.65 1.52 1.53 1.51
0.91 -0.71 0.27 -3.88 18.62 19.28 2.11 -1.62 0.57 1.62 1.50 1.53 1.53
0.93 -0.62 0.28 -7.61 6.11 20.92 2.13 -1.43 0.65 1.65 1.52 1.53 1.51
0.86 -0.60 0.34 -6.85 -5.41 17.75 1.97 -1.40 0.78 1.62 1.50 1.53 1.52
0.79 -0.60 0.37 -6.24 -16.18 7.15 1.82 -1.38 0.86 1.64 1.52 1.54 1.51
0.79 -0.63 0.39 -2.13 -19.15 -1.63 1.82 -1.44 0.90 1.61 1.52 1.52 1.53
0.78 -0.68 0.43 3.06 -18.09 -3.83 1.79 -1.57 1.00 1.62 1.52 1.55 1.51
0.74 -0.73 0.43 7.96 -16.84 -1.29 1.70 -1.68 0.99 1.64 1.52 1.54 1.52
0.69 -0.75 0.44 11.92 -8.95 4.56 1.59 -1.72 1.01 1.62 1.53 1.54 1.52
0.68 -0.76 0.45 11.34 -0.16 10.65 1.55 -1.75 1.04 1.64 1.54 1.54 1.52
0.68 -0.75 0.42 7.28 3.84 15.55 1.57 -1.72 0.96 1.61 1.52 1.54 1.53
0.71 -0.72 0.35 9.93 1.68 18.84 1.62 -1.64 0.80 1.61 1.51 1.54 1.54
0.71 -0.71 0.35 15.41 -5.54 17.99 1.63 -1.63 0.80 1.62 1.52 1.54 1.54
0.71 -0.71 0.32 18.93 -15.47 18.13 1.64 -1.63 0.74 1.63 1.50 1.53 1.52
0.71 -0.70 0.30 19.86 -27.06 17.73 1.59 -1.62 0.67 1.64 1.51 1.53 1.53
0.68 -0.66 0.32 23.85 -35.67 18.93 1.57 -1.52 0.74 1.63 1.51 1.54 1.54
0.66 -0.65 0.35 26.50 -37.78 19.82 1.52 -1.50 0.79 1.62 1.52 1.54 1.54
0.69 -0.66 0.35 25.83 -38.48 23.63 1.57 -1.52 0.79 1.63 1.53 1.53 1.53
0.68 -0.70 0.36 21.55 -40.51 28.92 1.54 -1.65 0.83 1.64 1.53 1.53 1.52
0.72 -0.70 0.33 16.45 -43.63 33.78 1.69 -1.62 0.74 1.61 1.50 1.53 1.52
0.78 -0.71 0.27 18.61 -53.86 45.35 1.80 -1.63 0.62 1.64 1.51 1.53 1.53
0.80 -0.73 0.23 25.49 -74.27 58.70 1.82 -1.68 0.53 1.62 1.52 1.54 1.52
0.79 -0.67 0.19 43.11 -101.32 65.49 1.82 -1.54 0.43 1.64 1.53 1.55 1.54
0.66 -0.69 0.16 62.00 -127.16 66.60 1.46 -1.53 0.37 1.65 1.52 1.53 1.55
0.68 -0.61 0.21 82.47 -142.84 57.17 1.55 -1.41 0.49 1.65 1.50 1.53 1.55
0.64 -0.72 0.34 86.04 -155.56 56.86 1.48 -1.66 0.79 1.62 1.53 1.53 1.54
0.69 -0.75 0.40 76.51 -157.82 63.33 1.62 -1.76 0.92 1.64 1.53 1.54 1.53
0.82 -0.76 0.39 67.60 -150.62 82.85 1.87 -1.75 0.89 1.63 1.51 1.54 1.54
0.76 -0.84 0.37 47.46 -154.93 114.43 1.73 -1.90 0.90 1.63 1.53 1.53 1.54
0.72 -0.75 0.43 42.06 -161.81 135.42 1.66 -1.73 0.99 1.61 1.51 1.55 1.55
0.65 -0.70 0.42 40.13 -178.56 147.32 1.39 -1.67 0.87 1.62 1.53 1.55 1.54
0.58 -0.55 0.34 63.53 -187.63 146.41 1.40 -1.33 0.69 1.63 1.52 1.55 1.54
0.69 -0.55 0.32 96.40 -191.98 155.62 1.58 -1.26 0.73 1.63 1.53 1.54 1.54
0.73 -0.61 0.31 134.35 -196.32 179.55 1.66 -1.31 0.75 1.65 1.53 1.53 1.53
0.45 -0.69 0.40 152.52 -212.97 194.62 1.02 -1.58 0.91 1.62 1.52 1.53 1.54
0.41 -0.71 0.54 150.46 -229.71 190.43 0.96 -1.60 1.22 1.63 1.53 1.54 1.54
0.32 -0.65 0.65 132.00 -218.09 179.11 0.74 -1.49 1.49 1.63 1.52 1.53 1.54
0.39 -0.78 0.74 124.78 -205.70 174.12 0.89 -1.65 1.73 1.63 1.53 1.56 1.54
0.53 -0.81 0.86 113.51 -192.01 176.99 1.03 -1.79 2.05 1.64 1.53 1.54 1.54
0.42 -0.71 1.03 104.52 -154.32 180.73 0.96 -1.63 2.37 1.63 1.53 1.56 1.53
0.42 -0.67 1.05 88.37 -105.54 181.89 0.97 -1.69 2.31 1.65 1.54 1.58 1.54
0.25 -0.64 0.95 72.55 -61.99 173.83 0.56 -1.47 2.19 1.64 1.52 1.56 1.54
0.21 -0.70 1.06 53.73 -50.91 144.05 0.51 -1.65 2.45 1.62 1.53 1.59 1.53
0.33 -0.78 1.13 14.64 -49.24 112.93 0.72 -1.78 2.59 1.63 1.55 1.62 1.54
0.40 -0.67 1.12 -24.84 -30.84 98.68 0.91 -1.54 2.56 1.67 1.53 1.65 1.55
0.50 -0.69 0.96 -60.75 -25.84 95.55 1.15 -1.55 2.14 1.65 1.58 1.69 1.55
0.54 -0.51 0.89 -99.49 -7.55 111.71 1.23 -1.17 2.04 1.63 1.60 1.72 1.59
0.61 -0.39 0.84 -108.39 -29.20 111.96 1.43 -0.91 1.93 1.64 1.61 1.73 1.61
0.43 -0.14 0.71 -127.60 -37.42 89.69 0.99 -0.31 1.63 1.66 1.66 1.75 1.64
0.45 -0.38 0.87 -94.18 -26.22 64.13 0.93 -0.77 1.93 1.67 1.69 1.76 1.66
0.43 -0.36 1.19 -53.44 -15.20 28.86 0.98 -1.02 2.65 1.64 1.69 1.78 1.67
0.21 -0.52 0.98 -142.79 51.23 26.27 0.47 -1.19 2.26 1.65 1.71 1.79 1.67
0.22 -0.64 0.96 -198.06 115.77 32.00 0.60 -1.52 2.20 1.67 1.73 1.80 1.71
0.47 -0.58 0.83 -282.19 155.42 33.15 1.08 -1.33 1.90 1.69 1.76 1.86 1.74
0.64 -0.37 0.61 -286.72 167.73 25.86 1.33 -0.86 1.38 1.67 1.80 1.90 1.76
0.69 -0.09 0.50 -286.72 194.76 36.05 1.59 -0.21 1.14 1.69 1.84 1.93 1.81
0.63 0.24 0.37 -286.72 219.45 39.10 1.44 0.56 0.85 1.71 1.87 1.95 1.84
0.60 0.38 0.38 -286.72 192.27 30.24 1.37 0.93 0.86 1.68 1.88 1.98 1.87
0.53 0.41 0.17 -280.25 206.34 7.45 1.21 0.93 0.39 1.71 1.92 1.99 1.89
0.81 0.55 0.28 -244.37 210.54 -2.15 1.86 1.23 0.63 1.71 1.92 1.98 1.89
0.81 0.50 0.24 -204.82 189.67 -24.12 1.86 1.15 0.56 1.73 1.94 2.04 1.95
0.92 0.59 0.11 -160.38 174.19 -12.49 2.11 1.32 0.22 1.72 1.97 2.06 1.94
0.98 0.47 0.23 -83.00 143.57 -0.90 2.15 1.12 0.61 1.71 2.01 2.09 2.00
0.70 0.33 0.33 -38.96 138.32 -5.21 1.60 0.75 0.75 1.73 2.06 2.13 2.02
0.79 0.18 0.36 -37.49 141.44 -16.61 1.86 0.38 0.83 1.71 2.06 2.13 2.03
0.77 0.18 0.41 -56.67 150.30 -22.22 1.77 0.40 0.94 1.71 2.08 2.17 2.01
0.84 0.22 0.31 -64.49 168.20 -18.34 1.94 0.51 0.69 1.74 2.06 2.13 2.02
0.99 0.28 0.25 -64.40 174.46 -13.90 2.31 0.66 0.52 1.74 2.10 2.16 2.07
0.91 0.38 0.25 -54.25 167.60 -16.61 2.08 0.86 0.58 1.74 2.12 2.20 2.07
0.77 0.32 0.13 -36.13 165.51 -30.71 1.85 0.77 0.25 1.75 2.11 2.20 2.09
0.86 0.30 0.17 -19.84 177.42 -33.49 1.98 0.69 0.38 1.75 2.14 2.19 2.10
0.92 0.26 0.08 -5.32 179.63 -31.48 2.08 0.61 0.19 1.75 2.16 2.19 2.09
0.87 0.03 -0.05 14.07 173.04 -15.54 2.00 0.06 -0.13 1.75 2.16 2.25 2.06
1.01 0.01 -0.10 8.02 171.08 3.74 2.31 0.03 -0.23 1.79 2.17 2.21 2.07
0.97 0.05 -0.10 7.57 153.69 15.06 2.22 0.10 -0.26 1.79 2.17 2.24 2.11
0.93 0.19 -0.22 4.08 140.67 10.60 2.13 0.43 -0.52 1.80 2.16 2.21 2.11
0.94 0.31 -0.27 18.17 131.86 2.29 2.29 0.77 -0.57 1.83 2.15 2.25 2.11
0.86 0.21 -0.18 50.14 112.82 -6.05 1.96 0.48 -0.40 1.82 2.20 2.26 2.12
0.83 0.16 -0.12 64.98 109.41 -11.17 1.90 0.38 -0.28 1.83 2.17 2.24 2.11
0.80 0.23 -0.12 78.27 125.70 -6.24 1.85 0.54 -0.20 1.85 2.19 2.24 2.11
0.77 0.11 -0.17 102.99 113.58 -6.89 1.76 0.25 -0.40 1.86 2.19 2.25 2.11
0.90 0.06 -0.38 100.49 109.79 3.88 2.20 0.20 -0.81 1.87 2.19 2.21 2.11
1.02 0.16 -0.50 87.71 86.46 21.42 2.33 0.36 -1.14 1.91 2.19 2.24 2.08
1.11 0.20 -0.58 75.39 61.35 20.48 2.54 0.45 -1.33 1.90 2.16 2.20 2.07
1.07 0.21 -0.59 61.19 37.98 15.56 2.50 0.56 -1.29 1.92 2.17 2.23 2.11
0.96 0.24 -0.49 51.38 22.38 3.68 2.21 0.55 -1.13 1.96 2.19 2.24 2.10
0.93 0.12 -0.45 55.90 11.03 0.21 2.11 0.26 -0.98 1.96 2.18 2.24 2.09
0.84 0.11 -0.35 39.96 5.86 -4.56 1.93 0.26 -0.81 1.98 2.19 2.24 2.10
0.84 0.20 -0.29 26.35 13.31 -1.90 1.92 0.47 -0.67 1.99 2.17 2.20 2.10
0.95 0.22 -0.35 20.23 23.31 0.58 2.20 0.51 -0.79 2.01 2.20 2.25 2.10
0.96 0.17 -0.32 14.04 20.47 3.89 2.19 0.40 -0.72 2.01 2.18 2.22 2.08
0.94 0.25 -0.28 7.53 19.01 2.97 2.17 0.58 -0.64 2.02 2.16 2.23 2.07
1.00 0.29 -0.33 11.94 15.13 0.16 2.29 0.65 -0.75 2.01 2.17 2.22 2.09
1.01 0.20 -0.34 16.97 5.64 -3.99 2.32 0.45 -0.78 2.01 2.16 2.24 2.08
0.93 0.12 -0.29 9.35 -0.39 -3.79 2.11 0.26 -0.65 2.03 2.19 2.20 2.07
0.90 0.18 -0.25 -5.03 3.67 0.36 2.06 0.41 -0.58 2.00 2.17 2.20 2.09
0.89 0.25 -0.28 -9.06 9.00 0.31 2.05 0.58 -0.64 2.01 2.18 2.23 2.07
0.95 0.29 -0.31 -6.67 8.36 -2.62 2.17 0.66 -0.71 2.00 2.16 2.23 2.10
0.97 0.24 -0.31 -0.38 5.73 -2.07 2.22 0.56 -0.71 2.00 2.17 2.22 2.08
0.98 0.26 -0.32 1.34 -3.31 -4.45 2.23 0.59 -0.73 2.00 2.16 2.22 2.09
0.89 0.22 -0.23 2.12 -8.49 -8.85 2.04 0.50 -0.54 2.04 2.17 2.23 2.08
0.91 0.19 -0.25 1.34 -6.85 -9.45 2.09 0.45 -0.57 2.00 2.16 2.24 2.06
0.94 0.18 -0.25 -0.06 -5.56 -6.21 2.15 0.41 -0.58 2.01 2.18 2.22 2.08
0.91 0.17 -0.23 -1.15 -5.51 -3.21 2.08 0.39 -0.52 2.01 2.17 2.22 2.08
0.88 0.16 -0.20 -3.40 -3.72 -2.29 2.04 0.39 -0.46 2.00 2.14 2.19 2.06
0.93 0.20 -0.22 -4.08 -0.26 -1.63 2.13 0.48 -0.51 2.03 2.16 2.18 2.06
0.96 0.20 -0.24 -0.82 -1.14 -1.40 2.21 0.45 -0.54 2.01 2.15 2.21 2.08
0.98 0.19 -0.25 0.11 -3.74 -0.99 2.23 0.44 -0.58 2.01 2.16 2.21 2.07
0.96 0.23 -0.25 0.54 -5.36 -0.75 2.19 0.53 -0.57 2.01 2.14 2.18 2.06
0.97 0.22 -0.25 5.02 -7.15 -1.79 2.22 0.51 -0.58 2.00 2.16 2.18 2.07
0.90 0.20 -0.20 5.76 -9.27 -4.06 2.05 0.45 -0.43 1.99 2.14 2.18 2.06
0.89 0.16 -0.17 4.03 -3.53 -2.73 2.04 0.38 -0.38 1.99 2.16 2.20 2.06
0.93 0.16 -0.18 -0.43 0.63 0.06 2.14 0.37 -0.44 2.00 2.16 2.19 2.05
0.96 0.20 -0.22 -3.33 2.12 2.62 2.20 0.47 -0.51 1.99 2.16 2.20 2.06
0.98 0.22 -0.24 -2.28 2.21 2.32 2.24 0.49 -0.55 2.01 2.17 2.22 2.08
0.95 0.21 -0.23 -1.76 -0.77 0.94 2.18 0.49 -0.51 1.98 2.14 2.22 2.08
0.95 0.21 -0.24 1.81 -2.06 -0.19 2.18 0.48 -0.55 1.99 2.16 2.18 2.07
0.96 0.20 -0.25 4.17 -4.72 -1.20 2.20 0.46 -0.58 1.99 2.16 2.21 2.08
0.94 0.21 -0.25 5.92 -7.12 -1.22 2.15 0.49 -0.57 1.99 2.13 2.18 2.07
0.92 0.19 -0.23 7.36 -7.53 -1.03 2.11 0.44 -0.53 1.99 2.15 2.20 2.06
0.87 0.13 -0.17 1.45 -5.57 -0.81 2.01 0.29 -0.39 2.01 2.14 2.19 2.08
0.93 0.20 -0.19 -4.98 0.94 0.92 2.14 0.48 -0.46 2.00 2.16 2.24 2.08
0.98 0.23 -0.24 -2.02 1.72 1.54 2.25 0.53 -0.54 2.01 2.15 2.18 2.05
0.97 0.23 -0.23 0.74 -2.35 0.35 2.19 0.51 -0.52 1.98 2.16 2.18 2.07
0.96 0.20 -0.22 3.21 -3.21 1.87 2.20 0.45 -0.50 2.00 2.15 2.18 2.06
0.96 0.21 -0.24 3.27 -5.10 2.48 2.21 0.49 -0.55 2.00 2.15 2.20 2.06
0.89 0.16 -0.21 4.17 -6.73 4.02 2.04 0.38 -0.47 2.00 2.14 2.20 2.05
0.90 0.20 -0.24 -0.25 -2.27 5.84 2.07 0.48 -0.55 1.98 2.15 2.21 2.07
0.95 0.24 -0.30 1.18 -1.40 6.05 2.18 0.56 -0.69 2.00 2.15 2.20 2.07
0.92 0.20 -0.28 4.34 -4.86 6.58 2.11 0.45 -0.64 1.99 2.15 2.20 2.07
0.98 0.28 -0.34 4.13 -9.92 6.04 2.24 0.65 -0.78 2.01 2.15 2.18 2.05
1.04 0.25 -0.37 15.92 -20.84 6.77 2.39 0.57 -0.85 1.99 2.18 2.18 2.06
1.05 0.19 -0.38 21.51 -38.73 7.57 2.41 0.46 -0.89 2.00 2.14 2.20 2.07
1.15 0.29 -0.51 26.53 -54.72 10.87 2.63 0.66 -1.16 1.97 2.14 2.18 2.07
1.07 0.16 -0.46 34.35 -81.62 11.22 2.40 0.34 -1.02 1.97 2.16 2.22 2.05
0.91 0.29 -0.35 15.84 -99.54 -0.06 2.09 0.66 -0.80 1.96 2.14 2.19 2.06
0.88 0.53 -0.34 20.03 -100.08 -14.78 2.02 1.21 -0.79 1.95 2.15 2.21 2.05
0.93 0.51 -0.37 48.16 -97.03 -22.42 2.18 1.20 -0.86 1.97 2.15 2.21 2.06
1.03 0.63 -0.48 83.61 -108.09 -30.11 2.36 1.44 -1.10 1.94 2.16 2.23 2.05
1.10 0.58 -0.53 125.78 -128.35 -36.23 2.54 1.29 -1.20 1.95 2.13 2.19 2.07
1.02 0.37 -0.48 162.85 -169.84 -33.05 2.34 0.86 -1.09 1.94 2.12 2.20 2.05
0.92 0.22 -0.36 168.32 -191.91 -40.84 2.11 0.50 -0.82 1.91 2.11 2.19 2.06
0.78 0.02 -0.18 146.25 -253.06 -61.44 1.63 0.06 -0.39 1.90 2.13 2.21 2.05
0.60 0.30 -0.15 104.13 -248.32 -79.84 1.38 0.69 -0.35 1.87 2.12 2.21 2.04
0.74 0.51 -0.18 119.21 -219.24 -83.55 1.67 1.16 -0.50 1.82 2.09 2.16 2.02
0.71 0.66 -0.25 169.12 -220.32 -82.64 1.63 1.51 -0.57 1.83 2.09 2.17 2.00
0.69 0.54 -0.32 227.56 -230.88 -94.39 1.71 1.40 -0.67 1.80 2.07 2.14 1.96
0.71 0.60 -0.31 284.19 -257.57 -110.57 1.62 1.33 -0.69 1.80 2.01 2.11 1.98
0.57 0.29 -0.19 286.68 -286.72 -125.08 1.31 0.67 -0.44 1.76 1.97 2.08 1.95
0.46 -0.01 0.08 286.68 -286.72 -150.19 0.76 -0.14 0.30 1.75 1.96 2.07 1.93
0.29 -0.34 0.33 286.68 -286.72 -154.18 0.67 -0.78 0.76 1.76 1.92 2.03 1.89
0.21 -0.31 0.51 286.68 -264.53 -156.50 0.51 -0.77 1.27 1.76 1.90 1.96 1.84
0.27 -0.48 0.69 286.68 -213.88 -152.12 0.62 -1.10 1.59 1.76 1.85 1.94 1.81
0.37 -0.70 0.74 274.95 -177.48 -135.75 0.87 -1.63 1.69 1.74 1.81 1.92 1.80
0.45 -0.78 0.75 241.45 -151.75 -105.39 0.95 -1.77 1.75 1.71 1.79 1.85 1.75
0.36 -0.77 0.81 221.40 -143.00 -92.69 0.82 -1.76 1.86 1.75 1.75 1.86 1.73
0.33 -0.80 0.85 200.09 -118.98 -96.26 0.65 -1.85 2.07 1.71 1.75 1.80 1.72
0.19 -0.91 0.99 164.90 -86.54 -104.99 0.44 -2.10 2.27 1.71 1.73 1.78 1.68
0.18 -0.88 0.97 125.53 -42.34 -116.96 0.45 -2.04 2.21 1.70 1.71 1.72 1.67
0.17 -0.81 0.93 88.42 5.18 -138.63 0.38 -1.85 2.14 1.72 1.68 1.68 1.67
0.23 -0.83 0.86 55.30 44.28 -164.09 0.53 -1.91 1.98 1.71 1.66 1.66 1.65
0.34 -0.90 0.82 34.72 79.90 -168.09 0.76 -1.99 2.00 1.69 1.64 1.65 1.65
0.36 -0.95 0.83 31.11 75.30 -143.17 0.83 -2.17 1.90 1.68 1.64 1.62 1.62
0.39 -0.96 0.72 17.29 40.75 -125.69 1.00 -2.28 1.65 1.68 1.61 1.62 1.61
0.38 -0.97 0.76 -1.75 14.11 -120.76 0.87 -2.22 1.74 1.68 1.58 1.60 1.62
0.06 -0.87 0.78 -27.19 1.50 -133.04 0.14 -2.03 1.83 1.66 1.57 1.59 1.61
0.08 -0.81 0.87 -49.42 44.66 -184.47 0.10 -1.83 2.06 1.67 1.55 1.56 1.59
0.05 -0.77 1.04 -99.66 137.90 -255.10 0.12 -1.76 2.39 1.65 1.52 1.54 1.55
-0.14 -0.71 0.83 -109.32 232.35 -286.72 -0.19 -1.76 1.83 1.68 1.54 1.54 1.55
0.01 -0.66 0.85 -95.92 269.37 -286.72 0.02 -1.52 1.96 1.65 1.52 1.54 1.55
0.32 -1.00 0.78 -96.83 266.83 -286.72 0.73 -2.31 1.83 1.65 1.51 1.54 1.55
0.11 -0.96 0.71 -107.38 256.17 -265.23 0.50 -2.22 1.62 1.65 1.51 1.53 1.54
-0.02 -1.21 0.66 -120.80 273.92 -247.57 -0.04 -2.79 1.53 1.65 1.52 1.52 1.54
-0.00 -1.23 0.72 -142.62 286.68 -221.44 0.05 -2.77 1.68 1.62 1.51 1.55 1.52
0.01 -1.16 0.57 -185.11 286.68 -220.72 0.02 -2.65 1.30 1.64 1.52 1.54 1.52
0.02 -1.21 0.66 -207.88 286.68 -206.16 0.15 -2.68 1.34 1.64 1.50 1.54 1.51
0.26 -0.74 0.23 -226.92 286.68 -183.28 0.59 -1.70 0.52 1.65 1.51 1.55 1.51
0.40 -1.17 0.52 -182.95 286.68 -96.37 0.91 -2.67 1.27 1.63 1.52 1.54 1.52
0.39 -1.26 0.02 -231.95 286.68 -11.54 0.70 -3.09 0.54 1.64 1.52 1.54 1.53
0.50 -0.47 0.28 -170.87 286.68 -88.61 1.16 -1.07 0.65 1.64 1.52 1.53 1.51
0.14 -1.13 0.09 -136.09 286.68 12.00 0.11 -2.59 -0.03 1.65 1.53 1.54 1.53
0.29 -1.30 0.21 -117.24 218.03 -47.35 0.67 -2.98 0.49 1.65 1.50 1.53 1.53
0.37 -0.97 0.05 -71.45 209.80 -52.67 0.92 -2.39 0.13 1.66 1.50 1.53 1.54
0.57 -1.17 0.15 -49.50 182.28 -44.88 1.08 -2.69 0.34 1.62 1.50 1.55 1.54
0.55 -1.03 0.03 -34.70 135.66 -35.18 1.27 -2.36 0.06 1.65 1.53 1.53 1.53
0.67 -1.01 0.06 -8.65 86.71 -21.06 1.54 -2.29 0.18 1.65 1.51 1.55 1.52
0.66 -0.97 0.18 1.79 46.75 -8.01 1.52 -2.23 0.41 1.62 1.53 1.53 1.52
0.58 -0.91 0.25 -1.04 33.15 3.56 1.34 -2.08 0.59 1.63 1.52 1.54 1.54
0.58 -0.86 0.32 -7.52 29.13 13.31 1.32 -1.94 0.73 1.63 1.53 1.52 1.54
0.61 -0.74 0.29 -10.74 28.52 17.18 1.40 -1.70 0.67 1.62 1.53 1.53 1.54
0.66 -0.69 0.29 -2.17 24.69 16.95 1.54 -1.59 0.65 1.64 1.52 1.55 1.53
0.73 -0.68 0.27 8.08 16.49 12.04 1.68 -1.56 0.62 1.62 1.54 1.54 1.53
0.77 -0.73 0.30 10.65 4.91 10.93 1.77 -1.70 0.70 1.65 1.50 1.56 1.51
0.72 -0.72 0.36 4.02 -4.76 8.99 1.66 -1.64 0.84 1.62 1.51 1.56 1.54
0.68 -0.68 0.39 -0.80 -1.71 7.04 1.57 -1.57 0.89 1.64 1.50 1.55 1.53
0.68 -0.70 0.40 -4.13 1.12 8.18 1.56 -1.60 0.91 1.62 1.51 1.55 1.54
0.65 -0.67 0.39 -5.89 -1.16 5.81 1.50 -1.54 0.89 1.63 1.53 1.53 1.55
0.65 -0.68 0.35 1.54 -6.64 -1.22 1.50 -1.55 0.81 1.62 1.52 1.55 1.52
0.67 -0.71 0.34 13.38 -15.51 -6.05 1.54 -1.66 0.79 1.64 1.51 1.55 1.52
0.66 -0.79 0.35 24.93 -23.19 -3.13 1.51 -1.82 0.79 1.62 1.54 1.53 1.54
0.60 -0.88 0.40 21.94 -25.17 5.61 1.39 -2.00 0.91 1.63 1.52 1.56 1.54
0.59 -0.85 0.42 8.97 -19.82 15.25 1.36 -1.93 0.95 1.62 1.52 1.53 1.54
0.55 -0.76 0.41 0.89 -13.41 22.51 1.26 -1.75 0.93 1.65 1.51 1.53 1.54
0.58 -0.70 0.39 2.10 -8.65 24.43 1.36 -1.63 0.90 1.65 1.51 1.55 1.55
0.65 -0.71 0.32 6.94 -15.90 24.33 1.49 -1.63 0.74 1.62 1.53 1.56 1.52
0.69 -0.75 0.29 15.92 -31.84 24.95 1.58 -1.73 0.67 1.62 1.54 1.54 1.55
0.75 -0.75 0.25 27.08 -57.67 28.22 1.75 -1.69 0.57 1.65 1.53 1.53 1.53
0.64 -0.80 0.30 36.05 -80.82 35.90 1.47 -1.85 0.69 1.62 1.52 1.55 1.53
0.56 -0.79 0.38 34.89 -88.87 33.47 1.25 -1.83 0.84 1.64 1.53 1.53 1.54
0.64 -0.72 0.38 41.67 -91.81 44.16 1.46 -1.66 0.86 1.63 1.50 1.55 1.55
0.57 -0.80 0.41 55.63 -100.00 59.66 1.34 -1.83 0.93 1.62 1.53 1.56 1.53
0.61 -0.85 0.33 62.47 -97.25 63.80 1.45 -1.88 0.69 1.65 1.50 1.56 1.53
0.82 -0.82 0.21 81.24 -103.67 84.61 1.88 -1.88 0.49 1.64 1.52 1.54 1.55
0.87 -0.85 0.12 108.55 -138.40 122.70 2.05 -1.91 0.33 1.63 1.51 1.56 1.53
0.47 -1.00 0.23 105.46 -191.70 135.27 1.08 -2.29 0.52 1.64 1.53 1.55 1.54
0.35 -0.80 0.34 105.49 -203.87 103.14 0.82 -1.75 0.77 1.62 1.51 1.55 1.53
0.45 -0.71 0.32 115.75 -182.21 81.12 1.04 -1.62 0.72 1.64 1.53 1.53 1.52
0.70 -0.80 0.32 125.17 -178.88 106.13 1.60 -1.83 0.74 1.63 1.52 1.55 1.53
0.93 -0.89 0.43 134.15 -181.98 156.40 2.13 -2.12 0.89 1.65 1.51 1.55 1.53
0.99 -0.88 0.31 142.56 -203.60 209.81 2.28 -2.03 0.72 1.64 1.51 1.58 1.53
0.74 -0.79 0.27 151.25 -236.29 245.49 1.48 -1.74 0.71 1.63 1.53 1.54 1.55
0.06 -0.96 0.22 125.82 -282.21 229.69 0.14 -2.20 0.50 1.63 1.53 1.54 1.55
-0.05 -0.75 0.49 130.14 -272.29 152.29 -0.01 -1.69 1.24 1.65 1.52 1.54 1.53
0.24 -0.61 0.63 123.92 -230.40 91.72 0.59 -1.46 1.48 1.63 1.54 1.53 1.54
0.61 -0.65 0.65 132.77 -188.24 102.85 1.40 -1.49 1.50 1.65 1.54 1.54 1.55
0.83 -0.72 0.71 131.77 -170.47 155.60 1.77 -1.75 1.64 1.62 1.53 1.56 1.53
0.74 -0.82 0.64 114.87 -187.07 204.29 1.69 -1.87 1.47 1.62 1.54 1.54 1.55
0.32 -0.68 0.56 91.34 -192.04 220.54 0.88 -1.52 1.26 1.65 1.52 1.58 1.55
0.09 -0.74 0.48 75.69 -246.10 179.42 0.22 -1.70 1.11 1.65 1.52 1.57 1.54
0.24 -0.68 0.81 71.54 -240.17 124.29 0.55 -1.56 1.85 1.63 1.52 1.58 1.53
0.25 -0.63 0.88 61.68 -193.07 86.54 0.67 -1.44 2.08 1.64 1.54 1.60 1.54
0.50 -0.76 0.90 32.43 -151.38 99.09 1.14 -1.74 2.06 1.62 1.51 1.61 1.55
0.51 -0.85 0.94 -6.19 -124.26 128.21 1.09 -1.93 2.16 1.63 1.54 1.61 1.54
0.35 -0.80 0.89 -39.30 -105.55 151.29 0.79 -1.83 2.04 1.63 1.54 1.64 1.55
0.31 -0.53 0.88 -32.51 -86.96 131.48 0.63 -1.13 2.02 1.62 1.56 1.66 1.59
0.17 -0.56 0.87 -11.08 -69.97 95.10 0.27 -1.28 1.99 1.65 1.55 1.67 1.59
0.18 -0.58 0.98 -11.75 -38.40 69.61 0.41 -1.32 2.25 1.65 1.56 1.68 1.61
0.21 -0.72 1.08 -37.98 -5.84 50.97 0.62 -1.65 2.48 1.65 1.58 1.71 1.63
0.35 -0.74 1.16 -88.57 11.52 37.12 0.80 -1.70 2.67 1.66 1.59 1.74 1.63
0.37 -0.77 1.08 -145.68 38.45 29.81 0.90 -1.72 2.44 1.66 1.63 1.74 1.67
0.34 -0.75 1.02 -203.81 71.70 28.71 0.78 -1.72 2.34 1.65 1.66 1.77 1.67
0.45 -0.44 1.12 -203.20 92.89 8.95 1.04 -1.01 2.57 1.69 1.69 1.80 1.69
0.27 -0.54 0.83 -195.31 93.50 -19.49 0.57 -1.18 1.88 1.68 1.73 1.80 1.74
0.33 -0.57 0.91 -201.76 112.98 -35.71 0.75 -1.30 2.09 1.68 1.76 1.82 1.74
0.33 -0.61 0.78 -231.77 134.16 -37.28 0.83 -1.26 1.72 1.71 1.77 1.82 1.78
0.43 -0.47 0.58 -235.59 168.23 -47.61 0.98 -1.07 1.32 1.74 1.78 1.87 1.80
0.52 -0.36 0.64 -286.72 213.08 -30.74 1.16 -0.78 1.52 1.74 1.83 1.90 1.85
0.58 -0.23 0.52 -286.72 270.45 -20.64 1.45 -0.43 1.19 1.77 1.87 1.94 1.88
0.51 -0.02 0.42 -286.72 286.68 -9.02 1.16 -0.04 0.96 1.78 1.93 1.95 1.94
0.73 0.17 0.27 -286.72 286.68 -19.36 1.61 0.33 0.62 1.79 1.97 1.99 1.94
0.52 0.28 0.16 -286.72 286.68 -23.06 1.19 0.65 0.36 1.80 1.99 2.01 1.95
0.85 0.44 0.25 -256.14 286.68 13.95 2.03 1.03 0.68 1.78 2.03 2.02 1.99
0.94 0.46 0.15 -149.94 208.80 18.71 2.15 1.05 0.34 1.82 2.01 2.06 2.00
0.88 0.30 0.24 -126.55 193.76 9.98 2.03 0.69 0.56 1.82 2.05 2.07 2.03
0.88 0.25 0.23 -113.74 184.56 -3.11 2.11 0.53 0.49 1.83 2.07 2.10 2.05
0.82 0.27 0.34 -101.32 196.24 -3.74 1.88 0.62 0.77 1.85 2.06 2.17 2.02
0.74 0.21 0.28 -68.88 210.04 -9.75 1.77 0.44 0.63 1.84 2.10 2.17 2.07
0.79 0.14 0.19 -45.34 222.01 -9.71 1.81 0.32 0.43 1.85 2.10 2.18 2.07
0.79 0.05 0.19 -37.62 236.85 -5.48 1.82 0.13 0.43 1.83 2.16 2.17 2.06
0.94 0.09 -0.11 -40.08 237.72 -6.87 2.26 0.31 -0.30 1.84 2.17 2.20 2.06
1.32 0.22 -0.34 -30.98 207.78 -2.11 3.02 0.49 -0.77 1.87 2.15 2.23 2.08
1.33 0.24 -0.30 -2.15 149.77 -1.35 2.94 0.55 -0.72 1.85 2.17 2.25 2.12
0.92 0.18 -0.19 7.87 100.25 -16.62 2.10 0.42 -0.43 1.86 2.19 2.25 2.09
0.87 0.27 -0.03 8.97 109.37 -24.59 2.00 0.62 -0.08 1.88 2.20 2.22 2.09
0.88 0.15 0.02 24.20 110.50 -18.10 1.94 0.31 -0.00 1.89 2.17 2.25 2.11
0.86 -0.06 0.01 30.71 117.29 -3.06 1.97 -0.14 0.03 1.89 2.21 2.20 2.10
1.00 0.05 -0.09 27.25 120.91 12.13 2.34 0.10 -0.11 1.87 2.21 2.24 2.10
1.02 0.12 -0.14 47.92 114.75 24.66 2.33 0.28 -0.32 1.88 2.21 2.26 2.13
1.09 0.19 -0.24 78.86 95.18 24.85 2.51 0.44 -0.54 1.92 2.22 2.24 2.12
1.07 0.12 -0.27 116.97 51.55 19.58 2.45 0.21 -0.65 1.91 2.18 2.27 2.12
0.86 -0.01 -0.23 121.69 7.98 15.33 1.97 -0.02 -0.53 1.92 2.22 2.25 2.13
0.77 -0.01 -0.18 96.07 -3.15 16.98 1.78 -0.01 -0.41 1.95 2.19 2.22 2.12
0.88 0.07 -0.24 76.79 10.30 18.59 2.02 0.15 -0.55 1.97 2.17 2.22 2.12
1.11 0.10 -0.40 67.61 12.32 17.59 2.55 0.19 -0.99 2.00 2.19 2.20 2.09
1.11 0.06 -0.48 56.94 -0.24 20.87 2.55 0.18 -1.12 1.99 2.21 2.19 2.13
1.00 0.09 -0.30 45.91 -9.72 26.73 2.29 0.22 -0.69 2.00 2.18 2.24 2.09
0.75 0.15 -0.13 33.88 -4.48 19.39 1.75 0.42 -0.28 2.04 2.21 2.20 2.08
0.89 0.30 -0.22 25.11 18.85 3.92 2.03 0.70 -0.50 2.06 2.17 2.22 2.09
1.00 0.12 -0.25 23.21 27.04 -2.35 2.29 0.27 -0.57 2.06 2.17 2.21 2.11
1.04 0.02 -0.22 9.02 19.84 0.72 2.38 0.07 -0.49 2.03 2.17 2.23 2.11
1.13 0.19 -0.29 -2.24 11.77 6.96 2.59 0.43 -0.67 2.07 2.16 2.25 2.07
1.10 0.27 -0.27 0.25 -1.04 5.67 2.51 0.63 -0.60 2.04 2.18 2.20 2.10
0.95 0.23 -0.14 8.58 -12.01 -3.37 2.13 0.50 -0.29 2.06 2.16 2.25 2.06
0.87 0.14 -0.05 7.26 -6.23 -9.41 2.00 0.33 -0.12 2.04 2.15 2.20 2.09
0.85 0.07 -0.03 0.55 3.09 -8.51 1.96 0.14 -0.08 2.06 2.14 2.24 2.06
0.99 0.10 -0.12 -10.54 13.83 -2.21 2.28 0.22 -0.28 2.04 2.15 2.24 2.07
1.01 0.12 -0.16 -15.46 11.29 1.39 2.32 0.28 -0.37 2.03 2.17 2.21 2.07
1.04 0.23 -0.21 -9.84 5.01 3.94 2.41 0.54 -0.47 2.03 2.19 2.18 2.06
1.02 0.28 -0.21 -0.96 -2.43 -2.00 2.33 0.65 -0.48 2.03 2.15 2.22 2.06
0.97 0.18 -0.17 8.93 -7.34 -8.16 2.22 0.40 -0.37 2.02 2.14 2.20 2.08
0.87 0.07 -0.08 9.77 -7.60 -8.99 1.99 0.16 -0.18 2.05 2.17 2.19 2.07
0.93 0.08 -0.11 3.02 -0.04 -4.72 2.13 0.18 -0.25 2.01 2.18 2.18 2.11
0.96 0.12 -0.14 -1.01 1.50 -1.71 2.19 0.28 -0.32 2.05 2.13 2.21 2.07
0.98 0.14 -0.15 -3.20 1.45 -0.74 2.25 0.33 -0.34 2.01 2.14 2.17 2.06
1.02 0.18 -0.19 -1.12 -1.25 -1.52 2.35 0.41 -0.43 2.03 2.16 2.19 2.07
0.99 0.18 -0.16 2.90 -8.42 -4.07 2.27 0.41 -0.34 2.03 2.17 2.18 2.07
0.96 0.13 -0.11 7.98 -10.27 -4.43 2.20 0.30 -0.25 2.02 2.14 2.21 2.07
0.91 0.06 -0.05 7.13 -8.03 -1.03 2.09 0.13 -0.09 2.01 2.17 2.19 2.10
0.92 0.09 -0.05 -0.24 -0.82 2.03 2.11 0.23 -0.12 2.00 2.16 2.20 2.07
1.00 0.17 -0.12 -2.07 3.98 1.66 2.29 0.39 -0.28 2.02 2.17 2.21 2.10
1.03 0.18 -0.15 1.31 -0.38 -0.70 2.35 0.42 -0.33 2.03 2.16 2.20 2.06
0.97 0.16 -0.11 4.47 -5.12 -2.73 2.23 0.36 -0.26 2.03 2.16 2.19 2.06
0.94 0.16 -0.08 5.83 -4.89 -3.12 2.15 0.36 -0.18 1.99 2.15 2.18 2.06
0.97 0.11 -0.09 6.38 -0.97 -1.03 2.24 0.25 -0.21 2.02 2.13 2.21 2.06
0.99 0.13 -0.12 3.33 -0.63 0.13 2.27 0.31 -0.28 2.00 2.18 2.17 2.08
0.94 0.10 -0.09 0.58 -1.01 0.87 2.14 0.23 -0.20 2.01 2.12 2.19 2.09
0.96 0.15 -0.11 -6.71 1.69 0.76 2.22 0.35 -0.26 2.00 2.16 2.20 2.06
0.99 0.19 -0.15 -2.01 -0.31 -1.23 2.28 0.44 -0.34 2.01 2.13 2.20 2.06
0.98 0.16 -0.14 2.71 -4.09 -3.04 2.25 0.38 -0.32 2.00 2.15 2.18 2.08
0.97 0.13 -0.13 4.63 -5.89 -3.43 2.22 0.31 -0.29 1.99 2.16 2.22 2.08
0.96 0.11 -0.11 5.49 -6.62 -2.09 2.21 0.25 -0.26 2.01 2.17 2.20 2.06
0.93 0.11 -0.09 3.50 -4.88 -0.13 2.13 0.25 -0.19 2.00 2.17 2.16 2.10
0.95 0.13 -0.08 0.69 -0.05 0.79 2.18 0.29 -0.19 2.01 2.14 2.18 2.08
0.99 0.11 -0.10 -1.95 1.10 0.83 2.28 0.26 -0.23 2.02 2.13 2.21 2.05
1.02 0.15 -0.12 -2.66 -1.29 1.19 2.34 0.34 -0.28 2.01 2.14 2.17 2.09
0.98 0.18 -0.10 0.95 -3.61 -1.39 2.25 0.41 -0.22 1.99 2.15 2.18 2.05
0.98 0.17 -0.09 3.93 -2.44 -4.27 2.27 0.40 -0.22 2.01 2.16 2.20 2.09
0.98 0.18 -0.10 8.82 -1.22 -5.58 2.24 0.41 -0.23 2.01 2.13 2.19 2.05
0.94 0.09 -0.07 9.34 1.31 -4.87 2.15 0.22 -0.15 2.01 2.12 2.21 2.04
0.96 0.06 -0.08 3.42 4.41 -1.10 2.20 0.14 -0.19 2.01 2.12 2.19 2.06
0.98 0.13 -0.12 0.58 6.70 5.19 2.24 0.29 -0.28 2.00 2.14 2.18 2.07
1.04 0.17 -0.17 2.00 5.91 5.68 2.38 0.40 -0.39 2.02 2.15 2.16 2.04
1.00 0.18 -0.16 4.62 -0.82 0.86 2.29 0.41 -0.36 2.01 2.16 2.20 2.08
0.98 0.20 -0.15 6.96 -1.44 -1.64 2.24 0.46 -0.33 2.01 2.14 2.16 2.06
1.00 0.18 -0.17 13.73 -2.07 -2.52 2.29 0.42 -0.40 1.99 2.13 2.19 2.05
0.99 0.12 -0.17 13.59 -6.12 -2.03 2.28 0.27 -0.41 1.99 2.16 2.16 2.06
1.05 0.18 -0.27 9.09 -10.51 -1.18 2.42 0.41 -0.61 2.02 2.13 2.16 2.07
1.17 0.25 -0.40 12.46 -23.14 -0.37 2.68 0.58 -0.94 1.99 2.12 2.20 2.06
1.21 0.35 -0.51 20.15 -45.81 -5.37 2.76 0.79 -1.17 1.99 2.14 2.18 2.07
1.25 0.47 -0.62 38.67 -71.10 -10.94 2.87 1.09 -1.42 1.97 2.14 2.17 2.07
1.15 0.48 -0.61 67.72 -105.02 -18.23 2.58 1.10 -1.33 2.00 2.12 2.18 2.06
0.82 0.40 -0.37 82.70 -125.25 -40.58 1.89 0.93 -0.84 1.96 2.14 2.17 2.07
0.64 0.39 -0.20 84.47 -122.46 -62.79 1.42 0.89 -0.43 1.94 2.12 2.18 2.06
0.63 0.27 -0.07 93.97 -106.97 -85.74 1.45 0.61 -0.17 1.91 2.15 2.16 2.05
0.76 0.25 -0.10 100.35 -124.69 -106.33 1.75 0.57 -0.23 1.90 2.11 2.17 2.04
1.01 0.35 -0.32 95.06 -136.19 -124.56 2.39 0.86 -0.75 1.91 2.06 2.18 1.99
1.10 0.29 -0.48 105.26 -169.27 -132.82 2.52 0.67 -1.11 1.88 2.04 2.18 1.98
0.99 0.19 -0.56 96.18 -214.16 -133.70 2.34 0.43 -1.25 1.84 2.05 2.10 1.97
0.95 0.21 -0.23 108.73 -286.72 -155.60 2.17 0.49 -0.53 1.81 1.99 2.09 1.94
0.56 0.15 0.14 159.50 -286.72 -164.95 1.10 0.26 0.27 1.80 1.92 2.02 1.92
0.23 0.01 0.30 209.79 -286.72 -169.64 0.52 0.01 0.69 1.79 1.88 2.02 1.86
0.27 -0.06 0.30 229.17 -286.72 -166.03 0.63 -0.14 0.69 1.75 1.87 1.93 1.85
0.40 -0.17 0.35 236.78 -255.09 -159.04 0.95 -0.44 0.88 1.74 1.82 1.90 1.81
0.52 -0.29 0.42 245.73 -245.86 -153.84 1.20 -0.66 0.96 1.75 1.80 1.82 1.78
0.58 -0.37 0.48 254.45 -239.24 -142.07 1.37 -0.88 1.12 1.73 1.78 1.80 1.74
0.47 -0.43 0.49 245.88 -226.52 -132.90 1.07 -0.99 1.13 1.74 1.72 1.75 1.71
0.34 -0.46 0.62 235.87 -198.91 -129.26 0.80 -1.05 1.34 1.70 1.73 1.67 1.70
0.15 -0.56 0.75 226.54 -161.93 -140.19 0.34 -1.28 1.73 1.69 1.71 1.64 1.69
0.06 -0.71 0.73 199.35 -135.63 -157.94 0.15 -1.63 1.68 1.71 1.68 1.62 1.67
0.15 -0.76 0.70 156.94 -104.59 -151.74 0.32 -1.83 1.68 1.67 1.66 1.63 1.67
0.37 -0.89 0.91 127.91 -69.06 -150.93 0.84 -2.03 2.08 1.70 1.60 1.62 1.63
0.22 -0.84 1.08 110.44 -36.46 -152.88 0.54 -1.91 2.47 1.66 1.62 1.58 1.65
0.28 -1.00 0.99 82.85 -4.19 -149.24 0.64 -2.30 2.26 1.68 1.59 1.58 1.62
0.34 -1.02 0.85 46.73 17.82 -153.34 1.01 -2.47 1.88 1.65 1.59 1.55 1.62
0.27 -1.01 0.76 11.10 44.80 -153.00 0.62 -2.30 1.75 1.64 1.55 1.58 1.62
0.25 -0.97 0.84 -11.08 78.82 -158.19 0.57 -2.24 1.93 1.64 1.53 1.56 1.59
0.10 -0.93 0.76 -26.08 109.01 -169.87 0.18 -2.11 1.76 1.64 1.54 1.55 1.58
0.09 -1.03 0.83 -30.10 140.70 -181.26 0.20 -2.37 1.90 1.65 1.54 1.54 1.56
0.30 -1.03 0.59 -50.30 166.15 -183.34 0.57 -2.41 1.45 1.66 1.52 1.54 1.56
0.44 -1.13 0.59 -71.14 165.08 -167.76 1.02 -2.59 1.36 1.65 1.52 1.55 1.55
0.33 -1.04 0.67 -73.42 176.07 -149.51 0.77 -2.39 1.49 1.66 1.49 1.54 1.53
0.25 -0.96 0.66 -67.03 191.84 -145.90 0.50 -2.20 1.50 1.62 1.52 1.55 1.52
0.13 -0.94 0.65 -86.90 228.82 -142.64 0.29 -2.17 1.49 1.63 1.50 1.53 1.53
0.14 -1.02 0.69 -127.17 246.09 -140.02 0.28 -2.36 1.61 1.61 1.53 1.51 1.53
0.33 -1.08 0.46 -144.58 238.46 -143.77 0.76 -2.48 1.06 1.65 1.50 1.55 1.50
0.56 -0.87 0.51 -144.55 221.59 -128.08 1.32 -1.81 1.23 1.64 1.53 1.52 1.50
0.37 -1.05 0.55 -140.46 246.36 -107.75 0.84 -2.40 1.26 1.64 1.52 1.52 1.51
0.04 -0.83 0.37 -171.62 266.95 -64.77 0.09 -1.90 0.78 1.62 1.51 1.53 1.52
0.19 -0.95 0.76 -202.07 286.68 -81.94 0.60 -2.42 1.96 1.63 1.51 1.51 1.53
0.20 -0.78 0.46 -214.05 277.89 -107.13 0.47 -1.79 1.05 1.61 1.50 1.54 1.53
0.32 -0.81 0.48 -199.39 286.68 -74.39 0.55 -1.74 0.91 1.61 1.51 1.54 1.53
0.43 -0.64 0.56 -226.10 286.68 -33.48 0.99 -1.48 1.29 1.60 1.52 1.52 1.50
0.35 -0.90 0.30 -222.04 286.68 -60.96 0.76 -2.12 0.63 1.62 1.52 1.54 1.51
0.41 -0.90 0.14 -200.59 286.68 -67.40 0.90 -2.06 0.32 1.61 1.52 1.53 1.53
0.36 -0.89 0.05 -165.33 282.20 -44.46 0.83 -2.05 0.10 1.63 1.51 1.55 1.52
0.50 -0.96 0.01 -109.61 276.19 -11.80 1.37 -2.00 0.15 1.62 1.50 1.53 1.53
0.60 -0.86 0.01 -78.71 182.33 -23.18 1.38 -1.96 0.02 1.64 1.50 1.56 1.51
0.71 -0.87 0.02 -31.79 136.83 -18.26 1.60 -2.02 0.03 1.63 1.51 1.55 1.52
0.72 -0.80 0.09 -10.16 87.05 -15.59 1.65 -1.83 0.21 1.62 1.51 1.55 1.53
0.67 -0.76 0.08 12.13 58.60 -9.66 1.55 -1.75 0.18 1.63 1.53 1.54 1.52
0.66 -0.78 0.16 26.47 45.83 -5.45 1.45 -1.78 0.36 1.60 1.53 1.55 1.52
0.61 -0.81 0.24 22.09 23.66 2.07 1.40 -1.86 0.55 1.63 1.50 1.54 1.53
0.59 -0.71 0.30 12.19 25.54 -4.54 1.31 -1.67 0.66 1.62 1.53 1.54 1.53
0.68 -0.74 0.27 9.56 33.84 -1.52 1.57 -1.71 0.61 1.61 1.53 1.53 1.54
0.74 -0.76 0.29 7.39 27.81 7.63 1.71 -1.75 0.67 1.63 1.52 1.53 1.53
0.69 -0.80 0.30 3.71 15.16 9.45 1.60 -1.78 0.69 1.61 1.51 1.54 1.53
0.68 -0.74 0.29 2.50 -1.38 4.43 1.57 -1.71 0.67 1.62 1.52 1.55 1.52
0.69 -0.75 0.31 7.06 -14.98 3.01 1.59 -1.70 0.69 1.62 1.51 1.56 1.53
0.71 -0.77 0.31 11.80 -21.48 2.20 1.64 -1.78 0.73 1.64 1.52 1.54 1.51
0.66 -0.77 0.37 8.77 -27.27 5.90 1.50 -1.76 0.85 1.61 1.52 1.53 1.53
0.61 -0.77 0.40 7.32 -19.94 4.20 1.39 -1.74 0.93 1.62 1.53 1.56 1.54
0.65 -0.78 0.39 2.89 -7.14 8.54 1.48 -1.78 0.88 1.63 1.53 1.55 1.53
0.68 -0.77 0.33 3.43 -0.64 16.27 1.57 -1.77 0.75 1.61 1.52 1.55 1.53
0.66 -0.80 0.32 4.45 -3.66 23.39 1.50 -1.83 0.75 1.63 1.53 1.55 1.53
0.66 -0.77 0.32 8.72 -8.84 24.67 1.53 -1.76 0.72 1.61 1.52 1.56 1.53
0.68 -0.74 0.32 11.89 -17.01 25.86 1.55 -1.65 0.73 1.62 1.53 1.53 1.52
0.70 -0.74 0.36 14.57 -21.68 27.34 1.59 -1.69 0.83 1.62 1.51 1.55 1.54
0.72 -0.68 0.31 8.61 -25.01 26.06 1.66 -1.55 0.71 1.61 1.52 1.56 1.52
0.64 -0.70 0.32 7.63 -28.63 24.61 1.47 -1.57 0.76 1.62 1.50 1.52 1.51
0.65 -0.67 0.34 10.81 -25.09 16.11 1.49 -1.54 0.79 1.62 1.52 1.55 1.53
0.72 -0.68 0.24 19.01 -27.68 15.46 1.67 -1.56 0.56 1.63 1.53 1.56 1.54
0.79 -0.73 0.29 33.88 -35.78 24.13 1.83 -1.68 0.66 1.62 1.52 1.56 1.53
0.77 -0.80 0.26 30.13 -52.29 32.99 1.77 -1.83 0.61 1.61 1.52 1.55 1.52
0.74 -0.72 0.22 26.01 -69.89 44.44 1.71 -1.59 0.50 1.63 1.53 1.56 1.54
0.72 -0.70 0.22 38.05 -84.74 52.83 1.65 -1.60 0.51 1.61 1.52 1.55 1.53
0.74 -0.74 0.13 48.76 -93.76 62.67 1.50 -2.23 0.39 1.61 1.52 1.55 1.53
0.69 -0.73 0.18 66.72 -124.33 75.58 1.58 -1.68 0.41 1.62 1.53 1.55 1.54
0.68 -0.81 0.19 72.32 -156.27 77.35 1.57 -1.86 0.45 1.60 1.53 1.55 1.54
0.71 -0.73 0.26 73.12 -174.76 80.80 1.49 -1.77 0.62 1.63 1.53 1.54 1.52
0.56 -0.77 0.39 72.23 -180.77 78.43 1.28 -1.78 0.90 1.61 1.53 1.55 1.54
0.65 -0.73 0.43 70.83 -158.87 77.95 1.55 -1.67 0.95 1.61 1.54 1.53 1.54
0.89 -0.73 0.38 74.08 -151.11 104.43 2.03 -1.67 0.87 1.64 1.51 1.56 1.52
0.88 -0.70 0.30 87.91 -154.87 144.46 1.98 -1.70 0.66 1.62 1.52 1.54 1.53
0.95 -0.73 0.31 103.52 -171.88 189.97 1.99 -1.78 0.78 1.62 1.52 1.58 1.52
0.40 -0.95 0.26 70.69 -229.45 200.43 0.91 -2.18 0.60 1.61 1.54 1.54 1.55
0.28 -0.72 0.41 51.97 -250.85 156.34 0.62 -1.61 0.98 1.61 1.54 1.55 1.54
0.24 -0.50 0.46 60.00 -229.07 122.47 0.54 -1.14 1.05 1.62 1.52 1.58 1.54
0.47 -0.48 0.58 93.13 -199.32 99.17 1.11 -1.05 1.37 1.63 1.53 1.55 1.54
0.67 -0.58 0.61 123.25 -182.65 115.19 1.53 -1.33 1.39 1.64 1.52 1.56 1.53
0.79 -0.63 0.54 128.29 -157.88 158.59 1.81 -1.44 1.28 1.62 1.53 1.57 1.54
0.72 -0.70 0.52 127.47 -166.77 204.27 1.62 -1.61 1.28 1.61 1.54 1.57 1.54
0.54 -0.80 0.58 126.83 -193.85 210.00 1.24 -1.83 1.33 1.62 1.53 1.59 1.53
0.28 -0.71 0.60 107.82 -219.57 179.07 0.60 -1.54 1.41 1.62 1.54 1.61 1.54
0.09 -0.72 0.62 107.42 -216.24 144.32 0.20 -1.66 1.42 1.63 1.53 1.60 1.55
0.25 -0.63 0.84 105.55 -162.71 130.84 0.55 -1.48 1.99 1.64 1.53 1.61 1.56
0.29 -0.71 1.05 91.94 -94.00 131.79 0.66 -1.63 2.41 1.63 1.54 1.65 1.53
0.29 -0.77 1.04 72.18 -48.45 145.34 0.66 -1.76 2.39 1.63 1.57 1.64 1.56
0.34 -0.79 1.05 40.26 -1.14 165.08 0.82 -1.85 2.37 1.62 1.60 1.66 1.57
0.47 -0.78 0.99 -2.77 15.51 180.66 1.07 -1.78 2.28 1.62 1.60 1.67 1.62
0.57 -0.64 0.92 -18.28 6.09 180.44 1.29 -1.44 2.09 1.64 1.60 1.71 1.62
0.50 -0.54 0.79 -11.97 -7.93 165.49 1.15 -1.23 1.82 1.66 1.63 1.72 1.66
0.49 -0.42 0.83 2.13 -18.00 143.96 1.12 -0.97 1.89 1.65 1.67 1.75 1.66
0.33 -0.28 0.88 -10.05 1.46 128.01 0.78 -0.70 2.03 1.63 1.68 1.75 1.67
0.28 -0.29 0.81 -12.97 35.24 91.25 0.64 -0.67 1.87 1.66 1.72 1.76 1.71
0.42 -0.36 0.89 -40.34 76.25 81.25 1.06 -0.83 1.98 1.66 1.74 1.79 1.70
0.57 -0.43 0.96 -70.29 96.99 57.61 1.30 -0.98 2.19 1.65 1.75 1.83 1.75
0.64 -0.34 0.88 -107.26 116.79 48.35 1.46 -0.78 2.03 1.66 1.82 1.84 1.78
0.63 -0.39 0.79 -134.95 136.99 39.62 1.51 -0.87 1.82 1.68 1.81 1.91 1.80
0.68 -0.36 0.78 -173.14 154.99 48.51 1.57 -0.82 1.79 1.65 1.88 1.92 1.85
0.71 -0.42 0.73 -199.71 152.55 47.11 1.56 -0.74 1.59 1.69 1.91 1.96 1.87
0.65 -0.36 0.73 -222.22 185.98 48.55 1.49 -0.82 1.68 1.67 1.95 1.96 1.89
0.63 -0.27 0.52 -241.82 190.63 34.81 1.42 -0.65 1.24 1.69 1.94 2.02 1.92
0.70 -0.21 0.48 -264.21 206.05 43.45 1.53 -0.56 0.93 1.68 1.99 2.02 1.94
0.76 -0.01 0.39 -266.84 222.88 48.60 1.75 -0.03 0.90 1.71 1.98 2.07 1.94
0.89 0.14 0.19 -260.87 218.42 46.85 1.97 0.32 0.45 1.72 2.01 2.12 1.97
1.01 0.22 0.24 -218.85 207.43 64.39 2.32 0.51 0.56 1.70 2.04 2.09 2.01
0.91 0.21 0.16 -181.86 177.13 65.64 2.14 0.48 0.39 1.74 2.05 2.15 2.00
0.94 0.09 0.14 -145.34 134.63 59.23 2.12 0.23 0.32 1.75 2.06 2.15 2.01
0.78 0.13 0.21 -137.23 124.85 43.78 1.80 0.30 0.48 1.75 2.11 2.12 2.06
0.82 0.23 0.09 -135.13 139.88 31.56 1.96 0.52 0.23 1.77 2.08 2.17 2.05
0.99 0.30 0.08 -110.78 149.98 33.49 2.28 0.70 0.19 1.77 2.12 2.16 2.07
0.94 0.27 0.10 -75.71 149.19 40.27 2.14 0.62 0.22 1.77 2.16 2.16 2.07
0.98 0.19 0.02 -50.41 139.76 42.28 2.25 0.43 0.05 1.78 2.17 2.21 2.09
0.95 0.17 0.00 -45.37 124.50 44.99 2.18 0.38 0.00 1.80 2.13 2.23 2.06
0.90 0.22 -0.01 -39.19 111.03 31.33 2.04 0.51 0.00 1.78 2.16 2.21 2.08
0.87 0.26 0.08 -29.57 109.13 16.18 1.99 0.59 0.19 1.82 2.15 2.21 2.10
0.87 0.30 -0.01 -15.28 108.75 11.72 2.05 0.78 -0.01 1.82 2.16 2.23 2.08
0.97 0.30 -0.03 9.85 112.95 13.55 2.21 0.63 -0.06 1.85 2.15 2.23 2.10
1.03 0.09 -0.10 16.06 104.68 23.00 2.37 0.22 -0.23 1.85 2.21 2.21 2.08
1.06 0.14 -0.12 14.52 81.20 30.36 2.43 0.36 -0.33 1.85 2.20 2.24 2.12
0.99 0.20 -0.08 21.03 67.79 33.01 2.28 0.46 -0.19 1.84 2.19 2.23 2.12
0.91 0.22 -0.11 23.41 62.10 33.87 2.12 0.49 -0.21 1.89 2.16 2.24 2.09
0.89 0.24 0.02 31.42 65.80 26.42 2.04 0.58 0.04 1.88 2.17 2.21 2.11
0.86 0.26 -0.04 42.24 61.25 13.44 1.97 0.60 -0.08 1.92 2.17 2.24 2.08
0.91 0.29 -0.13 53.52 58.09 6.45 2.13 0.60 -0.35 1.94 2.16 2.25 2.10
1.00 0.19 -0.24 66.91 48.12 11.36 2.30 0.43 -0.55 1.95 2.20 2.21 2.11
1.00 0.14 -0.26 59.12 40.79 19.40 2.33 0.33 -0.61 1.99 2.16 2.24 2.08
0.96 0.13 -0.19 40.51 29.49 29.23 2.17 0.29 -0.46 1.98 2.19 2.20 2.10
0.81 0.16 -0.14 26.84 34.73 27.34 1.85 0.36 -0.32 2.02 2.18 2.21 2.08
0.86 0.23 -0.11 13.43 52.12 19.50 2.01 0.56 -0.29 2.05 2.19 2.20 2.08
0.97 0.36 -0.26 11.34 52.96 6.12 2.23 0.82 -0.60 2.00 2.20 2.19 2.13
1.05 0.30 -0.33 13.63 41.62 -5.49 2.42 0.66 -0.73 2.05 2.16 2.21 2.12
0.99 0.18 -0.24 16.58 27.70 -2.38 2.26 0.42 -0.54 2.01 2.19 2.20 2.08
0.89 0.18 -0.18 16.64 26.93 7.79 2.05 0.41 -0.41 2.02 2.18 2.20 2.10
0.85 0.13 -0.20 12.16 36.79 24.16 1.97 0.31 -0.43 2.02 2.18 2.21 2.07
0.99 0.25 -0.25 0.90 44.22 26.50 2.26 0.56 -0.57 2.03 2.18 2.22 2.08
0.94 0.29 -0.27 -4.46 35.71 19.27 2.14 0.65 -0.62 2.06 2.15 2.23 2.07
0.98 0.35 -0.31 -5.41 30.15 9.69 2.25 0.81 -0.70 2.03 2.19 2.18 2.11
0.99 0.38 -0.33 1.80 19.92 1.79 2.27 0.87 -0.75 2.06 2.17 2.22 2.09
0.93 0.29 -0.29 7.23 7.74 -4.07 2.14 0.64 -0.65 2.02 2.18 2.19 2.10
0.90 0.27 -0.26 1.59 3.65 -4.74 2.06 0.61 -0.59 2.06 2.14 2.23 2.06
0.93 0.25 -0.27 -0.93 2.94 0.27 2.14 0.57 -0.64 2.03 2.19 2.18 2.10
0.92 0.27 -0.27 -3.95 -1.01 3.99 2.10 0.64 -0.62 2.03 2.16 2.21 2.06
0.88 0.29 -0.24 -3.01 -4.89 2.57 2.01 0.67 -0.54 2.03 2.18 2.21 2.07
0.86 0.28 -0.19 -4.07 -4.28 -2.66 1.97 0.64 -0.45 2.06 2.14 2.22 2.06
0.89 0.29 -0.21 -5.59 -1.81 -8.49 2.07 0.69 -0.50 2.02 2.17 2.20 2.07
0.92 0.27 -0.21 -1.86 -4.25 -11.57 2.11 0.63 -0.49 2.01 2.15 2.21 2.06
0.89 0.24 -0.17 0.42 -2.85 -10.44 2.04 0.54 -0.39 2.02 2.14 2.22 2.06
0.96 0.19 -0.19 1.72 -0.81 -5.75 2.21 0.44 -0.44 2.00 2.13 2.18 2.07
0.99 0.19 -0.22 -0.04 -5.72 -1.13 2.27 0.44 -0.49 2.01 2.17 2.17 2.10
0.93 0.20 -0.16 -2.02 -9.67 2.27 2.14 0.48 -0.35 2.01 2.12 2.19 2.09
0.88 0.24 -0.10 -4.76 -5.35 1.64 2.01 0.55 -0.22 2.00 2.16 2.20 2.06
0.92 0.24 -0.13 -6.68 2.85 -2.18 2.13 0.56 -0.30 2.04 2.13 2.16 2.06
1.00 0.26 -0.18 -6.89 5.78 -6.38 2.30 0.61 -0.43 2.03 2.15 2.20 2.07
1.00 0.24 -0.20 -3.26 1.50 -8.44 2.29 0.56 -0.47 1.99 2.14 2.19 2.08
0.98 0.21 -0.20 1.21 -2.21 -7.34 2.24 0.49 -0.45 2.03 2.13 2.16 2.05
0.93 0.21 -0.17 3.00 -3.38 -4.17 2.13 0.48 -0.38 2.01 2.16 2.17 2.08
0.93 0.20 -0.17 3.19 -1.05 -3.16 2.14 0.47 -0.39 2.04 2.12 2.21 2.04
0.94 0.22 -0.17 2.44 -1.24 -5.36 2.16 0.50 -0.40 2.00 2.12 2.18 2.09
0.93 0.17 -0.16 0.81 -0.67 -4.90 2.15 0.40 -0.36 2.01 2.13 2.21 2.07
0.93 0.22 -0.17 -1.51 0.84 -3.73 2.14 0.52 -0.38 2.02 2.16 2.18 2.05
0.96 0.23 -0.18 0.90 2.07 -2.12 2.20 0.51 -0.40 2.00 2.16 2.19 2.06
0.93 0.19 -0.15 0.04 0.86 -1.67 2.13 0.44 -0.34 2.03 2.17 2.20 2.07
0.95 0.23 -0.17 -1.29 3.15 -0.72 2.20 0.53 -0.40 2.00 2.14 2.19 2.08
0.96 0.21 -0.18 0.43 2.30 0.98 2.20 0.49 -0.42 1.99 2.14 2.21 2.05
0.93 0.22 -0.18 -0.93 2.63 1.17 2.14 0.50 -0.41 2.01 2.15 2.17 2.06
0.95 0.24 -0.19 -1.47 3.76 0.04 2.18 0.56 -0.45 2.03 2.16 2.21 2.08
0.96 0.24 -0.20 1.78 2.48 -0.33 2.21 0.55 -0.47 2.03 2.14 2.17 2.06
0.93 0.22 -0.20 4.07 -1.07 -1.27 2.14 0.51 -0.46 2.00 2.14 2.18 2.07
0.93 0.24 -0.20 5.07 -1.50 -0.99 2.13 0.55 -0.44 2.03 2.13 2.17 2.09
0.92 0.22 -0.18 6.36 -1.37 -0.82 2.12 0.52 -0.40 2.02 2.12 2.17 2.05
0.95 0.24 -0.21 6.76 -2.49 -1.71 2.19 0.55 -0.49 1.99 2.12 2.18 2.08
0.97 0.26 -0.21 8.04 -4.27 -1.27 2.22 0.58 -0.47 2.00 2.15 2.17 2.07
0.93 0.19 -0.16 7.17 -7.83 0.26 2.14 0.44 -0.36 2.01 2.12 2.15 2.08
0.96 0.26 -0.19 3.04 -7.42 2.26 2.20 0.61 -0.45 1.99 2.17 2.15 2.08
0.98 0.31 -0.23 5.82 -9.56 0.78 2.24 0.71 -0.53 1.99 2.14 2.18 2.05
0.94 0.23 -0.22 7.82 -13.40 -0.27 2.16 0.53 -0.51 1.99 2.17 2.16 2.06
0.96 0.27 -0.27 4.26 -15.05 -0.94 2.21 0.64 -0.64 2.01 2.16 2.16 2.08
0.88 0.28 -0.27 7.91 -22.78 -1.44 2.02 0.64 -0.63 1.99 2.13 2.19 2.04
0.85 0.23 -0.21 10.23 -24.95 0.01 1.96 0.53 -0.49 1.97 2.13 2.21 2.04
0.93 0.28 -0.26 8.51 -24.21 1.60 2.16 0.66 -0.61 2.00 2.13 2.17 2.08
0.96 0.28 -0.25 12.36 -30.90 -0.48 2.21 0.65 -0.57 2.01 2.11 2.21 2.04
0.91 0.23 -0.19 12.14 -36.12 -2.54 2.14 0.57 -0.43 1.99 2.14 2.19 2.04
1.01 0.36 -0.26 10.96 -39.92 -6.15 2.32 0.84 -0.61 1.96 2.17 2.17 2.07
1.11 0.43 -0.35 24.61 -51.42 -10.94 2.58 0.99 -0.81 1.99 2.11 2.21 2.03
1.11 0.44 -0.41 37.46 -72.58 -17.79 2.53 1.02 -0.96 1.97 2.15 2.20 2.07
1.13 0.51 -0.41 50.93 -95.17 -31.58 2.59 1.18 -0.93 1.95 2.11 2.17 2.06
1.00 0.46 -0.33 62.93 -117.86 -47.80 2.28 1.06 -0.73 1.91 2.11 2.19 2.06
0.90 0.48 -0.26 66.71 -129.00 -64.84 2.07 1.10 -0.60 1.89 2.15 2.15 2.07
0.88 0.52 -0.25 72.14 -130.40 -79.26 2.04 1.19 -0.55 1.88 2.11 2.18 2.03
1.00 0.50 -0.25 89.47 -145.67 -96.91 2.27 1.15 -0.57 1.85 2.11 2.19 2.03
0.99 0.46 -0.28 104.30 -174.00 -111.95 2.26 1.05 -0.65 1.81 2.12 2.13 2.05
0.98 0.42 -0.32 121.85 -211.51 -117.15 2.22 0.86 -0.76 1.79 2.06 2.17 2.04
0.80 0.32 -0.19 137.91 -229.66 -118.75 1.83 0.75 -0.43 1.78 2.07 2.10 2.02
0.66 0.22 0.03 153.97 -266.77 -131.27 1.40 0.43 0.01 1.77 2.03 2.11 1.99
0.43 0.13 0.18 161.38 -278.87 -146.44 0.98 0.29 0.40 1.77 1.96 2.05 1.93
0.53 0.14 0.17 161.77 -249.93 -154.98 1.29 0.25 0.46 1.76 1.92 2.05 1.93
0.63 0.06 0.16 163.79 -224.72 -156.97 1.47 0.14 0.36 1.75 1.91 1.97 1.88
0.71 -0.04 0.17 175.58 -231.74 -146.09 1.63 -0.09 0.40 1.73 1.89 1.98 1.84
0.75 -0.14 0.22 187.13 -251.82 -134.25 1.80 -0.27 0.52 1.71 1.87 1.91 1.83
0.64 -0.24 0.28 201.21 -270.71 -117.03 1.47 -0.56 0.64 1.71 1.81 1.91 1.76
0.54 -0.34 0.38 211.90 -283.88 -97.87 1.18 -0.79 0.93 1.71 1.79 1.83 1.73
0.38 -0.40 0.54 215.97 -267.14 -87.20 0.87 -0.91 1.24 1.70 1.75 1.81 1.73
0.31 -0.30 0.66 219.54 -235.61 -90.14 0.67 -0.69 1.54 1.71 1.70 1.75 1.71
0.28 -0.41 0.74 228.23 -194.95 -103.08 0.64 -0.95 1.71 1.71 1.68 1.74 1.66
0.32 -0.52 0.76 222.57 -158.14 -99.08 0.74 -1.20 1.74 1.69 1.68 1.71 1.66
0.30 -0.65 0.82 210.64 -125.07 -101.92 0.61 -1.52 1.98 1.71 1.64 1.69 1.62
0.28 -0.77 0.90 192.25 -106.27 -109.78 0.65 -1.78 2.07 1.68 1.66 1.65 1.63
0.28 -0.79 0.87 169.68 -95.73 -116.06 0.70 -1.81 1.99 1.69 1.65 1.64 1.63
0.19 -0.79 0.87 156.98 -82.77 -131.53 0.45 -1.81 2.00 1.68 1.63 1.63 1.61
0.11 -0.82 0.87 155.05 -51.86 -144.24 0.23 -1.88 2.00 1.67 1.61 1.63 1.60
0.17 -0.95 0.81 133.44 -24.10 -141.89 0.39 -2.19 1.86 1.66 1.62 1.62 1.61
0.18 -0.77 0.86 123.19 13.97 -130.59 0.42 -1.77 1.98 1.65 1.63 1.58 1.60
0.18 -0.91 0.79 118.76 42.14 -117.06 0.47 -2.13 1.83 1.66 1.62 1.61 1.60
0.24 -1.02 0.74 95.10 53.51 -94.09 0.55 -2.34 1.69 1.64 1.61 1.58 1.61
0.20 -0.95 0.70 75.39 76.33 -94.47 0.41 -2.19 1.59 1.67 1.59 1.60 1.59
0.09 -1.03 0.63 49.74 93.26 -111.00 0.20 -2.37 1.44 1.64 1.58 1.58 1.58
0.04 -1.06 0.66 19.75 87.85 -127.03 0.09 -2.43 1.47 1.64 1.55 1.57 1.57
0.15 -1.09 0.63 -8.14 104.88 -154.62 0.40 -2.51 1.46 1.66 1.57 1.58 1.57
0.20 -1.07 0.68 -30.72 148.43 -166.93 0.45 -2.46 1.56 1.63 1.56 1.56 1.56
0.16 -0.92 0.59 -59.04 178.80 -168.40 0.35 -2.20 1.34 1.66 1.53 1.54 1.55
0.04 -1.03 0.57 -65.85 201.45 -166.73 0.10 -2.37 1.31 1.66 1.52 1.57 1.53
-0.15 -0.97 0.59 -72.64 234.98 -176.49 -0.45 -2.28 1.37 1.65 1.52 1.54 1.53
-0.19 -1.14 0.68 -96.61 286.64 -212.19 -0.45 -2.61 1.55 1.65 1.52 1.55 1.53
-0.12 -1.27 0.77 -158.45 286.68 -237.27 -0.28 -2.91 1.78 1.64 1.50 1.55 1.52
-0.01 -1.41 0.86 -223.20 286.68 -245.76 -0.17 -3.33 1.94 1.65 1.52 1.54 1.52
-0.06 -1.23 0.60 -275.48 286.68 -239.08 -0.15 -2.83 1.38 1.63 1.53 1.52 1.54
-0.01 -1.08 0.42 -286.72 286.68 -183.68 0.08 -2.21 0.92 1.62 1.51 1.55 1.51
0.23 -1.13 0.55 -286.72 286.68 -127.43 0.52 -2.59 1.26 1.64 1.51 1.54 1.53
0.10 -0.21 0.29 -286.01 286.68 -84.25 -0.12 -0.62 0.94 1.62 1.54 1.52 1.53
-0.05 -1.68 0.53 -231.69 286.68 -52.98 0.71 -2.93 1.19 1.63 1.51 1.55 1.53
0.11 -0.98 -0.11 -222.39 286.68 -15.08 0.25 -2.25 -0.25 1.65 1.52 1.54 1.53
0.57 -1.10 0.11 -146.96 286.68 -4.75 1.43 -2.46 0.30 1.65 1.51 1.56 1.52
0.61 -1.17 -0.24 -102.85 286.68 -31.86 1.39 -2.67 -0.55 1.62 1.50 1.53 1.53
0.68 -1.10 -0.23 -66.11 272.40 -47.87 1.49 -2.63 -0.61 1.63 1.52 1.53 1.55
0.80 -1.01 -0.31 7.64 225.84 -1.24 1.83 -2.33 -0.71 1.64 1.50 1.56 1.52
0.70 -0.97 -0.21 16.94 144.51 0.56 1.61 -2.23 -0.48 1.62 1.52 1.56 1.51
0.67 -0.95 -0.17 36.54 93.28 4.88 1.48 -2.26 -0.36 1.63 1.52 1.54 1.54
0.71 -0.87 -0.05 32.36 61.15 -0.31 1.62 -1.99 -0.11 1.63 1.50 1.54 1.53
0.73 -0.84 0.03 41.12 54.35 7.34 1.66 -1.86 0.03 1.61 1.52 1.55 1.52
0.81 -0.71 0.08 32.47 49.08 15.50 1.83 -1.63 0.18 1.62 1.53 1.56 1.52
0.76 -0.81 0.08 20.05 27.93 4.84 1.75 -1.87 0.19 1.62 1.50 1.56 1.53
0.74 -0.73 0.12 9.14 10.38 7.18 1.72 -1.69 0.28 1.63 1.51 1.56 1.52
0.76 -0.68 0.15 8.84 1.30 4.04 1.75 -1.57 0.34 1.63 1.50 1.57 1.52
0.77 -0.73 0.17 10.10 -5.19 6.01 1.76 -1.65 0.41 1.63 1.52 1.55 1.53
0.71 -0.72 0.18 0.21 -18.11 8.34 1.65 -1.61 0.42 1.61 1.52 1.55 1.52
0.64 -0.64 0.19 -2.55 -21.04 8.50 1.47 -1.48 0.45 1.61 1.53 1.54 1.55
0.65 -0.69 0.22 8.22 -13.69 4.66 1.49 -1.59 0.49 1.62 1.51 1.57 1.52
0.66 -0.72 0.19 9.20 -10.35 5.91 1.52 -1.66 0.45 1.64 1.53 1.56 1.53
0.68 -0.73 0.19 12.17 -10.25 8.93 1.57 -1.67 0.43 1.61 1.53 1.56 1.54
0.64 -0.74 0.21 14.66 -15.18 10.49 1.47 -1.71 0.48 1.60 1.52 1.56 1.54
0.68 -0.74 0.22 14.26 -16.51 8.92 1.55 -1.70 0.51 1.63 1.53 1.58 1.54
0.74 -0.74 0.19 14.06 -20.51 12.05 1.69 -1.70 0.43 1.63 1.52 1.56 1.54
0.67 -0.73 0.24 15.02 -32.11 16.27 1.54 -1.68 0.55 1.61 1.53 1.56 1.53
0.65 -0.69 0.26 12.95 -34.32 11.61 1.48 -1.59 0.61 1.61 1.54 1.55 1.54
0.70 -0.72 0.21 24.35 -36.22 9.93 1.60 -1.66 0.46 1.63 1.53 1.56 1.54
0.73 -0.84 0.17 28.24 -44.79 14.21 1.68 -1.93 0.39 1.62 1.54 1.54 1.54
0.76 -0.83 0.23 28.96 -56.17 22.78 1.72 -1.89 0.50 1.63 1.53 1.54 1.53
0.67 -0.76 0.25 21.04 -65.95 26.96 1.54 -1.76 0.58 1.63 1.53 1.55 1.53
0.70 -0.73 0.20 21.57 -68.86 29.07 1.62 -1.64 0.46 1.65 1.51 1.58 1.53
0.64 -0.74 0.20 27.25 -74.83 33.76 1.47 -1.70 0.47 1.62 1.53 1.56 1.52
0.74 -0.73 0.20 32.56 -80.47 34.19 1.69 -1.67 0.46 1.65 1.52 1.54 1.53
0.79 -0.74 0.21 42.90 -93.17 46.83 1.77 -1.72 0.49 1.65 1.51 1.55 1.53
0.73 -0.71 0.26 45.61 -109.52 49.12 1.68 -1.62 0.59 1.62 1.53 1.54 1.55
0.73 -0.71 0.24 58.45 -121.85 53.11 1.70 -1.67 0.52 1.62 1.52 1.55 1.54
0.78 -0.77 0.20 63.15 -131.36 59.81 1.77 -1.77 0.46 1.63 1.51 1.56 1.55
0.85 -0.79 0.24 61.03 -140.07 66.14 1.95 -1.81 0.54 1.65 1.52 1.55 1.55
0.84 -0.71 0.24 56.31 -159.68 80.75 1.92 -1.66 0.51 1.62 1.52 1.56 1.52
0.57 -0.72 0.24 59.55 -166.16 86.11 1.31 -1.65 0.56 1.62 1.52 1.55 1.55
0.59 -0.65 0.33 75.88 -155.52 74.17 1.28 -1.53 0.69 1.62 1.53 1.55 1.53
0.65 -0.73 0.25 93.57 -152.68 71.59 1.49 -1.67 0.58 1.61 1.54 1.54 1.55
0.75 -0.79 0.29 94.54 -166.56 78.45 1.74 -1.78 0.67 1.62 1.51 1.54 1.54
0.87 -0.76 0.30 93.24 -180.86 96.73 2.02 -1.75 0.69 1.65 1.52 1.56 1.53
0.85 -0.76 0.27 99.31 -198.26 124.51 1.95 -1.74 0.61 1.65 1.51 1.58 1.53
0.77 -0.71 0.18 101.76 -221.78 158.86 1.61 -1.63 0.43 1.62 1.52 1.55 1.54
0.42 -0.80 0.20 121.64 -239.29 153.62 0.97 -1.84 0.46 1.64 1.54 1.54 1.54
0.29 -0.75 0.35 134.35 -227.10 126.60 0.61 -1.75 0.80 1.65 1.52 1.58 1.53
0.45 -0.82 0.53 140.68 -206.00 103.07 1.03 -1.88 1.21 1.65 1.51 1.58 1.55
0.63 -0.82 0.64 118.23 -193.62 110.08 1.53 -1.83 1.44 1.63 1.54 1.55 1.54
0.77 -0.84 0.62 89.09 -186.84 146.61 1.86 -1.91 1.43 1.63 1.52 1.56 1.54
0.77 -0.83 0.66 67.04 -190.58 188.07 1.76 -1.90 1.51 1.63 1.53 1.58 1.55
0.54 -0.78 0.57 37.14 -202.63 211.14 1.24 -1.75 1.32 1.64 1.53 1.56 1.52
0.47 -0.70 0.54 26.31 -256.61 182.80 1.08 -1.61 1.23 1.62 1.56 1.55 1.57
-0.03 -0.68 0.35 23.80 -286.72 123.13 -0.18 -1.54 0.66 1.63 1.53 1.59 1.53
0.10 -0.54 0.76 47.29 -213.31 84.04 0.22 -1.24 1.75 1.61 1.55 1.56 1.56
0.31 -0.49 1.02 65.52 -146.68 69.48 0.72 -1.46 2.26 1.65 1.53 1.58 1.54
0.45 -0.73 1.14 43.30 -87.23 86.36 1.06 -1.77 2.60 1.62 1.54 1.58 1.56
0.52 -0.80 1.02 -5.20 -51.69 121.14 1.18 -1.83 2.34 1.63 1.54 1.60 1.56
0.49 -0.76 0.96 -46.60 -37.37 142.93 1.02 -1.77 2.19 1.63 1.55 1.63 1.59
0.30 -0.48 0.88 -56.01 -38.91 127.05 0.69 -1.09 2.01 1.64 1.56 1.64 1.61
0.25 -0.29 0.77 -26.53 -34.88 81.10 0.58 -0.68 1.74 1.63 1.58 1.65 1.63
0.24 -0.45 0.86 -8.27 -22.30 52.21 0.55 -1.03 1.98 1.63 1.60 1.68 1.64
0.30 -0.62 1.03 -35.27 14.73 43.78 0.68 -1.41 2.37 1.66 1.62 1.69 1.64
0.37 -0.75 1.05 -100.55 59.82 44.69 0.94 -1.57 2.46 1.65 1.63 1.71 1.67
0.50 -0.75 1.02 -141.01 82.05 54.26 1.14 -1.72 2.34 1.64 1.67 1.73 1.68
0.56 -0.58 0.94 -181.52 106.15 75.26 1.33 -1.25 2.16 1.66 1.68 1.77 1.71
0.57 -0.40 0.86 -173.61 105.22 64.29 1.31 -0.92 1.98 1.67 1.71 1.82 1.71
0.50 -0.03 0.74 -156.74 110.15 36.08 1.08 -0.01 1.70 1.67 1.74 1.82 1.75
0.36 -0.14 0.59 -123.98 119.73 -6.31 0.70 -0.30 1.36 1.66 1.78 1.84 1.76
0.36 -0.16 0.72 -136.28 145.46 -10.81 0.83 -0.37 1.65 1.68 1.79 1.87 1.76
0.43 -0.37 0.68 -148.79 170.65 -19.08 1.26 -0.97 1.38 1.71 1.79 1.87 1.81
0.77 -0.44 0.57 -208.14 214.13 18.55 1.77 -1.02 1.32 1.70 1.82 1.90 1.83
0.78 -0.23 0.46 -236.11 228.42 57.66 1.92 -0.54 1.11 1.73 1.87 1.94 1.88
0.71 0.05 0.56 -283.92 224.70 59.40 1.63 0.12 1.29 1.72 1.88 1.99 1.87
0.61 0.18 0.49 -264.89 192.23 59.50 1.39 0.45 1.09 1.75 1.94 2.01 1.93
0.67 0.26 0.36 -221.10 159.67 42.17 1.53 0.57 0.83 1.76 1.94 2.01 1.94
0.78 0.27 0.23 -202.40 174.34 45.76 1.78 0.63 0.53 1.78 1.93 2.02 1.94
0.94 0.25 0.26 -171.94 174.09 53.76 2.23 0.64 0.57 1.79 1.95 2.06 1.95
1.04 0.33 0.15 -133.34 151.67 52.96 2.38 0.75 0.35 1.78 1.99 2.08 1.97
0.93 0.35 0.24 -90.12 130.52 46.81 2.01 0.80 0.57 1.80 2.01 2.12 1.98
0.81 0.33 0.17 -71.00 114.42 30.19 1.88 0.78 0.38 1.78 2.03 2.10 1.99
0.83 0.29 0.24 -57.48 114.46 19.21 1.91 0.67 0.55 1.78 2.06 2.13 2.01
0.82 0.21 0.23 -47.83 120.95 4.61 1.89 0.44 0.47 1.80 2.07 2.12 2.01
0.93 0.16 0.16 -44.70 129.37 5.23 2.15 0.36 0.37 1.78 2.08 2.13 2.03
1.02 0.14 0.18 -32.79 121.30 16.62 2.34 0.31 0.41 1.81 2.05 2.17 2.04
0.94 0.15 0.14 -26.07 108.23 16.72 2.18 0.34 0.33 1.80 2.12 2.13 2.06
0.96 0.20 0.10 -32.15 110.26 17.50 2.21 0.45 0.23 1.83 2.07 2.20 2.05
0.93 0.22 0.10 -32.37 104.98 12.21 2.11 0.52 0.20 1.78 2.13 2.16 2.10
0.94 0.20 0.04 -27.10 98.18 2.26 2.16 0.45 0.08 1.79 2.13 2.17 2.08
0.99 0.23 0.07 -26.40 96.28 -1.85 2.24 0.56 0.19 1.80 2.14 2.19 2.09
0.92 0.17 0.11 -4.83 91.96 -6.90 2.07 0.40 0.26 1.84 2.11 2.23 2.06
1.02 0.11 0.02 2.57 86.49 2.84 2.33 0.25 0.06 1.83 2.17 2.22 2.10
1.06 0.10 0.08 1.89 80.51 10.55 2.38 0.25 0.16 1.81 2.17 2.20 2.09
0.90 0.09 0.05 -4.58 75.36 9.41 2.08 0.20 0.12 1.85 2.14 2.20 2.12
0.92 0.12 0.06 -15.32 79.08 5.78 2.10 0.28 0.13 1.82 2.14 2.21 2.11
0.89 0.20 0.10 -10.88 85.40 3.46 2.02 0.42 0.23 1.87 2.14 2.25 2.09
0.89 0.19 -0.02 -1.96 90.02 3.43 2.05 0.44 -0.05 1.86 2.20 2.22 2.08
1.07 0.12 -0.06 13.09 88.44 9.77 2.47 0.26 -0.11 1.85 2.20 2.21 2.10
1.06 0.13 -0.11 20.89 64.97 13.31 2.44 0.30 -0.25 1.86 2.19 2.23 2.10
0.94 0.12 -0.12 27.82 46.42 13.33 2.16 0.27 -0.32 1.89 2.16 2.26 2.10
0.97 0.20 -0.08 29.09 45.77 15.48 2.18 0.48 -0.16 1.88 2.17 2.26 2.11
0.87 0.19 -0.07 40.21 47.77 14.59 2.00 0.44 -0.15 1.87 2.19 2.24 2.12
0.86 0.13 -0.09 39.93 51.49 13.20 1.97 0.28 -0.23 1.90 2.20 2.22 2.12
0.89 0.21 -0.06 42.42 59.50 11.94 2.05 0.47 -0.13 1.93 2.19 2.22 2.13
0.90 0.20 -0.13 66.98 55.31 15.45 2.19 0.46 -0.37 1.95 2.21 2.25 2.13
1.03 0.13 -0.27 71.12 39.95 22.60 2.42 0.32 -0.60 1.95 2.19 2.24 2.10
1.08 0.19 -0.24 71.08 18.17 28.09 2.49 0.43 -0.56 1.97 2.21 2.25 2.08
0.89 0.19 -0.17 80.61 -10.68 26.04 1.98 0.46 -0.43 2.02 2.20 2.21 2.09
0.93 0.29 -0.18 68.50 -7.73 22.59 2.13 0.65 -0.41 2.00 2.18 2.25 2.10
0.87 0.30 -0.23 62.52 -10.27 10.08 1.99 0.73 -0.55 2.04 2.20 2.24 2.12
0.95 0.29 -0.23 50.64 -6.22 -5.18 2.19 0.66 -0.52 2.04 2.16 2.22 2.09
1.01 0.31 -0.26 48.43 -3.54 -10.81 2.31 0.72 -0.60 2.05 2.18 2.24 2.08
1.10 0.28 -0.22 48.41 -0.47 -3.74 2.52 0.61 -0.48 2.05 2.19 2.22 2.11
1.00 0.18 -0.10 45.10 -7.19 0.20 2.29 0.42 -0.23 2.08 2.16 2.20 2.12
0.96 0.20 -0.05 33.41 -5.25 -0.03 2.20 0.46 -0.10 2.06 2.18 2.21 2.10
0.98 0.20 -0.04 21.91 -0.72 -1.64 2.23 0.45 -0.10 2.06 2.15 2.24 2.11
1.03 0.18 -0.07 11.03 3.43 -3.05 2.37 0.41 -0.15 2.05 2.20 2.20 2.09
1.06 0.21 -0.10 0.02 2.47 -5.14 2.43 0.51 -0.25 2.09 2.16 2.20 2.12
1.06 0.27 -0.12 -2.40 -1.60 -7.23 2.43 0.62 -0.28 2.06 2.17 2.22 2.07
1.05 0.28 -0.14 1.45 -7.66 -10.23 2.41 0.63 -0.32 2.06 2.18 2.23 2.08
0.92 0.21 -0.04 4.53 -12.62 -12.02 2.08 0.44 -0.07 2.07 2.18 2.20 2.08
0.87 0.10 -0.00 1.33 -5.04 -6.93 2.00 0.24 -0.00 2.07 2.17 2.22 2.07
0.90 0.17 -0.02 -5.70 1.89 -1.79 2.07 0.40 -0.06 2.03 2.18 2.18 2.11
0.97 0.20 -0.07 -7.75 7.41 0.60 2.24 0.45 -0.17 2.07 2.15 2.20 2.10
1.04 0.22 -0.13 -6.25 3.82 -0.70 2.40 0.51 -0.29 2.04 2.18 2.20 2.07
1.04 0.23 -0.11 -3.46 -4.72 -3.26 2.39 0.52 -0.25 2.04 2.19 2.19 2.10
1.00 0.21 -0.07 1.10 -11.28 -6.65 2.29 0.49 -0.16 2.06 2.17 2.18 2.10
0.93 0.17 -0.00 3.41 -11.82 -7.92 2.14 0.40 -0.01 2.07 2.14 2.23 2.06
0.89 0.12 0.04 3.67 -4.03 -3.67 2.04 0.26 0.10 2.05 2.14 2.23 2.09
0.94 0.14 0.01 -1.88 5.17 1.25 2.16 0.33 0.02 2.06 2.13 2.23 2.06
0.99 0.20 -0.04 -4.20 6.33 2.96 2.27 0.45 -0.14 2.03 2.14 2.18 2.07
1.02 0.23 -0.08 -3.01 3.84 2.81 2.34 0.53 -0.17 2.03 2.17 2.22 2.10
1.00 0.25 -0.07 0.39 -0.18 -0.32 2.29 0.58 -0.17 2.07 2.18 2.20 2.06
0.96 0.21 -0.04 4.45 -3.55 -2.56 2.19 0.46 -0.10 2.04 2.14 2.23 2.06
0.93 0.19 -0.02 4.25 -1.07 -2.69 2.14 0.42 -0.04 2.03 2.16 2.21 2.08
0.96 0.19 -0.05 1.44 1.96 -2.84 2.20 0.44 -0.12 2.07 2.15 2.18 2.08
0.97 0.22 -0.07 -0.45 1.72 -4.07 2.21 0.50 -0.15 2.03 2.18 2.18 2.10
0.95 0.20 -0.05 -0.46 2.00 -4.71 2.18 0.45 -0.12 2.06 2.16 2.18 2.07
0.98 0.22 -0.08 0.58 1.64 -4.61 2.24 0.50 -0.18 2.05 2.14 2.20 2.06
1.04 0.23 -0.11 3.15 -3.39 -6.77 2.40 0.53 -0.26 2.05 2.16 2.19 2.07
0.94 0.18 -0.04 6.64 -13.61 -7.52 2.15 0.42 -0.09 2.04 2.18 2.21 2.06
0.91 0.12 0.01 5.10 -8.85 -3.75 2.09 0.29 0.01 2.02 2.12 2.18 2.08
0.96 0.19 -0.04 0.31 -2.34 -1.58 2.22 0.44 -0.10 2.03 2.14 2.20 2.07
0.93 0.20 -0.01 1.02 -3.35 -1.64 2.14 0.45 -0.03 2.04 2.14 2.20 2.06
0.93 0.16 0.01 0.42 0.49 -1.27 2.14 0.36 0.01 2.04 2.18 2.20 2.05
1.02 0.21 -0.06 -0.94 0.05 -0.17 2.35 0.49 -0.16 2.06 2.13 2.22 2.05
1.01 0.26 -0.08 2.93 -4.51 -1.43 2.32 0.60 -0.18 2.03 2.17 2.17 2.09
0.97 0.23 -0.05 6.94 -6.93 -5.49 2.20 0.50 -0.10 2.01 2.15 2.21 2.06
0.93 0.11 0.01 2.97 -4.55 -6.04 2.13 0.24 0.01 2.05 2.13 2.17 2.05
0.94 0.15 -0.01 -3.39 -1.50 -3.13 2.15 0.35 -0.03 2.03 2.15 2.19 2.06
0.97 0.21 -0.05 -1.94 1.19 -1.07 2.22 0.49 -0.11 2.03 2.16 2.17 2.08
0.97 0.21 -0.05 0.57 1.01 -3.23 2.23 0.48 -0.12 2.03 2.15 2.20 2.08
0.96 0.15 -0.03 -0.59 1.65 -4.25 2.21 0.35 -0.08 2.03 2.12 2.16 2.06
1.02 0.17 -0.07 -1.78 -1.32 -1.23 2.34 0.40 -0.18 2.05 2.12 2.21 2.05
1.02 0.23 -0.10 -1.23 -8.64 -1.30 2.33 0.53 -0.22 2.03 2.15 2.20 2.05
1.02 0.24 -0.08 1.90 -13.28 -4.48 2.33 0.54 -0.19 2.04 2.13 2.19 2.07
0.88 0.18 0.02 2.48 -14.88 -6.41 2.00 0.39 0.07 2.03 2.16 2.18 2.06
0.87 0.11 0.06 3.13 -3.54 -0.64 2.00 0.25 0.15 2.01 2.11 2.20 2.09
0.98 0.17 -0.01 -1.43 2.94 2.20 2.26 0.40 -0.04 2.03 2.14 2.18 2.07
0.99 0.22 -0.03 -0.93 1.48 1.86 2.28 0.50 -0.07 2.01 2.12 2.19 2.08
0.96 0.17 0.01 -1.29 1.56 0.45 2.19 0.39 0.02 2.01 2.17 2.16 2.06
1.00 0.17 -0.02 -3.57 2.56 0.32 2.30 0.40 -0.06 2.01 2.12 2.18 2.07
1.04 0.20 -0.06 -1.57 -1.75 0.46 2.38 0.47 -0.14 2.01 2.14 2.21 2.05
1.00 0.22 -0.06 2.33 -6.62 -1.46 2.29 0.50 -0.12 2.01 2.14 2.18 2.08
0.93 0.20 -0.02 4.79 -7.91 -3.67 2.11 0.44 -0.02 2.03 2.15 2.21 2.06
0.89 0.15 0.01 3.67 -2.86 -3.23 2.05 0.34 0.03 2.01 2.14 2.20 2.05
0.93 0.19 -0.02 0.18 2.67 -2.93 2.15 0.44 -0.06 2.03 2.13 2.19 2.07
0.98 0.19 -0.04 2.13 3.84 -1.08 2.24 0.43 -0.09 2.03 2.12 2.21 2.05
0.97 0.15 -0.02 -0.15 3.57 -0.04 2.23 0.34 -0.04 2.01 2.14 2.19 2.07
1.01 0.19 -0.05 -2.70 2.06 0.94 2.32 0.45 -0.11 2.04 2.11 2.21 2.05
1.02 0.22 -0.06 0.84 -3.13 -0.76 2.34 0.51 -0.15 2.03 2.12 2.18 2.08
0.98 0.20 -0.04 4.00 -7.34 -3.67 2.24 0.45 -0.08 2.03 2.12 2.16 2.06
0.92 0.18 0.00 4.94 -6.38 -4.43 2.10 0.42 0.00 2.00 2.14 2.18 2.06
0.94 0.17 -0.01 7.03 -1.24 -2.61 2.15 0.39 -0.02 2.01 2.13 2.17 2.07
0.96 0.14 -0.02 3.77 0.04 -1.93 2.20 0.31 -0.05 2.03 2.12 2.19 2.06
0.95 0.15 -0.02 -1.23 1.63 0.25 2.19 0.35 -0.05 2.00 2.15 2.17 2.07
0.98 0.18 -0.02 -3.23 2.97 2.79 2.24 0.41 -0.05 2.04 2.13 2.20 2.05
1.00 0.21 -0.03 -2.90 0.93 2.14 2.31 0.48 -0.08 2.04 2.13 2.17 2.08
1.02 0.22 -0.04 -0.27 -3.09 0.52 2.33 0.51 -0.08 2.02 2.14 2.17 2.06
1.00 0.21 -0.02 2.56 -6.03 -1.03 2.29 0.48 -0.05 2.01 2.15 2.18 2.04
0.97 0.18 0.00 2.67 -7.15 -1.50 2.21 0.42 0.03 2.03 2.12 2.20 2.06
0.92 0.19 0.04 1.14 -3.18 -0.82 2.11 0.43 0.09 2.00 2.11 2.19 2.07
0.95 0.19 0.02 0.25 2.58 -0.46 2.19 0.42 0.02 2.01 2.15 2.16 2.08
0.99 0.19 -0.01 -0.99 4.40 -1.70 2.27 0.44 -0.03 2.00 2.16 2.17 2.05
1.01 0.18 -0.03 -0.54 3.07 -1.19 2.33 0.42 -0.08 2.00 2.13 2.16 2.07
1.02 0.19 -0.05 0.30 -1.69 -1.81 2.34 0.45 -0.12 1.99 2.15 2.19 2.05
0.99 0.19 -0.04 0.58 -5.01 -2.98 2.28 0.44 -0.08 2.07 2.08 2.25 2.01
0.97 0.20 -0.01 0.17 -5.23 -3.96 2.23 0.46 -0.03 2.01 2.13 2.16 2.04
0.93 0.19 0.02 -0.98 -1.87 -3.93 2.15 0.43 0.04 1.96 2.18 2.13 2.05
0.97 0.20 -0.00 -2.72 1.71 -3.12 2.22 0.46 -0.00 1.96 2.18 2.13 2.07
1.01 0.20 -0.04 -2.99 1.72 -1.72 2.34 0.48 -0.10 1.95 2.13 2.21 2.11
1.03 0.22 -0.06 -4.33 -1.97 -1.28 2.37 0.52 -0.14 1.99 2.10 2.20 2.08
1.04 0.23 -0.06 -3.71 -6.72 -1.98 2.38 0.53 -0.15 1.95 2.19 2.13 2.09
1.01 0.20 -0.03 -4.33 -11.40 -2.56 2.30 0.46 -0.04 2.01 2.18 2.23 2.01
0.97 0.20 0.02 -6.12 -11.94 -1.28 2.23 0.45 0.05 2.03 2.17 2.20 2.08
0.96 0.19 0.04 -5.84 -8.99 2.77 2.21 0.43 0.09 2.07 2.08 2.24 2.02
0.98 0.21 0.04 -6.36 -6.16 5.39 2.25 0.47 0.07 2.04 2.16 2.21 2.07
1.00 0.22 0.03 -5.56 -6.06 6.44 2.30 0.50 0.06 2.03 2.21 2.12 2.02
1.02 0.23 0.03 -5.14 -5.97 6.62 2.34 0.53 0.06 1.99 2.10 2.21 2.09
1.04 0.22 0.01 -3.47 -7.23 4.59 2.43 0.52 0.04 1.95 2.20 2.13 2.12
1.03 0.21 0.01 -3.82 -10.26 0.93 2.37 0.49 0.03 2.03 2.06 2.20 2.07
1.00 0.21 0.02 -2.59 -10.99 -1.73 2.28 0.49 0.05 2.05 2.16 2.20 2.02
0.96 0.16 0.05 0.17 -9.61 -1.34 2.21 0.38 0.11 2.09 2.07 2.19 2.07
0.97 0.14 0.04 -1.15 -6.33 1.08 2.23 0.33 0.09 2.02 2.15 2.20 2.08
1.00 0.19 0.01 -9.06 -0.04 2.61 2.30 0.44 0.01 2.01 2.14 2.15 2.06
1.00 0.21 -0.01 -8.66 -0.73 3.20 2.31 0.48 -0.03 2.04 2.03 2.26 2.00
1.03 0.22 -0.02 -8.01 -0.31 0.28 2.36 0.48 0.01 2.01 2.21 2.12 2.12
1.02 0.21 -0.03 -6.49 -2.49 -4.39 2.35 0.49 -0.05 1.95 2.20 2.14 2.11
1.00 0.18 0.01 -0.95 -5.96 -7.58 2.29 0.41 0.01 2.03 2.18 2.21 2.07
0.87 0.16 0.05 2.35 -8.16 -7.95 2.00 0.33 0.12 1.97 2.20 2.12 2.10
0.88 0.12 0.06 -3.70 5.57 -7.29 1.97 0.28 0.15 1.97 2.19 2.11 2.05
0.92 0.12 0.01 -8.78 15.70 -3.39 2.11 0.27 0.03 2.04 2.16 2.13 2.03
0.97 0.14 -0.04 -9.43 12.49 0.04 2.26 0.33 -0.09 1.97 2.22 2.12 2.04
1.01 0.20 -0.06 -7.86 3.20 1.86 2.32 0.45 -0.13 1.97 2.20 2.11 2.06
0.98 0.23 -0.05 -5.49 -6.55 -1.13 2.24 0.53 -0.12 2.00 2.17 2.21 2.03
0.94 0.23 -0.04 -1.96 -12.09 -4.87 2.23 0.60 -0.09 2.01 2.14 2.16 2.04
0.85 0.16 0.06 5.57 -15.15 -7.37 1.96 0.36 0.14 1.99 2.13 2.19 2.03
0.82 0.10 0.12 5.97 -6.38 -7.57 1.90 0.23 0.26 2.06 2.05 2.19 2.09
0.89 0.12 0.06 3.72 5.94 -4.07 2.10 0.28 0.17 2.04 2.16 2.20 2.09
0.96 0.12 -0.00 3.80 6.93 -1.01 2.19 0.28 -0.00 2.07 2.08 2.15 2.12
0.97 0.13 -0.02 3.88 7.02 0.27 2.22 0.30 -0.06 2.06 2.09 2.19 2.04
0.99 0.16 -0.04 1.72 2.88 3.72 2.27 0.38 -0.10 2.02 2.15 2.20 2.07
0.99 0.22 -0.06 1.98 -1.78 0.86 2.27 0.52 -0.13 2.01 2.17 2.12 2.10
0.93 0.21 -0.02 6.57 -8.23 -2.93 2.13 0.49 -0.05 1.95 2.23 2.12 2.12
0.85 0.16 0.03 11.08 -10.12 -2.79 1.96 0.36 0.07 1.97 2.08 2.19 2.09
0.87 0.12 0.02 10.41 -4.72 0.78 1.99 0.28 0.06 1.96 2.19 2.17 2.00
0.93 0.12 -0.01 6.30 0.17 5.79 2.14 0.27 -0.02 1.96 2.20 2.14 2.09
0.97 0.14 -0.04 2.64 -0.60 10.16 2.24 0.32 -0.10 2.09 2.14 2.13 2.05
0.98 0.17 -0.05 0.75 -6.34 14.16 2.24 0.40 -0.11 2.01 2.06 2.20 2.06
0.94 0.27 -0.03 1.76 -10.34 13.22 2.16 0.62 -0.11 1.97 2.07 2.12 2.03
0.97 0.27 -0.04 7.86 -11.36 8.02 2.22 0.62 -0.08 1.95 2.21 2.11 2.12
0.93 0.17 0.03 9.52 -13.21 4.19 2.14 0.38 0.08 2.03 2.14 2.20 2.04
0.91 0.16 0.04 4.10 -8.34 4.62 2.10 0.37 0.10 1.95 2.13 2.17 2.05
0.98 0.22 -0.00 1.14 -4.85 4.25 2.25 0.50 -0.01 2.04 2.08 2.13 2.07
0.96 0.23 0.01 0.86 -5.43 0.73 2.21 0.53 0.03 1.95 2.21 2.12 2.12
0.99 0.22 0.02 2.32 -4.41 -2.17 2.26 0.50 0.06 1.95 2.06 2.13 2.06
0.98 0.18 0.04 2.83 -6.00 -3.75 2.25 0.41 0.11 2.03 2.15 2.20 2.09
0.98 0.17 0.07 -0.02 -5.90 -4.16 2.26 0.39 0.15 1.97 2.13 2.22 2.00
0.96 0.19 0.10 -1.92 -5.88 -4.99 2.21 0.44 0.22 2.04 2.17 2.20 2.04
0.94 0.22 0.13 -1.90 -3.51 -7.00 2.13 0.50 0.28 2.02 2.14 2.13 2.08
0.92 0.22 0.12 0.52 1.50 -9.17 2.15 0.50 0.29 1.96 2.10 2.25 2.03
0.99 0.20 0.09 1.74 4.16 -9.97 2.27 0.46 0.20 1.99 2.10 2.20 2.10
0.99 0.19 0.06 0.84 3.31 -9.99 2.28 0.43 0.15 2.05 2.06 2.24 2.03
1.01 0.21 0.03 0.18 1.70 -9.85 2.33 0.49 0.06 2.01 2.07 2.11 2.06
1.01 0.19 0.02 1.23 -2.01 -10.34 2.33 0.45 0.05 2.05 2.07 2.18 2.08
0.97 0.17 0.05 0.63 -3.74 -10.42 2.23 0.38 0.12 2.07 2.06 2.24 2.00
0.96 0.16 0.06 -1.39 -2.04 -9.14 2.19 0.36 0.15 1.97 2.10 2.16 2.07
0.95 0.16 0.07 -2.18 0.79 -8.03 2.18 0.37 0.16 1.96 2.10 2.22 2.00
0.98 0.15 0.05 -0.99 3.67 -6.46 2.26 0.35 0.11 2.01 2.07 2.12 2.12
1.00 0.14 0.04 -0.04 2.70 -5.73 2.30 0.33 0.08 1.99 2.11 2.18 2.05
1.00 0.12 0.03 0.08 0.72 -3.83 2.30 0.28 0.06 2.06 2.05 2.18 2.09
1.02 0.14 0.01 0.50 -2.25 -1.64 2.34 0.33 0.02 2.04 2.08 2.12 2.05
1.01 0.17 0.00 1.88 -5.04 -0.78 2.32 0.39 0.00 2.06 2.04 2.25 2.07
0.99 0.17 0.02 2.94 -6.91 -0.66 2.27 0.38 0.04 1.95 2.19 2.12 2.08
0.97 0.18 0.05 2.07 -5.24 -0.48 2.22 0.41 0.11 2.00 2.19 2.13 2.00
0.97 0.18 0.06 2.00 -1.05 -0.30 2.23 0.41 0.15 2.01 2.14 2.14 2.00
0.99 0.18 0.07 0.67 2.23 2.18 2.26 0.40 0.15 2.07 2.04 2.25 2.00
1.02 0.19 0.05 0.04 2.61 0.70 2.35 0.43 0.11 1.95 2.12 2.23 2.04
1.04 0.20 0.03 -0.35 -0.78 1.31 2.38 0.46 0.07 1.95 2.05 2.12 2.04
1.00 0.22 0.05 0.29 -3.85 1.58 2.29 0.50 0.13 1.93 2.21 2.10 2.11
0.97 0.22 0.06 1.46 -3.08 1.04 2.23 0.49 0.15 1.99 2.08 2.24 2.00
0.98 0.20 0.06 2.03 -0.18 1.17 2.24 0.46 0.11 2.01 2.12 2.14 2.01
0.99 0.20 0.04 -0.43 1.13 0.15 2.26 0.45 0.09 2.03 2.10 2.15 2.05
0.98 0.20 0.04 -1.64 3.67 0.29 2.25 0.46 0.09 1.95 2.14 2.24 2.07
0.98 0.20 0.04 -2.16 4.24 -0.73 2.25 0.45 0.09 1.98 2.15 2.20 2.06
0.99 0.20 0.03 -2.92 5.15 -1.67 2.27 0.46 0.06 2.05 2.04 2.24 1.99
1.00 0.19 0.01 -1.88 3.83 -1.50 2.30 0.43 0.03 1.94 2.09 2.20 2.09
0.98 0.18 0.02 -1.06 1.30 -1.15 2.23 0.42 0.06 1.99 2.12 2.16 2.11
0.96 0.19 0.03 -0.25 0.99 -1.00 2.21 0.43 0.08 1.96 2.07 2.12 2.01
0.95 0.17 0.03 1.47 1.17 -1.37 2.18 0.39 0.08 2.03 2.11 2.13 2.06
0.95 0.16 0.04 1.09 2.09 -0.88 2.18 0.35 0.08 1.94 2.10 2.21 2.08
0.98 0.14 0.02 -0.25 1.80 0.32 2.26 0.32 0.04 2.02 2.09 2.19 2.05
0.98 0.15 0.02 -2.33 -0.74 0.90 2.24 0.35 0.04 1.98 2.10 2.14 2.06
0.97 0.17 0.03 -1.98 -2.57 2.22 2.21 0.39 0.08 1.93 2.16 2.17 2.07
0.97 0.17 0.04 -1.61 -3.53 1.34 2.22 0.40 0.08 1.96 2.13 2.19 2.05
0.97 0.16 0.05 -1.50 -4.16 1.09 2.23 0.37 0.10 2.05 2.09 2.20 2.03
0.98 0.17 0.05 0.04 -4.92 2.38 2.23 0.39 0.10 2.05 2.04 2.20 1.99
0.97 0.16 0.07 1.86 -4.87 4.00 2.22 0.37 0.15 2.07 2.07 2.16 2.06
0.97 0.16 0.08 1.80 -3.23 4.71 2.23 0.37 0.18 2.03 2.18 2.21 2.08
0.98 0.15 0.09 1.72 -2.42 5.42 2.24 0.34 0.20 1.96 2.11 2.16 2.04
0.97 0.16 0.10 0.19 -2.24 5.98 2.24 0.36 0.22 1.93 2.20 2.11 2.11
0.98 0.18 0.09 -0.17 -1.81 6.16 2.23 0.42 0.21 2.04 2.17 2.20 2.06
0.96 0.19 0.07 0.85 -1.40 5.43 2.21 0.45 0.17 2.06 2.04 2.22 2.04
0.96 0.19 0.06 0.74 -0.06 5.07 2.19 0.44 0.13 2.04 2.05 2.24 1.99
0.98 0.21 0.03 -0.98 -0.11 4.80 2.24 0.48 0.08 1.97 2.09 2.14 2.03
0.95 0.22 0.04 -2.34 -1.26 4.21 2.17 0.51 0.10 1.99 2.12 2.17 2.01
0.94 0.22 0.05 -2.76 0.60 3.12 2.15 0.51 0.12 2.03 2.14 2.14 2.06
0.96 0.23 0.04 -2.78 1.77 2.24 2.20 0.51 0.09 1.97 2.08 2.16 2.05
0.96 0.21 0.04 -1.64 0.85 1.60 2.21 0.49 0.08 1.97 2.14 2.17 2.07
0.96 0.21 0.05 -2.52 -0.32 0.98 2.19 0.47 0.10 1.95 2.19 2.13 2.05
0.95 0.20 0.05 -2.97 -0.34 0.55 2.19 0.46 0.12 1.95 2.12 2.14 2.06
0.95 0.19 0.06 -4.12 -0.11 -0.08 2.17 0.44 0.14 2.01 2.13 2.12 2.06
0.94 0.19 0.07 -6.54 1.46 -0.90 2.15 0.44 0.17 1.95 2.17 2.13 2.06
0.94 0.20 0.07 -7.40 4.55 -1.29 2.17 0.48 0.16 1.97 2.17 2.13 2.10
0.98 0.22 0.03 -5.10 4.57 -2.49 2.25 0.50 0.07 2.01 2.14 2.19 2.03