start recording
-0.25 -1.35 0.98 1.13 25.08 -71.33 -0.50 -3.14 2.17 1.63 1.53 1.54 1.53
-0.25 -1.21 0.91 -46.80 73.56 -93.52 -0.58 -2.79 2.08 1.63 1.52 1.53 1.53
-0.29 -1.18 0.83 -67.87 104.18 -112.28 -0.62 -2.67 1.88 1.63 1.53 1.52 1.53
-0.31 -1.16 0.74 -71.77 146.19 -130.63 -0.72 -2.67 1.69 1.63 1.53 1.53 1.53
-0.29 -1.01 0.69 -51.43 167.48 -150.44 -0.74 -2.34 1.59 1.62 1.53 1.53 1.54
-0.35 -1.14 0.71 -46.44 194.18 -182.25 -0.83 -2.72 1.61 1.63 1.53 1.54 1.54
-0.31 -1.52 0.73 -76.33 221.81 -217.46 -0.70 -3.49 1.69 1.63 1.51 1.53 1.54
-0.37 -1.61 0.84 -138.19 250.63 -258.24 -0.83 -3.72 1.81 1.64 1.52 1.52 1.53
-0.44 -1.62 0.89 -225.70 286.62 -286.69 -1.01 -3.71 2.03 1.61 1.52 1.52 1.53
-0.40 -1.41 0.88 -285.70 286.68 -286.72 -0.98 -3.19 2.04 1.62 1.53 1.52 1.53
-0.42 -1.20 0.77 -286.72 286.68 -286.72 -0.97 -2.76 1.77 1.63 1.52 1.52 1.54
-0.30 -0.95 0.52 -286.72 286.68 -286.72 -0.69 -2.14 1.18 1.64 1.52 1.53 1.55
-0.22 -0.79 0.49 -286.72 286.68 -264.16 -0.38 -1.76 1.10 1.63 1.53 1.53 1.53
-0.10 -0.65 0.42 -286.37 286.68 -225.25 -0.22 -1.49 0.97 1.65 1.54 1.53 1.54
0.01 -0.60 0.45 -277.50 286.68 -181.88 0.04 -1.36 1.07 1.63 1.53 1.53 1.54
0.12 -0.61 0.51 -233.27 286.68 -166.49 0.27 -1.41 1.17 1.63 1.53 1.54 1.53
0.11 -0.77 0.41 -219.68 286.68 -134.01 0.31 -1.65 0.82 1.64 1.54 1.54 1.54
0.47 -0.54 0.50 -162.93 286.68 -101.69 1.07 -1.25 1.15 1.64 1.53 1.52 1.53
0.39 -0.68 0.46 -120.21 286.68 -6.49 1.01 -1.57 1.02 1.63 1.54 1.52 1.53
0.77 -0.74 0.70 -70.98 286.68 -43.01 1.15 -1.73 1.17 1.63 1.53 1.53 1.54
0.40 -0.77 0.26 -87.37 286.66 -49.13 0.91 -1.76 0.60 1.64 1.54 1.53 1.55
0.51 -0.71 0.27 -42.91 282.49 -23.51 1.13 -1.76 0.72 1.63 1.55 1.55 1.54
0.56 -0.77 0.29 -38.56 245.11 -52.83 1.28 -1.77 0.68 1.65 1.52 1.55 1.54
0.71 -0.71 0.23 -34.69 237.82 -29.27 1.57 -1.72 0.55 1.63 1.54 1.53 1.55
0.75 -0.53 0.22 -31.41 199.71 -13.45 1.72 -1.21 0.51 1.63 1.55 1.53 1.55
0.79 -0.50 0.07 -14.70 180.76 3.70 1.82 -1.14 0.15 1.63 1.53 1.54 1.55
0.85 -0.48 0.06 -2.48 147.02 6.05 1.93 -1.15 0.13 1.62 1.54 1.55 1.56
0.89 -0.45 -0.05 9.14 114.41 3.95 2.04 -1.02 -0.12 1.62 1.54 1.53 1.55
0.91 -0.36 -0.04 25.68 101.50 8.23 2.09 -0.85 -0.11 1.64 1.54 1.53 1.56
0.94 -0.42 -0.03 26.92 82.39 -4.44 2.16 -0.97 -0.08 1.63 1.54 1.54 1.55
0.95 -0.47 -0.08 26.45 64.70 -8.28 2.18 -1.07 -0.19 1.62 1.54 1.55 1.54
0.98 -0.42 -0.04 19.86 40.82 -12.05 2.25 -0.98 -0.10 1.63 1.54 1.54 1.55
0.99 -0.44 -0.00 14.77 22.57 -13.81 2.28 -1.00 -0.00 1.64 1.54 1.56 1.56
0.99 -0.49 0.05 12.85 4.80 -12.26 2.26 -1.13 0.15 1.62 1.55 1.54 1.56
0.99 -0.45 0.13 3.50 -7.64 -11.46 2.26 -1.04 0.30 1.64 1.53 1.55 1.54
0.96 -0.41 0.15 -0.61 -8.50 -9.14 2.20 -0.95 0.35 1.62 1.55 1.53 1.56
0.95 -0.45 0.21 -2.23 -5.97 -5.14 2.20 -1.05 0.49 1.64 1.55 1.53 1.56
0.95 -0.47 0.22 -9.00 -6.29 -5.48 2.18 -1.07 0.51 1.64 1.53 1.56 1.54
0.93 -0.45 0.23 -11.80 -9.21 -5.79 2.13 -1.02 0.54 1.62 1.54 1.54 1.55
0.93 -0.47 0.25 -7.00 -12.43 -6.48 2.13 -1.08 0.57 1.64 1.54 1.55 1.56
0.94 -0.50 0.25 -5.17 -16.69 -4.38 2.15 -1.15 0.57 1.64 1.54 1.54 1.56
0.87 -0.51 0.29 -2.45 -22.97 -3.39 1.99 -1.16 0.65 1.63 1.55 1.54 1.56
0.86 -0.51 0.26 1.34 -27.26 -3.91 1.98 -1.16 0.60 1.63 1.55 1.54 1.54
0.83 -0.53 0.26 4.46 -34.69 0.25 1.91 -1.21 0.58 1.65 1.54 1.55 1.54
0.74 -0.54 0.29 11.73 -39.24 -1.67 1.70 -1.25 0.66 1.65 1.54 1.55 1.55
0.78 -0.56 0.27 13.90 -40.09 -2.19 1.79 -1.28 0.61 1.64 1.54 1.54 1.55
0.84 -0.61 0.20 19.50 -45.52 6.40 1.93 -1.41 0.48 1.65 1.55 1.54 1.55
0.90 -0.71 0.19 23.72 -61.43 22.50 2.07 -1.62 0.44 1.63 1.55 1.54 1.55
0.84 -0.68 0.20 18.55 -90.29 36.21 1.93 -1.55 0.47 1.64 1.55 1.55 1.56
0.78 -0.52 0.23 23.22 -115.21 41.76 1.77 -1.18 0.56 1.65 1.53 1.54 1.58
0.67 -0.48 0.35 41.24 -117.23 29.14 1.55 -1.10 0.81 1.64 1.55 1.53 1.55
0.86 -0.54 0.35 55.55 -117.83 16.46 2.01 -1.26 0.77 1.63 1.55 1.54 1.55
0.97 -0.59 0.30 60.93 -142.51 30.87 2.22 -1.36 0.68 1.63 1.54 1.55 1.56
1.07 -0.69 0.26 68.48 -168.04 59.18 2.51 -1.54 0.59 1.64 1.55 1.55 1.56
1.07 -0.63 0.23 75.10 -203.75 104.82 2.36 -1.48 0.56 1.64 1.54 1.54 1.56
0.66 -0.59 0.25 86.03 -236.63 130.64 1.51 -1.36 0.58 1.64 1.54 1.55 1.56
0.60 -0.58 0.35 102.75 -246.95 118.02 1.45 -1.27 0.82 1.63 1.55 1.54 1.56
0.31 -0.37 0.33 101.42 -252.97 98.58 0.71 -0.85 0.76 1.64 1.54 1.55 1.57
0.36 -0.47 0.47 167.60 -197.21 65.07 0.92 -1.29 1.02 1.63 1.55 1.55 1.56
0.79 -0.61 0.59 188.61 -166.30 70.09 1.81 -1.41 1.34 1.64 1.55 1.53 1.56
0.84 -0.69 0.53 174.14 -176.71 107.41 1.93 -1.59 1.21 1.65 1.54 1.55 1.55
0.83 -0.74 0.62 185.81 -172.85 146.41 1.94 -1.67 1.45 1.65 1.54 1.55 1.55
0.77 -0.71 0.53 170.10 -192.69 171.78 1.77 -1.64 1.21 1.62 1.55 1.55 1.56
0.59 -0.75 0.57 135.60 -241.60 183.30 1.36 -1.61 1.30 1.64 1.54 1.54 1.55
0.21 -0.66 0.46 120.36 -269.10 159.35 0.49 -1.52 1.06 1.63 1.54 1.56 1.55
0.02 -0.43 0.64 155.99 -227.45 102.26 0.04 -0.96 1.50 1.63 1.55 1.55 1.55
0.34 -0.47 0.90 165.73 -158.37 61.94 0.79 -1.09 2.06 1.63 1.55 1.55 1.54
0.59 -0.64 0.87 151.62 -138.82 81.61 1.35 -1.46 2.03 1.63 1.54 1.55 1.56
0.74 -0.74 0.89 137.79 -135.43 134.53 1.73 -1.64 2.05 1.62 1.54 1.55 1.56
0.67 -0.72 0.83 142.30 -130.83 178.71 1.54 -1.65 1.91 1.64 1.55 1.56 1.55
0.46 -0.57 0.59 149.89 -140.78 208.92 1.03 -1.30 1.33 1.64 1.55 1.58 1.54
-0.03 -0.65 0.56 172.02 -168.32 187.36 -0.06 -1.49 1.28 1.63 1.55 1.56 1.54
-0.38 -0.76 0.80 197.41 -164.62 113.95 -0.75 -1.88 1.97 1.63 1.55 1.56 1.54
-0.01 -0.92 1.24 151.62 -82.80 33.56 -0.02 -2.10 2.85 1.65 1.57 1.59 1.55
0.28 -0.98 1.19 65.01 -12.45 9.18 0.64 -2.25 2.72 1.65 1.56 1.59 1.56
0.42 -0.98 1.19 -29.29 11.52 32.61 1.07 -2.24 2.73 1.65 1.56 1.63 1.55
0.48 -1.00 1.08 -103.85 42.13 61.86 1.10 -2.29 2.48 1.64 1.59 1.68 1.58
0.48 -0.75 0.90 -139.96 56.54 94.91 1.22 -1.74 2.08 1.65 1.64 1.71 1.65
0.29 -0.48 0.81 -143.19 81.11 98.23 0.66 -1.11 1.85 1.66 1.72 1.74 1.70
0.12 -0.55 0.54 -113.27 84.28 68.80 0.27 -1.25 1.23 1.65 1.75 1.77 1.72
0.26 -0.61 0.84 -113.17 90.16 28.84 0.55 -1.42 1.91 1.65 1.77 1.79 1.73
0.38 -0.65 1.04 -153.75 125.07 10.71 0.86 -1.49 2.40 1.67 1.80 1.82 1.75
0.53 -0.64 0.98 -211.86 149.36 15.23 1.26 -1.49 2.23 1.67 1.84 1.85 1.79
0.62 -0.79 0.93 -260.39 171.26 44.72 1.43 -1.82 2.14 1.69 1.88 1.92 1.81
0.57 -0.59 0.77 -284.98 182.87 73.60 1.30 -1.37 1.74 1.68 1.93 1.97 1.82
0.62 -0.32 0.63 -282.88 186.42 88.26 1.48 -0.75 1.44 1.70 1.96 1.97 1.87
0.56 -0.25 0.55 -272.67 194.39 90.47 1.28 -0.57 1.25 1.72 1.99 2.01 1.90
0.62 -0.01 0.45 -252.98 168.69 63.76 1.41 0.04 1.02 1.69 2.01 2.04 1.91
0.82 0.07 0.40 -236.10 149.59 42.30 1.89 0.17 0.93 1.73 2.00 2.04 1.92
0.86 0.13 0.28 -228.02 141.57 40.97 1.87 0.33 0.72 1.73 2.04 2.08 1.94
0.82 -0.08 0.35 -198.90 141.29 49.87 1.88 -0.18 0.79 1.73 2.06 2.09 1.95
0.92 -0.12 0.47 -203.08 132.06 66.78 2.12 -0.28 1.11 1.73 2.06 2.12 1.97
0.86 -0.11 0.56 -209.54 126.57 64.29 1.94 -0.24 1.26 1.73 2.08 2.12 1.98
0.69 0.10 0.43 -218.01 140.64 67.30 1.58 0.23 0.98 1.73 2.10 2.12 2.01
0.61 0.33 0.45 -204.02 159.06 56.79 1.34 0.76 1.00 1.73 2.11 2.14 2.03
0.59 0.34 0.28 -171.22 190.40 36.37 1.35 0.77 0.63 1.73 2.14 2.16 2.03
0.82 0.40 0.07 -158.10 195.55 23.87 1.97 0.89 0.21 1.75 2.13 2.20 2.05
0.99 0.43 0.04 -118.48 178.93 28.23 2.27 0.91 0.09 1.75 2.15 2.20 2.04
1.03 0.35 0.01 -84.67 153.94 14.60 2.36 0.80 0.03 1.74 2.13 2.20 2.07
1.01 0.34 0.03 -71.04 128.98 7.93 2.33 0.79 0.12 1.75 2.17 2.20 2.09
0.80 0.34 0.13 -41.25 114.69 -5.47 1.85 0.78 0.30 1.75 2.17 2.21 2.09
0.81 0.34 0.10 -22.74 113.93 -13.48 1.80 0.83 0.27 1.74 2.19 2.25 2.07
0.90 0.26 0.20 -2.75 123.96 -10.32 2.03 0.61 0.46 1.76 2.17 2.25 2.08
0.84 0.16 0.04 4.95 135.40 -7.04 1.93 0.36 0.10 1.77 2.18 2.25 2.09
1.00 0.16 -0.04 0.38 126.82 7.24 2.32 0.32 -0.08 1.78 2.19 2.25 2.10
1.00 0.20 -0.07 -3.27 114.92 9.67 2.30 0.46 -0.17 1.78 2.20 2.25 2.12
0.99 0.31 -0.10 0.15 109.15 5.34 2.28 0.76 -0.20 1.78 2.21 2.23 2.12
0.91 0.35 0.00 23.23 102.15 -3.52 2.13 0.79 -0.03 1.80 2.19 2.26 2.10
0.85 0.30 -0.01 57.09 93.28 -13.40 1.95 0.68 -0.03 1.80 2.20 2.25 2.13
0.82 0.17 0.01 73.15 82.52 -12.36 2.00 0.48 0.06 1.81 2.20 2.25 2.12
0.97 0.20 -0.11 88.33 80.82 -1.58 2.23 0.47 -0.26 1.80 2.22 2.26 2.11
1.06 0.18 -0.18 104.00 67.12 17.30 2.50 0.39 -0.48 1.85 2.20 2.24 2.11
1.03 0.17 -0.31 126.18 33.13 32.46 2.47 0.43 -0.67 1.84 2.21 2.26 2.11
0.96 0.11 -0.37 111.17 0.64 39.45 2.20 0.25 -0.84 1.88 2.21 2.23 2.12
0.89 0.07 -0.21 78.64 -10.97 40.15 2.03 0.14 -0.43 1.89 2.20 2.24 2.11
0.79 0.19 -0.13 48.42 -5.23 31.23 1.81 0.44 -0.30 1.93 2.22 2.24 2.12
0.90 0.24 -0.18 33.02 13.21 19.64 2.13 0.54 -0.45 1.95 2.19 2.24 2.13
1.09 0.29 -0.25 24.18 17.85 12.27 2.48 0.65 -0.59 1.97 2.21 2.23 2.12
1.05 0.24 -0.21 18.93 3.65 5.72 2.40 0.54 -0.49 2.00 2.20 2.24 2.12
0.88 0.22 -0.11 13.17 -2.62 5.17 2.04 0.53 -0.26 2.02 2.19 2.23 2.11
0.92 0.26 -0.12 6.69 4.58 8.73 2.11 0.59 -0.27 2.03 2.19 2.25 2.11
0.92 0.20 -0.10 -2.02 8.81 13.24 2.12 0.45 -0.21 2.03 2.20 2.21 2.12
0.88 0.26 -0.08 -12.20 13.47 10.09 2.02 0.61 -0.18 2.04 2.21 2.21 2.11
0.94 0.29 -0.09 -10.26 21.18 11.09 2.15 0.66 -0.21 2.06 2.20 2.22 2.10
1.04 0.28 -0.15 -8.09 20.93 8.01 2.43 0.62 -0.33 2.06 2.19 2.21 2.12
1.10 0.28 -0.18 -5.89 6.60 5.03 2.52 0.65 -0.41 2.05 2.21 2.21 2.10
1.09 0.30 -0.16 -2.69 -5.22 1.90 2.50 0.68 -0.38 2.05 2.20 2.20 2.11
0.99 0.23 -0.09 -1.29 -14.23 -1.15 2.26 0.53 -0.19 2.05 2.19 2.23 2.09
0.88 0.23 -0.02 -6.49 -11.68 -3.54 2.03 0.52 -0.04 2.07 2.18 2.23 2.09
0.84 0.23 0.01 -8.23 -1.61 -4.92 1.91 0.52 0.02 2.06 2.18 2.21 2.10
0.94 0.22 -0.04 -6.63 10.15 -2.30 2.19 0.51 -0.12 2.04 2.19 2.22 2.10
1.04 0.26 -0.12 -6.14 5.59 -0.58 2.38 0.60 -0.27 2.04 2.19 2.21 2.10
1.01 0.27 -0.12 -2.00 -2.37 -1.09 2.30 0.63 -0.26 2.06 2.19 2.21 2.10
0.95 0.24 -0.06 3.52 -7.33 -2.37 2.17 0.55 -0.14 2.06 2.19 2.23 2.09
0.92 0.18 -0.03 4.51 -5.31 -0.38 2.11 0.41 -0.06 2.06 2.19 2.22 2.10
0.90 0.21 -0.02 2.05 -1.04 2.64 2.09 0.49 -0.05 2.07 2.18 2.21 2.10
0.96 0.24 -0.06 1.87 3.24 3.88 2.21 0.56 -0.14 2.05 2.18 2.21 2.08
0.98 0.26 -0.08 2.20 -0.38 2.03 2.26 0.60 -0.18 2.05 2.18 2.21 2.10
0.96 0.28 -0.06 3.51 -3.90 -1.03 2.20 0.64 -0.12 2.05 2.20 2.19 2.11
0.96 0.25 -0.03 5.21 -4.30 -2.28 2.20 0.56 -0.08 2.04 2.18 2.22 2.11
0.96 0.22 -0.02 3.18 -4.29 -1.23 2.20 0.49 -0.04 2.05 2.17 2.21 2.07
0.95 0.24 -0.01 1.16 -1.07 1.59 2.19 0.55 -0.01 2.05 2.19 2.20 2.09
0.96 0.27 -0.03 2.14 1.68 2.56 2.21 0.61 -0.06 2.04 2.19 2.19 2.09
1.02 0.32 -0.09 3.85 -0.37 -1.09 2.35 0.74 -0.21 2.04 2.18 2.20 2.10
0.97 0.34 -0.08 8.27 -9.38 -8.41 2.25 0.77 -0.19 2.05 2.17 2.19 2.08
0.94 0.26 -0.07 12.08 -11.11 -10.76 2.16 0.60 -0.17 2.06 2.17 2.20 2.09
0.97 0.22 -0.06 6.70 -14.78 -9.85 2.21 0.53 -0.13 2.04 2.20 2.19 2.10
0.89 0.22 -0.00 4.57 -15.95 -6.64 2.03 0.50 -0.01 2.05 2.19 2.21 2.10
0.86 0.20 0.05 2.41 -8.01 -2.35 1.99 0.46 0.10 2.04 2.19 2.19 2.09
0.95 0.22 0.01 -0.04 0.33 0.53 2.20 0.52 0.00 2.05 2.17 2.20 2.07
0.98 0.23 -0.00 -2.11 0.82 0.29 2.25 0.52 -0.00 2.03 2.19 2.20 2.08
0.99 0.24 0.00 -2.67 0.28 -0.53 2.26 0.55 0.01 2.05 2.16 2.21 2.10
0.98 0.20 0.01 -2.62 0.30 -0.47 2.24 0.46 0.01 2.05 2.17 2.20 2.09
1.03 0.25 -0.05 -3.75 -1.56 -0.97 2.36 0.58 -0.11 2.04 2.17 2.21 2.09
0.95 0.27 -0.01 -1.34 -6.07 -3.97 2.15 0.61 -0.02 2.04 2.17 2.19 2.07
0.92 0.23 0.01 2.05 -1.18 -4.77 2.12 0.52 0.03 2.04 2.18 2.19 2.10
0.95 0.20 -0.00 1.58 1.64 -4.62 2.18 0.46 -0.00 2.03 2.18 2.21 2.09
0.95 0.17 0.00 -1.86 3.15 -1.04 2.18 0.40 -0.00 2.03 2.17 2.20 2.07
0.97 0.23 -0.02 -3.43 3.45 1.33 2.23 0.52 -0.06 2.04 2.17 2.20 2.08
0.97 0.25 -0.03 -1.15 1.71 -0.14 2.24 0.58 -0.10 2.04 2.18 2.18 2.10
0.95 0.23 -0.02 1.81 0.50 -1.95 2.19 0.52 -0.04 2.02 2.17 2.19 2.07
0.94 0.22 -0.01 2.49 1.25 -1.95 2.16 0.50 -0.02 2.02 2.17 2.21 2.08
0.93 0.22 -0.00 2.38 2.94 -0.62 2.14 0.51 -0.01 2.03 2.18 2.19 2.09
0.96 0.24 -0.01 1.99 5.39 0.25 2.20 0.55 -0.04 2.01 2.17 2.19 2.08
0.96 0.23 -0.02 2.08 5.20 1.16 2.21 0.54 -0.04 2.02 2.18 2.20 2.08
0.95 0.24 0.00 0.32 6.41 2.46 2.17 0.54 0.01 2.02 2.18 2.21 2.09
0.97 0.25 0.01 0.28 8.66 3.05 2.22 0.56 0.01 2.01 2.18 2.18 2.08
0.93 0.23 0.02 -1.06 9.90 3.37 2.14 0.52 0.04 2.02 2.15 2.19 2.09
0.93 0.24 0.02 -2.19 15.60 4.45 2.15 0.56 0.02 2.01 2.17 2.20 2.08
0.97 0.26 -0.03 -2.49 19.86 3.15 2.22 0.60 -0.06 2.03 2.16 2.19 2.08
1.02 0.26 -0.08 -1.01 18.07 1.56 2.33 0.60 -0.18 2.03 2.17 2.18 2.07
1.02 0.27 -0.11 -0.87 13.13 0.55 2.35 0.62 -0.25 2.02 2.17 2.20 2.08
0.95 0.24 -0.06 0.52 7.39 0.41 2.18 0.56 -0.14 2.00 2.17 2.19 2.08
0.94 0.20 -0.07 3.33 7.77 2.91 2.16 0.47 -0.16 2.00 2.18 2.18 2.09
0.94 0.23 -0.07 5.11 9.55 6.86 2.13 0.52 -0.15 1.99 2.16 2.20 2.08
0.83 0.14 0.01 3.74 14.49 8.91 1.90 0.31 0.01 2.00 2.17 2.21 2.07
0.90 0.22 -0.06 -6.84 23.98 8.78 2.09 0.53 -0.16 2.01 2.17 2.20 2.08
1.02 0.31 -0.16 -2.04 27.48 11.96 2.38 0.71 -0.38 2.00 2.16 2.20 2.08
1.05 0.28 -0.23 8.77 11.62 13.65 2.40 0.64 -0.53 1.99 2.16 2.20 2.06
1.12 0.50 -0.33 17.94 1.20 8.14 2.57 1.18 -0.80 1.99 2.18 2.19 2.06
1.18 0.56 -0.42 56.03 -14.64 4.58 2.71 1.28 -0.96 1.97 2.17 2.18 2.08
1.09 0.35 -0.35 84.88 -39.46 -0.23 2.46 0.76 -0.79 1.96 2.16 2.19 2.06
0.97 0.33 -0.29 82.50 -63.26 -16.42 2.19 0.73 -0.63 1.96 2.14 2.18 2.06
0.75 0.20 -0.05 69.74 -61.49 -22.91 1.71 0.45 -0.12 1.92 2.15 2.19 2.05
0.75 0.35 -0.04 49.34 -44.92 -27.42 1.65 0.79 -0.20 1.91 2.16 2.19 2.06
0.99 0.42 -0.16 47.32 -28.45 -29.09 2.27 0.96 -0.36 1.91 2.14 2.18 2.06
1.04 0.44 -0.31 66.75 -61.69 -37.45 2.46 1.12 -0.71 1.86 2.14 2.20 2.04
1.12 0.50 -0.55 85.79 -101.50 -50.25 2.72 1.16 -1.27 1.86 2.12 2.16 2.04
1.11 0.54 -0.62 127.14 -141.07 -51.80 2.54 1.25 -1.43 1.81 2.12 2.15 2.02
0.98 0.54 -0.59 168.19 -179.25 -62.48 2.14 1.22 -1.26 1.81 2.08 2.14 2.01
0.53 0.35 -0.21 203.43 -206.25 -87.08 1.21 0.81 -0.48 1.80 2.05 2.10 1.99
0.53 0.55 -0.26 214.12 -254.03 -127.81 1.20 1.29 -0.57 1.77 2.03 2.07 1.95
0.68 0.64 -0.37 256.22 -237.46 -153.59 1.56 1.46 -0.84 1.76 2.00 2.06 1.93
0.76 0.61 -0.47 286.35 -245.86 -169.51 1.81 1.32 -1.11 1.75 1.95 2.02 1.91
0.79 0.40 -0.45 286.68 -285.67 -172.40 1.75 0.95 -1.00 1.74 1.94 1.98 1.86
0.73 0.24 -0.39 286.68 -286.72 -159.43 1.67 0.56 -0.89 1.75 1.89 1.93 1.84
0.33 0.03 -0.08 286.68 -286.72 -149.81 0.64 -0.01 -0.01 1.73 1.85 1.89 1.78
-0.24 -0.46 0.28 286.68 -286.72 -169.00 -0.55 -1.05 0.64 1.72 1.81 1.84 1.74
-0.05 -0.62 0.50 286.68 -286.72 -173.70 -0.22 -1.46 1.05 1.72 1.76 1.79 1.71
0.13 -0.88 0.71 286.68 -277.85 -163.16 0.30 -2.02 1.63 1.71 1.74 1.74 1.67
0.22 -0.75 0.75 286.63 -239.65 -134.18 0.51 -1.71 1.62 1.70 1.71 1.71 1.63
0.22 -0.86 0.77 251.95 -227.50 -89.78 0.54 -2.10 1.65 1.69 1.68 1.69 1.62
0.21 -0.82 0.80 196.65 -253.23 -41.23 0.49 -1.88 1.84 1.67 1.65 1.66 1.59
0.21 -0.87 0.92 168.14 -264.70 -27.25 0.46 -2.07 2.15 1.67 1.61 1.64 1.57
0.11 -0.95 0.89 130.21 -272.11 -32.33 0.26 -2.18 2.03 1.66 1.58 1.62 1.55
-0.15 -1.04 0.97 100.76 -236.99 -56.91 -0.27 -2.36 2.25 1.65 1.56 1.61 1.53
-0.33 -1.04 1.22 101.85 -132.12 -114.97 -0.76 -2.40 2.80 1.66 1.54 1.59 1.50
-0.64 -0.81 1.23 84.86 -7.60 -198.07 -1.47 -1.86 2.94 1.65 1.53 1.55 1.51
-0.86 -0.91 1.26 59.69 102.44 -286.72 -2.01 -2.12 2.92 1.64 1.52 1.55 1.50
-0.75 -1.22 1.17 12.64 220.62 -286.72 -1.72 -2.79 2.68 1.64 1.53 1.54 1.50
-0.46 -1.55 1.07 -36.88 286.68 -286.72 -0.99 -3.52 2.45 1.65 1.52 1.55 1.51
-0.06 -1.77 0.89 -103.89 286.68 -286.72 -0.14 -4.06 2.04 1.64 1.53 1.55 1.51
0.27 -1.84 0.88 -177.33 286.68 -286.72 0.53 -4.19 1.93 1.65 1.52 1.55 1.50
-0.20 -1.10 0.67 -209.79 286.68 -256.96 -0.44 -2.52 1.54 1.62 1.52 1.55 1.52
-0.52 -0.78 0.68 -155.95 286.68 -214.77 -1.19 -1.79 1.57 1.63 1.52 1.55 1.51
-0.51 -0.95 0.76 -103.16 286.68 -221.65 -1.11 -2.30 1.70 1.63 1.54 1.54 1.50
-0.40 -1.22 0.71 -121.89 286.68 -250.50 -0.92 -2.80 1.64 1.65 1.54 1.54 1.52
-0.09 -1.38 0.73 -141.22 286.68 -259.20 -0.20 -3.28 1.72 1.65 1.53 1.55 1.51
0.03 -1.46 0.63 -190.09 286.68 -211.37 0.06 -3.35 1.45 1.65 1.52 1.55 1.51
-0.05 -1.30 0.67 -221.77 286.68 -170.45 -0.17 -3.07 1.50 1.63 1.53 1.54 1.52
-0.11 -0.99 0.64 -249.51 286.68 -129.60 -0.33 -2.29 1.47 1.65 1.53 1.55 1.50
-0.03 -0.79 0.73 -245.04 286.68 -98.14 -0.08 -1.82 1.67 1.62 1.53 1.55 1.52
-0.18 -1.22 0.46 -279.76 286.68 -11.73 -0.72 -2.64 1.18 1.64 1.53 1.56 1.52
0.11 -0.91 0.52 -258.59 286.68 -23.15 0.25 -2.08 1.19 1.63 1.54 1.54 1.51
0.24 -1.29 0.45 -217.64 286.68 62.13 0.73 -2.89 1.18 1.62 1.53 1.55 1.51
0.75 -1.00 0.42 -225.47 286.68 57.83 1.73 -2.30 0.96 1.63 1.53 1.55 1.51
0.68 -0.86 0.16 -200.35 286.68 57.32 1.66 -1.76 0.28 1.62 1.53 1.55 1.53
0.78 -0.69 0.08 -164.89 286.68 57.75 1.88 -1.38 0.22 1.63 1.54 1.54 1.52
0.79 -0.41 -0.14 -117.40 271.45 26.55 1.81 -0.93 -0.32 1.64 1.54 1.55 1.52
0.90 -0.27 -0.12 -56.54 252.15 18.80 2.10 -0.63 -0.35 1.63 1.54 1.54 1.52
0.98 -0.30 -0.05 -2.19 216.22 4.85 2.26 -0.70 -0.10 1.62 1.54 1.54 1.52
0.95 -0.25 -0.15 1.79 141.04 -6.98 2.09 -0.56 -0.41 1.62 1.52 1.54 1.52
0.89 -0.24 -0.19 41.18 117.73 -25.49 2.04 -0.54 -0.43 1.63 1.54 1.53 1.53
0.91 -0.27 -0.17 57.92 101.50 -35.38 2.09 -0.62 -0.38 1.64 1.53 1.54 1.53
0.91 -0.25 -0.19 45.48 72.53 -34.32 2.18 -0.59 -0.34 1.63 1.54 1.53 1.53
0.92 -0.37 -0.22 28.77 48.94 -36.59 2.11 -0.86 -0.50 1.61 1.54 1.54 1.52
0.94 -0.50 -0.09 35.73 31.63 -27.14 2.18 -1.17 -0.19 1.62 1.54 1.53 1.54
0.79 -0.60 -0.04 28.73 11.65 -28.17 1.82 -1.38 -0.09 1.62 1.54 1.55 1.53
0.75 -0.66 0.06 16.78 4.56 -26.22 1.72 -1.52 0.17 1.62 1.53 1.54 1.53
0.77 -0.70 0.15 12.22 1.26 -14.84 1.80 -1.61 0.36 1.63 1.54 1.54 1.54
0.81 -0.66 0.18 -5.36 -3.11 -3.03 1.87 -1.52 0.41 1.62 1.54 1.54 1.53
0.86 -0.60 0.14 -21.51 3.46 10.13 2.01 -1.37 0.33 1.62 1.54 1.54 1.52
0.90 -0.50 0.15 -34.34 7.34 16.88 2.06 -1.14 0.33 1.63 1.53 1.55 1.53
0.91 -0.41 0.13 -36.94 -1.31 14.26 2.08 -0.93 0.31 1.61 1.55 1.53 1.53
0.90 -0.38 0.14 -25.04 -8.15 6.19 2.08 -0.94 0.34 1.63 1.54 1.53 1.53
0.90 -0.45 0.21 -10.45 -18.71 1.49 2.07 -1.02 0.47 1.63 1.55 1.55 1.53
0.89 -0.48 0.22 -1.92 -19.92 0.37 2.04 -1.11 0.50 1.61 1.53 1.55 1.52
0.88 -0.50 0.23 -3.75 -17.23 3.34 2.03 -1.14 0.53 1.63 1.54 1.54 1.52
0.86 -0.48 0.21 -3.83 -12.50 7.03 1.98 -1.09 0.49 1.63 1.54 1.53 1.53
0.84 -0.46 0.20 -0.88 -11.14 5.57 2.00 -1.08 0.45 1.63 1.54 1.55 1.53
0.88 -0.49 0.21 9.34 -17.82 1.15 2.01 -1.12 0.48 1.64 1.53 1.54 1.54
0.92 -0.49 0.21 10.90 -23.76 -3.35 2.08 -1.13 0.52 1.62 1.54 1.56 1.53
0.92 -0.54 0.26 15.86 -33.99 -4.62 2.10 -1.23 0.58 1.63 1.54 1.55 1.53
0.88 -0.56 0.29 17.82 -38.00 -2.12 2.01 -1.29 0.67 1.62 1.54 1.54 1.54
0.82 -0.57 0.32 17.44 -35.68 1.11 1.86 -1.30 0.72 1.63 1.54 1.55 1.52
0.83 -0.53 0.27 19.88 -27.20 3.95 1.90 -1.22 0.62 1.63 1.54 1.54 1.52
0.83 -0.63 0.30 21.55 -24.90 7.28 1.93 -1.47 0.69 1.62 1.55 1.55 1.53
0.85 -0.62 0.25 6.09 -31.30 14.30 1.98 -1.40 0.61 1.64 1.54 1.54 1.52
0.96 -0.55 0.17 0.52 -30.68 22.90 2.21 -1.27 0.39 1.64 1.55 1.54 1.54
1.07 -0.58 0.09 8.67 -39.15 36.94 2.49 -1.38 0.19 1.64 1.55 1.54 1.54
1.22 -0.62 -0.09 35.20 -58.14 63.94 2.80 -1.42 -0.20 1.63 1.55 1.54 1.53
0.88 -0.48 -0.04 52.67 -92.28 88.28 1.81 -1.25 -0.08 1.62 1.55 1.54 1.54
0.77 -0.42 0.16 121.18 -212.20 63.01 1.65 -0.92 0.38 1.63 1.55 1.54 1.55
0.61 -0.42 0.14 143.43 -233.37 45.22 1.39 -0.95 0.33 1.65 1.54 1.54 1.54
0.70 -0.59 0.25 112.32 -246.94 30.32 1.71 -1.34 0.53 1.64 1.54 1.54 1.54
1.07 -0.64 0.27 120.89 -234.73 40.29 2.45 -1.48 0.63 1.63 1.55 1.55 1.54
1.28 -0.65 0.27 120.34 -233.79 93.07 2.90 -1.58 0.64 1.63 1.54 1.57 1.53
1.30 -0.53 0.27 107.32 -258.43 164.85 2.98 -1.22 0.61 1.63 1.54 1.55 1.52
0.72 -0.43 0.16 113.79 -278.02 218.55 1.58 -0.93 0.27 1.63 1.55 1.55 1.54
0.24 -0.57 0.09 177.38 -283.46 206.63 0.38 -1.43 0.26 1.63 1.55 1.56 1.53
0.05 -0.59 0.43 203.33 -255.96 151.65 0.12 -1.35 0.98 1.63 1.55 1.56 1.53
0.27 -0.38 0.57 220.59 -189.89 97.50 0.79 -0.88 1.38 1.63 1.55 1.56 1.54
0.86 -0.42 0.71 213.09 -165.92 102.21 1.98 -0.95 1.64 1.65 1.55 1.59 1.53
1.19 -0.52 0.65 210.76 -174.79 149.26 2.77 -1.33 1.50 1.63 1.56 1.58 1.54
1.03 -0.59 0.57 206.09 -206.67 216.24 2.37 -1.35 1.30 1.63 1.56 1.59 1.55
0.81 -0.59 0.46 193.73 -209.50 252.25 1.85 -1.42 1.08 1.65 1.57 1.61 1.55
0.08 -0.68 0.49 174.71 -268.83 217.87 0.05 -1.41 1.15 1.65 1.58 1.61 1.55
-0.31 -0.67 0.88 220.67 -239.15 134.43 -0.70 -1.53 2.01 1.65 1.56 1.61 1.54
-0.08 -0.78 1.30 221.94 -143.84 57.42 -0.25 -1.80 2.98 1.65 1.58 1.62 1.55
0.25 -0.88 1.37 151.74 -51.17 62.92 0.57 -2.01 3.15 1.65 1.58 1.64 1.55
0.51 -0.96 1.36 84.99 -8.20 103.41 1.13 -2.20 3.05 1.64 1.60 1.68 1.57
0.51 -0.96 1.21 17.67 11.53 147.10 1.17 -2.21 2.77 1.66 1.64 1.74 1.63
0.55 -0.78 1.12 -19.84 11.72 167.55 1.26 -1.80 2.57 1.67 1.69 1.78 1.69
0.37 -0.52 0.92 -26.02 29.23 150.34 0.81 -1.23 2.10 1.66 1.74 1.78 1.72
0.11 -0.55 0.79 5.67 9.65 111.17 0.26 -1.27 1.81 1.67 1.75 1.78 1.75
0.11 -0.56 1.03 -16.80 38.85 79.14 0.24 -1.23 2.38 1.66 1.78 1.79 1.76
0.30 -0.72 1.21 -71.72 100.54 63.66 0.68 -1.65 2.77 1.66 1.78 1.81 1.78
0.58 -0.69 1.11 -156.03 142.51 62.59 1.33 -1.65 2.53 1.67 1.82 1.88 1.79
0.70 -0.68 1.05 -224.36 158.72 73.53 1.62 -1.50 2.35 1.66 1.91 1.93 1.84
0.65 -0.48 0.83 -244.26 157.43 90.23 1.50 -1.11 1.90 1.67 1.95 1.99 1.88
0.48 -0.45 0.79 -243.23 159.36 100.49 1.12 -1.01 1.79 1.68 2.00 2.01 1.90
0.37 -0.30 0.66 -259.20 177.88 104.79 0.86 -0.68 1.51 1.69 2.01 2.03 1.94
0.51 -0.13 0.60 -280.12 210.25 100.00 1.20 -0.25 1.38 1.68 2.04 2.06 1.96
0.65 -0.08 0.49 -273.01 215.71 84.92 1.48 -0.18 1.13 1.72 2.07 2.11 2.00
0.54 0.00 0.30 -284.80 240.42 86.23 1.23 0.01 0.59 1.72 2.10 2.12 2.01
0.88 0.13 0.01 -286.72 242.20 102.69 2.11 0.30 0.05 1.71 2.14 2.15 2.05
0.90 0.20 0.07 -277.45 217.68 102.44 2.06 0.46 0.16 1.71 2.15 2.16 2.06
0.67 0.25 -0.02 -252.36 177.06 79.31 1.52 0.66 -0.10 1.71 2.14 2.20 2.06
0.64 0.51 0.05 -221.02 170.74 49.30 1.47 1.18 0.12 1.71 2.17 2.18 2.10
0.50 0.63 0.12 -166.71 194.64 10.53 1.15 1.46 0.24 1.73 2.17 2.20 2.11
0.64 0.58 0.06 -98.88 218.51 -1.20 1.58 1.41 0.16 1.73 2.20 2.23 2.12
0.81 0.46 0.04 -42.76 234.54 0.01 1.85 1.06 0.09 1.73 2.21 2.23 2.12
0.98 0.27 -0.09 -10.38 220.25 13.99 2.33 0.66 -0.26 1.77 2.21 2.24 2.14
1.07 0.19 -0.20 -0.19 178.94 26.22 2.45 0.45 -0.47 1.78 2.21 2.23 2.13
0.88 0.26 -0.15 4.03 138.49 17.25 1.96 0.57 -0.32 1.78 2.22 2.24 2.14
0.92 0.36 -0.19 7.35 127.49 0.01 2.08 0.80 -0.44 1.79 2.21 2.25 2.15
0.93 0.48 -0.14 34.61 134.92 -5.02 2.13 1.10 -0.32 1.80 2.23 2.24 2.15
1.06 0.32 -0.19 76.38 127.69 1.33 2.47 0.76 -0.40 1.81 2.22 2.26 2.15
1.08 0.18 -0.30 112.30 88.30 10.22 2.48 0.41 -0.68 1.83 2.23 2.26 2.14
1.21 0.05 -0.29 129.75 45.87 13.69 2.70 0.20 -0.66 1.85 2.22 2.25 2.14
0.86 0.11 -0.37 72.59 1.02 33.49 1.97 0.25 -0.84 1.87 2.23 2.25 2.14
0.93 0.32 -0.18 41.40 15.96 37.24 2.13 0.74 -0.42 1.92 2.20 2.26 2.12
0.81 0.40 -0.17 37.61 33.09 29.68 1.92 0.93 -0.42 1.93 2.23 2.24 2.13
0.89 0.28 -0.17 47.35 27.98 21.75 2.04 0.64 -0.39 1.97 2.21 2.24 2.14
0.91 0.27 -0.27 44.04 19.15 11.10 2.09 0.64 -0.61 1.98 2.22 2.22 2.15
1.01 0.20 -0.26 42.47 18.09 21.23 2.31 0.46 -0.59 2.00 2.21 2.24 2.14
0.91 0.13 -0.22 30.59 12.32 32.08 2.08 0.30 -0.48 2.01 2.21 2.23 2.12
0.82 0.17 -0.16 9.86 16.91 36.68 1.88 0.38 -0.34 2.00 2.20 2.22 2.14
0.82 0.29 -0.14 -3.21 33.85 36.56 1.88 0.66 -0.33 2.02 2.21 2.21 2.14
0.95 0.38 -0.23 1.89 39.48 33.36 2.22 0.89 -0.56 2.03 2.22 2.21 2.13
1.02 0.32 -0.25 4.56 37.63 28.37 2.33 0.74 -0.58 2.04 2.20 2.23 2.13
0.97 0.37 -0.23 4.11 28.52 20.22 2.22 0.84 -0.52 2.04 2.20 2.23 2.12
0.99 0.35 -0.25 11.52 19.54 18.45 2.24 0.77 -0.57 2.05 2.19 2.23 2.12
0.95 0.30 -0.22 8.59 15.95 18.14 2.19 0.68 -0.51 2.04 2.20 2.23 2.12
0.87 0.34 -0.21 0.73 18.05 16.37 2.01 0.79 -0.47 2.06 2.19 2.23 2.12
0.89 0.41 -0.21 -7.11 23.29 6.62 2.05 0.95 -0.48 2.04 2.19 2.23 2.11
0.97 0.36 -0.29 -5.60 22.54 0.95 2.23 0.83 -0.67 2.04 2.20 2.22 2.12
0.97 0.37 -0.30 -7.09 9.27 -2.26 2.18 0.87 -0.68 2.04 2.19 2.22 2.11
0.90 0.34 -0.26 -2.13 5.81 -2.16 2.07 0.78 -0.59 2.04 2.19 2.24 2.11
0.90 0.36 -0.25 -1.09 2.66 -4.00 2.05 0.82 -0.55 2.03 2.19 2.20 2.11
0.85 0.31 -0.23 5.36 0.59 -4.04 1.97 0.73 -0.51 2.03 2.19 2.21 2.12
0.88 0.31 -0.23 2.75 1.25 -4.50 2.02 0.71 -0.53 2.02 2.20 2.21 2.11
0.83 0.27 -0.19 -0.31 3.50 -3.04 1.90 0.60 -0.45 2.03 2.18 2.21 2.12
0.94 0.34 -0.26 -5.25 6.47 -1.88 2.17 0.77 -0.60 2.05 2.19 2.19 2.10
0.90 0.34 -0.24 -1.58 -1.46 -5.06 2.07 0.79 -0.54 2.02 2.19 2.21 2.11
0.87 0.28 -0.16 -0.96 -2.15 -4.91 2.00 0.65 -0.37 2.04 2.18 2.22 2.10
0.92 0.33 -0.18 0.11 -0.32 -4.16 2.12 0.75 -0.41 2.04 2.18 2.19 2.09
0.95 0.30 -0.18 3.85 -3.40 -3.76 2.18 0.69 -0.42 2.02 2.19 2.21 2.10
0.93 0.32 -0.16 6.63 -7.55 -3.45 2.13 0.72 -0.37 2.03 2.18 2.22 2.09
0.91 0.28 -0.11 9.96 -6.80 -1.49 2.09 0.64 -0.26 2.02 2.18 2.19 2.11
0.90 0.21 -0.09 7.24 -4.27 0.11 2.07 0.48 -0.21 2.00 2.18 2.20 2.11
0.92 0.28 -0.12 -1.58 0.49 1.57 2.11 0.67 -0.27 2.01 2.19 2.21 2.11
0.93 0.32 -0.14 -1.15 3.02 1.06 2.14 0.74 -0.31 2.01 2.19 2.19 2.10
0.95 0.33 -0.16 -1.13 2.56 -0.25 2.19 0.78 -0.38 2.01 2.19 2.21 2.09
0.96 0.35 -0.19 3.95 -1.64 -2.24 2.20 0.81 -0.43 2.03 2.18 2.20 2.09
0.92 0.31 -0.15 6.77 -4.85 -3.21 2.12 0.71 -0.35 2.01 2.18 2.20 2.09
0.91 0.28 -0.15 9.49 -4.70 -0.41 2.08 0.64 -0.34 2.01 2.17 2.19 2.10
0.85 0.24 -0.09 6.11 -2.35 -0.03 1.96 0.56 -0.21 2.02 2.17 2.21 2.09
0.87 0.24 -0.09 -1.42 5.56 3.03 2.04 0.56 -0.23 2.02 2.17 2.20 2.09
0.95 0.34 -0.14 -5.21 10.82 3.89 2.17 0.77 -0.34 2.01 2.18 2.20 2.10
0.98 0.33 -0.17 -0.36 9.83 1.70 2.25 0.76 -0.38 2.01 2.17 2.21 2.09
0.98 0.32 -0.19 2.62 3.46 -1.66 2.25 0.76 -0.45 2.01 2.19 2.18 2.11
0.95 0.34 -0.17 6.05 -0.59 -4.87 2.17 0.77 -0.38 2.02 2.18 2.20 2.10
0.90 0.26 -0.13 10.08 -1.21 -3.48 2.06 0.60 -0.30 2.01 2.17 2.20 2.10
0.90 0.26 -0.15 7.95 1.35 0.90 2.06 0.60 -0.36 1.99 2.18 2.19 2.10
0.85 0.30 -0.15 6.56 3.67 3.73 1.96 0.70 -0.34 2.01 2.18 2.19 2.10
0.85 0.26 -0.13 5.67 9.24 7.26 1.96 0.59 -0.33 1.99 2.19 2.18 2.11
0.92 0.36 -0.20 0.76 12.15 5.98 2.12 0.85 -0.48 2.01 2.18 2.18 2.11
0.92 0.40 -0.28 5.23 8.80 2.66 2.12 0.92 -0.64 2.00 2.18 2.19 2.09
0.93 0.39 -0.27 11.31 3.86 -2.55 2.15 0.91 -0.62 2.01 2.16 2.20 2.10
0.97 0.48 -0.34 18.49 -2.48 -8.08 2.24 1.12 -0.77 2.00 2.16 2.21 2.08
0.94 0.42 -0.35 29.69 -11.24 -14.52 2.16 0.97 -0.80 2.00 2.16 2.21 2.08
0.99 0.45 -0.42 28.90 -22.40 -25.98 2.29 1.09 -0.97 1.99 2.17 2.19 2.10
0.84 0.44 -0.30 34.46 -40.05 -37.28 1.94 1.00 -0.69 1.98 2.17 2.20 2.08
0.78 0.31 -0.26 38.81 -39.53 -36.87 1.84 0.72 -0.58 1.95 2.18 2.18 2.10
0.92 0.37 -0.35 35.14 -42.09 -34.19 2.11 0.84 -0.81 1.94 2.16 2.19 2.07
1.03 0.47 -0.46 43.37 -60.44 -36.94 2.37 1.08 -1.06 1.92 2.15 2.20 2.06
1.16 0.72 -0.66 62.72 -89.93 -54.36 2.69 1.67 -1.54 1.91 2.16 2.18 2.07
1.08 0.74 -0.78 98.18 -117.95 -74.67 2.49 1.71 -1.78 1.87 2.14 2.19 2.06
1.18 0.80 -0.85 141.23 -156.90 -101.29 2.65 1.81 -1.96 1.85 2.13 2.19 2.05
1.00 0.66 -0.79 177.23 -215.33 -129.05 2.29 1.52 -1.82 1.84 2.11 2.16 2.04
0.68 0.44 -0.55 198.98 -285.63 -158.21 1.45 1.01 -1.24 1.80 2.11 2.13 2.04
0.35 0.41 -0.16 210.14 -286.72 -171.88 0.81 0.95 -0.37 1.81 2.09 2.10 2.02
0.02 0.32 0.14 208.29 -286.72 -202.34 0.05 0.74 0.33 1.81 2.04 2.10 1.98
0.17 0.41 0.07 200.36 -262.67 -230.40 0.53 0.89 0.16 1.77 2.02 2.07 1.97
0.52 0.38 -0.05 208.85 -223.68 -247.33 1.19 0.87 -0.11 1.80 1.98 2.01 1.92
0.73 0.25 -0.13 229.07 -246.80 -263.08 1.63 0.54 -0.31 1.79 1.96 1.99 1.91
0.67 0.07 -0.04 264.47 -286.72 -257.59 1.55 0.17 -0.09 1.78 1.93 1.93 1.86
0.37 -0.11 0.17 286.68 -286.72 -238.49 0.78 -0.32 0.39 1.77 1.87 1.91 1.82
0.03 -0.39 0.46 286.68 -286.72 -216.67 -0.04 -0.94 1.18 1.76 1.85 1.86 1.78
-0.24 -0.64 0.66 286.68 -286.72 -199.69 -0.55 -1.47 1.52 1.74 1.80 1.79 1.74
-0.03 -0.85 0.79 286.68 -271.13 -194.46 -0.03 -1.99 1.80 1.74 1.78 1.75 1.68
0.08 -1.00 0.87 282.00 -220.90 -189.26 0.19 -2.30 1.99 1.72 1.75 1.71 1.67
0.15 -1.25 0.88 218.13 -200.87 -182.23 0.40 -2.97 2.04 1.74 1.71 1.71 1.61
0.23 -1.34 1.03 126.48 -197.25 -162.81 0.52 -3.08 2.37 1.72 1.68 1.68 1.61
0.12 -1.36 0.92 50.76 -178.84 -146.44 0.23 -3.14 2.10 1.70 1.65 1.67 1.61
-0.10 -1.28 0.94 4.03 -157.76 -140.87 -0.17 -2.88 2.18 1.68 1.63 1.65 1.57
-0.12 -0.96 1.03 -15.33 -96.48 -148.61 -0.28 -2.21 2.36 1.69 1.60 1.62 1.56
-0.26 -0.86 1.07 -14.51 -18.06 -177.48 -0.63 -2.02 2.51 1.68 1.56 1.60 1.54
-0.30 -0.79 1.09 11.65 81.77 -201.06 -0.69 -1.82 2.51 1.65 1.55 1.59 1.54
-0.34 -0.82 1.03 35.96 159.34 -237.24 -0.84 -1.89 2.30 1.66 1.54 1.58 1.51
-0.02 -1.14 0.91 37.03 212.98 -251.85 -0.04 -2.62 2.09 1.67 1.55 1.56 1.52
0.05 -1.18 0.86 -5.27 203.71 -244.40 0.11 -2.74 1.94 1.66 1.55 1.55 1.53
0.09 -1.17 0.76 -25.74 194.21 -225.77 0.21 -2.62 1.72 1.67 1.54 1.56 1.53
-0.04 -1.13 0.86 -33.02 194.32 -208.24 -0.09 -2.58 1.98 1.66 1.53 1.56 1.52
-0.26 -1.03 0.80 -48.90 207.94 -202.95 -0.55 -2.49 1.77 1.66 1.54 1.55 1.53
-0.18 -1.17 0.70 -58.24 258.10 -197.80 -0.42 -2.68 1.61 1.67 1.53 1.56 1.52
-0.14 -1.26 0.78 -89.42 286.68 -189.22 -0.36 -2.91 1.72 1.67 1.53 1.55 1.52
-0.15 -1.32 0.73 -143.54 286.68 -181.51 -0.35 -3.03 1.67 1.67 1.54 1.55 1.52
-0.12 -1.31 0.68 -193.65 286.68 -163.54 -0.27 -3.01 1.57 1.65 1.53 1.55 1.52
-0.12 -1.28 0.68 -227.74 286.68 -135.98 -0.17 -2.84 1.52 1.66 1.52 1.56 1.51
-0.15 -1.17 0.51 -272.69 286.68 -117.48 -0.34 -2.69 1.17 1.67 1.52 1.56 1.52
-0.12 -1.14 0.54 -286.71 286.68 -68.31 -0.38 -2.61 1.18 1.66 1.53 1.57 1.51
-0.08 -0.98 0.59 -286.72 286.68 -69.74 -0.19 -2.25 1.36 1.66 1.52 1.56 1.51
0.03 -0.97 0.56 -278.42 286.68 -36.94 0.07 -2.09 1.19 1.66 1.53 1.55 1.51
-0.15 -1.27 0.17 -256.14 286.68 99.77 -0.34 -2.91 0.39 1.67 1.54 1.54 1.52
0.42 -0.85 0.37 -253.01 286.68 75.24 0.97 -1.95 0.82 1.67 1.53 1.56 1.52
0.61 -0.74 0.25 -238.46 286.68 66.89 1.16 -1.71 0.50 1.66 1.53 1.56 1.53
0.58 -0.59 0.10 -207.63 286.68 46.37 1.32 -1.35 0.22 1.67 1.54 1.55 1.53
0.68 -0.46 0.06 -133.30 286.68 31.86 1.64 -1.11 0.05 1.66 1.53 1.56 1.53
0.91 -0.52 -0.08 -69.19 265.47 16.73 2.08 -1.20 -0.19 1.67 1.53 1.56 1.52
0.94 -0.49 -0.25 -16.49 194.13 11.10 2.15 -1.13 -0.64 1.66 1.55 1.56 1.52
0.96 -0.49 -0.35 47.21 148.75 2.32 2.16 -1.14 -0.79 1.67 1.53 1.58 1.52
0.95 -0.50 -0.35 91.47 127.15 -4.91 2.18 -1.16 -0.79 1.66 1.55 1.56 1.53
0.97 -0.54 -0.39 101.06 89.92 -12.98 2.20 -1.21 -0.76 1.67 1.54 1.56 1.53
0.89 -0.54 -0.31 113.40 59.68 -15.08 2.05 -1.25 -0.71 1.65 1.54 1.58 1.53
0.79 -0.61 -0.31 106.46 36.99 -10.22 1.86 -1.44 -0.69 1.66 1.53 1.58 1.52
0.89 -0.61 -0.12 99.22 20.65 -7.88 2.04 -1.39 -0.29 1.65 1.55 1.56 1.52
0.86 -0.65 -0.13 66.63 10.33 1.17 1.97 -1.49 -0.29 1.65 1.54 1.56 1.53
0.82 -0.56 -0.06 31.25 1.83 8.61 1.92 -1.29 -0.12 1.66 1.54 1.57 1.53
0.89 -0.52 -0.01 -4.32 14.52 16.62 2.04 -1.20 -0.03 1.65 1.54 1.56 1.52
0.87 -0.44 -0.01 -20.60 17.13 16.97 1.96 -1.02 -0.04 1.66 1.54 1.55 1.52
0.90 -0.43 -0.03 -33.65 11.16 12.36 2.07 -0.98 -0.07 1.65 1.55 1.56 1.52
0.93 -0.43 -0.03 -38.83 -0.47 8.60 2.14 -0.98 -0.07 1.68 1.54 1.55 1.52
0.91 -0.40 -0.01 -39.46 -11.05 4.16 2.08 -0.91 -0.02 1.66 1.54 1.56 1.53
0.88 -0.41 0.04 -27.76 -20.56 -1.92 2.01 -0.95 0.08 1.65 1.55 1.56 1.53
0.88 -0.43 0.09 -21.02 -30.63 -5.22 2.03 -1.00 0.22 1.66 1.53 1.56 1.53
0.86 -0.48 0.14 -15.73 -34.10 -6.47 1.97 -1.10 0.33 1.65 1.54 1.55 1.53
0.84 -0.52 0.21 -11.78 -38.17 -4.34 1.93 -1.22 0.47 1.67 1.53 1.57 1.53
0.78 -0.50 0.22 -7.86 -35.76 -3.74 1.80 -1.16 0.50 1.65 1.54 1.56 1.53
0.80 -0.52 0.22 2.23 -31.46 -5.72 1.83 -1.20 0.51 1.65 1.54 1.57 1.53
0.85 -0.57 0.22 10.04 -30.42 -2.90 1.96 -1.33 0.49 1.67 1.55 1.56 1.53
0.82 -0.61 0.24 11.45 -37.31 1.82 1.89 -1.39 0.55 1.66 1.54 1.56 1.54
0.82 -0.59 0.23 13.14 -38.22 3.04 1.88 -1.35 0.52 1.67 1.54 1.56 1.53
0.77 -0.58 0.24 9.91 -39.24 5.14 1.75 -1.34 0.55 1.66 1.54 1.58 1.53
0.80 -0.55 0.25 8.76 -36.56 3.57 1.83 -1.26 0.56 1.65 1.54 1.55 1.53
0.85 -0.55 0.23 7.97 -38.02 4.68 1.96 -1.26 0.54 1.67 1.54 1.56 1.53
0.88 -0.58 0.24 6.48 -42.19 9.12 2.03 -1.34 0.56 1.66 1.54 1.56 1.54
0.89 -0.57 0.20 3.70 -47.45 14.18 2.05 -1.30 0.47 1.67 1.53 1.58 1.53
0.91 -0.53 0.12 5.29 -52.43 21.54 2.07 -1.22 0.34 1.65 1.55 1.55 1.53
0.85 -0.54 0.22 10.26 -62.00 21.95 1.96 -1.23 0.51 1.66 1.55 1.56 1.54
0.83 -0.53 0.26 13.47 -70.95 13.47 1.89 -1.23 0.59 1.67 1.54 1.56 1.53
0.90 -0.54 0.24 16.68 -75.81 9.02 2.07 -1.23 0.56 1.66 1.55 1.56 1.53
0.90 -0.57 0.26 22.49 -85.53 17.35 2.07 -1.30 0.60 1.66 1.55 1.55 1.54
0.95 -0.60 0.29 26.43 -95.89 31.49 2.16 -1.37 0.64 1.67 1.54 1.58 1.54
1.01 -0.59 0.30 28.85 -104.55 48.48 2.31 -1.35 0.68 1.68 1.54 1.57 1.53
0.84 -0.61 0.20 23.64 -110.05 67.67 1.94 -1.40 0.50 1.69 1.54 1.57 1.53
0.83 -0.59 0.24 32.53 -103.10 78.63 1.91 -1.37 0.55 1.67 1.54 1.56 1.53
0.65 -0.54 0.42 63.38 -156.50 69.64 1.49 -1.23 0.92 1.67 1.55 1.57 1.53
0.62 -0.63 0.44 74.44 -146.07 50.15 1.48 -1.37 0.98 1.66 1.55 1.56 1.54
0.95 -0.57 0.47 59.04 -138.98 59.20 2.17 -1.32 1.07 1.66 1.54 1.58 1.53
1.08 -0.66 0.37 65.10 -142.72 100.28 2.60 -1.62 0.80 1.66 1.55 1.58 1.54
1.34 -0.73 0.33 64.08 -153.56 161.81 3.08 -1.67 0.76 1.66 1.55 1.59 1.53
1.25 -0.66 0.25 53.88 -195.64 211.85 2.81 -1.56 0.51 1.67 1.56 1.59 1.54
0.62 -0.73 0.19 34.10 -256.79 247.89 1.44 -1.65 0.45 1.67 1.56 1.60 1.54
0.34 -0.39 0.23 69.52 -251.40 226.42 0.77 -0.89 0.53 1.68 1.56 1.61 1.55
0.07 -0.37 0.19 115.25 -240.60 168.64 0.22 -0.72 0.45 1.66 1.56 1.61 1.53
0.34 -0.16 0.78 195.99 -169.89 146.19 0.77 -0.37 1.80 1.66 1.56 1.61 1.53
0.70 -0.27 0.83 226.41 -126.85 142.64 1.72 -0.77 1.89 1.68 1.55 1.62 1.54
0.98 -0.42 0.94 199.01 -111.08 175.73 2.25 -0.97 2.16 1.67 1.56 1.66 1.55
0.84 -0.69 0.95 159.24 -85.60 223.05 2.04 -1.58 2.27 1.68 1.57 1.68 1.56
0.71 -0.81 0.88 128.23 -123.80 229.34 1.60 -2.11 1.94 1.66 1.61 1.71 1.56
0.20 -0.54 0.83 65.48 -126.06 238.77 0.46 -1.24 1.90 1.67 1.67 1.70 1.61
0.08 -0.39 0.83 48.22 -121.90 178.21 0.07 -0.91 1.96 1.68 1.68 1.72 1.65
0.17 -0.40 1.13 44.56 -91.67 119.61 0.38 -0.91 2.60 1.69 1.71 1.73 1.69
0.30 -0.31 1.28 17.26 -39.61 87.00 0.83 -0.67 2.94 1.67 1.72 1.76 1.69
0.64 -0.32 1.31 -8.95 9.54 83.66 1.48 -0.72 3.02 1.68 1.76 1.78 1.72
0.73 -0.34 1.03 -28.91 29.78 108.35 1.68 -0.77 2.36 1.68 1.81 1.84 1.75
0.73 -0.42 1.02 -52.67 49.38 125.66 1.61 -0.81 2.34 1.68 1.86 1.90 1.79
0.56 -0.23 0.97 -27.05 41.40 140.47 1.29 -0.53 2.22 1.69 1.88 1.92 1.81
0.30 0.01 0.74 -24.79 38.59 137.31 0.77 -0.03 1.73 1.69 1.89 1.91 1.84
0.41 -0.03 0.86 -33.93 57.44 107.56 0.95 -0.07 1.97 1.69 1.92 1.93 1.87
0.48 -0.05 0.98 -56.03 80.82 86.48 1.11 -0.12 2.25 1.70 1.95 1.97 1.91
0.45 -0.22 1.07 -74.03 116.30 81.57 0.99 -0.50 2.44 1.70 1.97 2.04 1.93
0.60 -0.21 0.95 -107.31 153.62 92.82 1.37 -0.48 2.17 1.70 2.01 2.04 1.95
0.72 -0.08 0.82 -127.78 169.77 114.05 1.60 -0.26 1.79 1.69 2.04 2.09 2.00
0.81 0.02 0.63 -147.62 164.72 128.35 1.85 0.06 1.44 1.70 2.08 2.11 2.01
0.67 0.17 0.59 -152.85 152.40 129.11 1.53 0.57 1.35 1.72 2.11 2.13 2.02
0.53 0.25 0.50 -135.93 143.52 105.81 1.28 0.63 1.11 1.72 2.11 2.12 2.04
0.59 0.38 0.42 -140.59 170.03 76.68 1.36 0.86 0.97 1.72 2.12 2.17 2.06
0.62 0.51 0.42 -122.30 189.99 72.01 1.42 1.13 0.95 1.72 2.15 2.19 2.08
0.71 0.50 0.44 -73.15 207.59 64.38 1.64 1.15 1.02 1.73 2.17 2.20 2.09
0.84 0.42 0.30 -41.69 210.06 65.72 2.08 0.94 0.61 1.72 2.19 2.19 2.11
0.93 0.33 0.21 -15.15 178.82 64.19 2.24 0.75 0.49 1.74 2.19 2.21 2.12
0.79 0.28 0.22 -16.07 148.02 57.00 1.81 0.64 0.52 1.76 2.18 2.23 2.12
0.75 0.29 0.23 -12.76 142.94 47.15 1.73 0.68 0.49 1.76 2.20 2.21 2.12
0.56 0.22 0.34 -20.05 157.05 38.29 1.30 0.52 0.79 1.76 2.19 2.21 2.14
0.69 0.37 0.25 -15.23 171.80 37.24 1.57 0.91 0.54 1.77 2.21 2.21 2.14
0.78 0.38 0.12 0.66 184.41 27.53 1.78 0.86 0.27 1.79 2.22 2.22 2.14
0.98 0.37 0.03 17.53 182.14 31.14 2.24 0.85 -0.11 1.80 2.24 2.22 2.14
1.06 0.40 -0.18 34.62 150.13 34.46 2.40 0.93 -0.44 1.81 2.24 2.24 2.13
1.05 0.37 -0.21 51.00 107.97 31.89 2.40 0.86 -0.48 1.82 2.24 2.22 2.13
0.77 0.18 -0.10 38.75 80.03 29.14 1.81 0.55 -0.23 1.85 2.23 2.24 2.14
0.74 0.24 0.06 22.68 96.44 30.15 1.71 0.56 0.13 1.87 2.22 2.22 2.13
0.75 0.26 0.04 3.82 109.36 24.37 1.76 0.60 0.10 1.87 2.23 2.21 2.15
0.92 0.39 -0.14 -15.77 113.79 15.44 2.14 0.92 -0.33 1.92 2.22 2.23 2.13
1.00 0.53 -0.31 -5.42 94.10 8.87 2.29 1.21 -0.70 1.94 2.21 2.24 2.12
1.13 0.54 -0.47 10.73 67.04 4.63 2.69 1.30 -1.14 1.95 2.23 2.24 2.15
1.06 0.37 -0.32 22.06 35.03 12.42 2.43 0.84 -0.74 1.94 2.23 2.21 2.14
0.69 0.15 -0.09 8.57 21.03 13.82 1.49 0.31 -0.21 1.95 2.21 2.24 2.14
0.73 0.28 -0.06 -24.06 42.56 15.68 1.73 0.70 -0.16 1.97 2.20 2.23 2.13
0.88 0.49 -0.30 -28.59 49.86 9.84 2.03 1.13 -0.68 1.98 2.20 2.23 2.12
0.96 0.46 -0.33 -26.14 50.28 0.29 2.19 1.05 -0.74 1.99 2.21 2.23 2.12
0.94 0.50 -0.30 -22.23 44.29 -9.01 2.16 1.15 -0.69 1.99 2.20 2.21 2.13
0.95 0.49 -0.35 -12.02 38.19 -6.67 2.18 1.12 -0.78 2.01 2.20 2.23 2.12
0.90 0.36 -0.30 1.46 27.22 5.05 2.05 0.76 -0.69 2.01 2.20 2.21 2.12
0.73 0.23 -0.15 -8.55 22.91 11.72 1.68 0.52 -0.35 1.99 2.21 2.20 2.12
0.72 0.34 -0.18 -25.32 37.06 15.85 1.67 0.78 -0.48 2.01 2.19 2.21 2.11
1.04 0.56 -0.42 -25.54 41.08 16.57 2.39 1.30 -0.97 2.01 2.20 2.21 2.11
1.02 0.59 -0.44 -10.55 19.11 7.48 2.32 1.34 -0.98 2.00 2.21 2.20 2.12
0.92 0.45 -0.33 -0.08 1.98 -2.71 2.09 1.04 -0.76 2.03 2.19 2.20 2.11
0.83 0.37 -0.25 -0.96 -5.01 -7.49 1.90 0.85 -0.58 2.02 2.20 2.22 2.12
0.79 0.32 -0.22 -2.77 -5.33 -5.39 1.81 0.71 -0.50 2.03 2.17 2.21 2.12
0.81 0.30 -0.21 -10.31 0.70 0.98 1.85 0.69 -0.49 2.02 2.20 2.21 2.11
0.83 0.34 -0.22 -18.17 3.27 2.20 1.89 0.82 -0.49 2.02 2.18 2.20 2.12
0.91 0.43 -0.23 -19.74 2.48 -2.30 2.08 1.02 -0.55 2.01 2.19 2.21 2.10
0.94 0.44 -0.24 -11.80 -3.17 -9.32 2.17 1.01 -0.54 2.03 2.18 2.19 2.12
0.94 0.42 -0.20 -5.18 -8.58 -12.90 2.15 0.95 -0.44 2.01 2.18 2.20 2.10
0.90 0.32 -0.15 3.46 -11.45 -10.54 2.06 0.74 -0.34 2.01 2.19 2.19 2.11
0.84 0.19 -0.09 -0.88 -7.88 -5.27 1.92 0.43 -0.21 2.03 2.17 2.22 2.10
0.88 0.29 -0.13 -14.24 -0.38 -1.21 2.02 0.71 -0.32 2.03 2.19 2.19 2.10
0.90 0.38 -0.17 -12.26 3.20 1.39 2.06 0.87 -0.40 2.02 2.18 2.19 2.11
0.95 0.39 -0.22 -9.69 0.67 -0.83 2.19 0.93 -0.51 2.03 2.19 2.19 2.09
0.94 0.43 -0.23 -5.29 -4.35 -7.75 2.17 0.99 -0.51 2.03 2.18 2.20 2.10
0.95 0.35 -0.21 0.56 -9.62 -11.52 2.18 0.79 -0.47 2.01 2.18 2.18 2.10
0.91 0.25 -0.17 0.16 -14.30 -7.46 2.07 0.57 -0.37 2.01 2.17 2.20 2.10
0.81 0.23 -0.10 -5.40 -10.47 -0.80 1.87 0.54 -0.22 2.01 2.17 2.21 2.11
0.88 0.32 -0.13 -10.38 -2.32 4.30 1.98 0.74 -0.30 2.01 2.19 2.18 2.10
0.90 0.37 -0.13 -11.94 1.69 3.12 2.09 0.84 -0.31 2.03 2.18 2.21 2.09
0.98 0.42 -0.20 -6.44 1.20 -0.57 2.26 0.97 -0.46 2.04 2.17 2.20 2.09
0.96 0.38 -0.19 0.97 -5.85 -6.32 2.20 0.85 -0.43 2.03 2.18 2.19 2.09
0.90 0.26 -0.15 1.25 -10.05 -7.11 2.08 0.60 -0.35 2.04 2.17 2.20 2.09
0.85 0.27 -0.13 -4.93 -10.83 -2.84 1.94 0.63 -0.31 2.02 2.18 2.19 2.10
0.85 0.29 -0.16 -6.99 -6.41 2.96 1.96 0.67 -0.38 2.02 2.17 2.19 2.11
0.89 0.35 -0.20 -10.88 -6.41 2.39 2.05 0.81 -0.45 2.04 2.16 2.21 2.08
0.91 0.41 -0.21 -8.86 -7.91 0.96 2.10 0.95 -0.48 2.03 2.18 2.19 2.09
0.90 0.40 -0.19 -0.36 -8.84 -0.45 2.08 0.91 -0.44 2.02 2.16 2.18 2.10
0.90 0.33 -0.16 4.91 -11.26 -1.45 2.06 0.75 -0.36 2.04 2.16 2.19 2.08
0.91 0.32 -0.17 4.61 -13.64 -0.56 2.11 0.73 -0.40 2.01 2.18 2.18 2.09
0.92 0.33 -0.16 2.49 -16.09 1.32 2.11 0.75 -0.38 2.03 2.16 2.18 2.10
0.90 0.35 -0.13 0.74 -16.34 1.23 2.07 0.81 -0.30 2.03 2.16 2.19 2.10
0.87 0.36 -0.08 -0.17 -12.58 -1.48 1.98 0.84 -0.18 2.03 2.18 2.17 2.11
0.88 0.36 -0.05 -0.97 -5.82 -3.34 2.03 0.84 -0.11 2.03 2.18 2.17 2.08
0.98 0.35 -0.09 -1.23 -1.29 -4.09 2.28 0.81 -0.23 2.02 2.17 2.19 2.10
1.01 0.35 -0.11 -0.42 -5.52 -5.08 2.31 0.80 -0.26 2.02 2.17 2.18 2.10
0.96 0.30 -0.08 0.46 -7.24 -2.29 2.21 0.69 -0.18 2.04 2.16 2.16 2.09
0.92 0.31 -0.07 -2.48 -5.28 -1.75 2.10 0.73 -0.15 2.04 2.18 2.19 2.09
0.89 0.29 -0.06 -3.12 1.09 -1.06 2.06 0.66 -0.14 2.03 2.17 2.18 2.09
0.92 0.32 -0.11 -6.20 4.93 -0.92 2.10 0.73 -0.24 2.04 2.18 2.19 2.08
0.92 0.33 -0.12 -5.29 6.42 -0.19 2.10 0.75 -0.26 2.03 2.16 2.17 2.09
0.95 0.35 -0.15 -4.46 6.21 -1.73 2.18 0.81 -0.33 2.03 2.16 2.19 2.09
0.96 0.37 -0.16 -2.62 3.10 -4.18 2.21 0.85 -0.36 2.03 2.17 2.19 2.09
0.88 0.33 -0.14 -0.73 0.89 -4.85 2.10 0.78 -0.28 2.04 2.17 2.19 2.08
0.92 0.32 -0.14 -0.92 1.15 -2.81 2.10 0.73 -0.32 2.02 2.16 2.19 2.10
0.92 0.33 -0.15 -3.12 1.16 -1.05 2.11 0.75 -0.36 2.01 2.16 2.20 2.08
0.89 0.30 -0.13 -3.71 1.12 0.38 2.05 0.68 -0.29 2.04 2.17 2.17 2.08
0.88 0.31 -0.12 -6.49 2.77 2.38 2.02 0.70 -0.27 2.04 2.16 2.18 2.09
0.92 0.32 -0.15 -5.80 3.65 4.90 2.13 0.73 -0.35 2.03 2.17 2.19 2.09
0.92 0.35 -0.14 -5.75 1.42 3.82 2.12 0.80 -0.33 2.03 2.18 2.19 2.09
0.91 0.37 -0.14 -2.95 2.00 3.06 2.08 0.85 -0.32 2.04 2.15 2.17 2.08
0.92 0.37 -0.15 -0.45 2.21 0.24 2.11 0.84 -0.34 2.03 2.15 2.17 2.09
0.89 0.32 -0.13 -0.73 2.72 0.40 2.05 0.74 -0.30 2.02 2.17 2.18 2.08
0.91 0.32 -0.16 -2.31 4.36 1.79 2.09 0.74 -0.38 2.03 2.17 2.18 2.09
0.91 0.32 -0.17 -4.92 3.18 -0.35 2.08 0.74 -0.38 2.02 2.17 2.17 2.09
0.91 0.32 -0.15 -6.44 3.54 0.80 2.08 0.73 -0.34 2.03 2.17 2.18 2.09
0.95 0.36 -0.19 -3.96 3.33 2.29 2.19 0.84 -0.44 2.01 2.18 2.16 2.09
0.90 0.35 -0.16 1.23 -0.81 0.80 2.05 0.77 -0.34 2.01 2.15 2.18 2.08
0.86 0.29 -0.12 1.01 2.79 2.50 1.98 0.65 -0.28 2.02 2.15 2.18 2.07
0.92 0.36 -0.19 -1.26 5.43 2.36 2.10 0.85 -0.42 2.03 2.16 2.19 2.08
0.88 0.33 -0.15 2.48 5.12 1.70 2.03 0.77 -0.35 2.01 2.17 2.17 2.08
0.90 0.34 -0.19 1.68 7.06 3.40 2.08 0.77 -0.44 2.01 2.15 2.17 2.07
0.96 0.41 -0.26 2.05 3.88 4.04 2.20 0.94 -0.58 2.01 2.16 2.18 2.09
0.96 0.31 -0.26 6.72 -3.63 6.20 2.21 0.71 -0.59 2.00 2.14 2.16 2.07
1.02 0.41 -0.36 4.35 -11.88 9.16 2.36 0.98 -0.85 2.01 2.15 2.16 2.08
1.15 0.55 -0.55 22.11 -30.48 11.26 2.67 1.28 -1.25 1.98 2.16 2.17 2.08
1.19 0.56 -0.63 41.54 -60.01 8.34 2.74 1.28 -1.44 1.97 2.17 2.17 2.08
1.15 0.79 -0.71 59.53 -101.68 -6.68 2.60 1.86 -1.65 1.97 2.15 2.18 2.08
1.06 0.91 -0.72 106.47 -131.75 -25.75 2.44 2.09 -1.66 1.96 2.16 2.17 2.06
0.95 0.85 -0.72 153.53 -164.35 -46.66 2.13 1.92 -1.65 1.94 2.17 2.16 2.08
0.82 0.72 -0.70 190.39 -198.63 -70.01 1.88 1.66 -1.60 1.93 2.14 2.15 2.06
0.67 0.59 -0.55 209.63 -224.15 -93.69 1.54 1.36 -1.26 1.91 2.15 2.17 2.05
0.58 0.69 -0.48 228.62 -264.53 -135.84 1.40 1.68 -1.14 1.88 2.13 2.14 2.05
0.39 0.67 -0.47 266.00 -286.72 -149.14 0.89 1.55 -1.07 1.84 2.11 2.15 2.03
0.32 0.69 -0.40 285.54 -286.72 -158.05 0.68 1.54 -0.90 1.83 2.09 2.11 2.02
0.21 0.66 -0.23 286.68 -279.82 -172.15 0.48 1.52 -0.52 1.80 2.05 2.09 1.99
0.17 0.60 -0.11 286.68 -252.61 -202.56 0.50 1.47 -0.33 1.80 2.03 2.08 1.96
0.23 0.69 -0.08 286.68 -245.82 -237.32 0.42 1.49 -0.23 1.79 2.00 2.05 1.95
-0.00 0.20 0.06 286.68 -233.87 -264.62 -0.00 0.46 0.14 1.78 1.95 2.01 1.89
0.08 -0.05 0.22 286.68 -249.10 -286.71 0.19 -0.27 0.58 1.76 1.91 1.94 1.86
0.12 -0.43 0.54 286.68 -252.05 -272.62 0.28 -0.99 1.24 1.73 1.86 1.91 1.81
0.05 -0.62 0.80 286.68 -234.46 -251.57 0.04 -1.45 1.86 1.73 1.81 1.85 1.76
-0.20 -0.62 0.97 286.41 -176.73 -257.24 -0.46 -1.43 2.23 1.71 1.79 1.78 1.72
-0.24 -0.95 0.98 256.80 -119.30 -273.06 -0.56 -2.32 2.22 1.69 1.73 1.74 1.66
-0.15 -1.15 0.92 172.21 -84.69 -280.87 -0.37 -2.66 2.11 1.69 1.71 1.69 1.64
-0.14 -1.55 0.98 82.74 -92.62 -282.93 -0.33 -3.55 2.25 1.68 1.67 1.67 1.62
0.00 -1.59 1.00 -13.62 -119.39 -279.62 -0.09 -3.60 2.35 1.68 1.64 1.66 1.60
-0.14 -1.34 1.15 -96.45 -101.11 -286.72 -0.33 -3.07 2.65 1.67 1.62 1.65 1.56
-0.34 -1.38 1.54 -110.36 7.17 -286.72 -0.85 -3.14 3.37 1.66 1.58 1.62 1.54
-0.42 -1.31 1.26 -142.98 123.95 -286.72 -0.96 -3.01 2.89 1.64 1.56 1.59 1.54
-0.38 -1.20 1.34 -176.74 192.09 -286.72 -0.87 -2.75 3.07 1.65 1.54 1.58 1.52
-0.36 -0.95 1.02 -191.03 267.85 -286.72 -0.91 -2.19 2.29 1.66 1.53 1.58 1.51
-0.34 -0.90 0.91 -154.61 286.68 -286.72 -0.78 -2.07 2.08 1.65 1.54 1.56 1.50
-0.05 -0.91 1.11 -120.01 286.68 -286.72 -0.26 -2.25 2.55 1.64 1.52 1.55 1.52
-0.09 -0.86 1.09 -100.99 286.68 -268.75 -0.20 -1.98 2.49 1.64 1.52 1.56 1.52
-0.15 -1.05 0.96 -85.03 286.68 -249.45 -0.34 -2.52 2.20 1.66 1.52 1.57 1.51
-0.17 -1.01 0.91 -81.27 277.19 -237.57 -0.39 -2.33 2.08 1.64 1.52 1.56 1.51
-0.24 -1.03 0.71 -93.21 286.66 -218.18 -0.56 -2.37 1.62 1.64 1.52 1.55 1.51
-0.20 -1.24 0.73 -97.51 286.68 -177.47 -0.19 -2.84 1.70 1.64 1.52 1.57 1.52
-0.01 -1.31 0.77 -116.97 286.68 -128.52 -0.01 -3.00 1.77 1.64 1.53 1.56 1.51
0.02 -1.33 0.64 -125.68 286.68 -106.62 0.10 -3.06 1.40 1.65 1.53 1.55 1.52
0.06 -1.29 0.72 -154.45 286.68 -70.80 0.14 -2.95 1.66 1.66 1.52 1.55 1.52
-0.32 -1.61 0.19 -179.84 286.68 41.06 -0.30 -3.64 1.07 1.65 1.53 1.56 1.53
0.41 -1.14 0.60 -204.57 286.68 36.45 0.76 -2.48 1.15 1.64 1.53 1.55 1.51
0.21 -1.00 0.29 -173.49 286.68 24.47 0.49 -2.30 0.67 1.65 1.54 1.57 1.52
0.48 -0.85 0.22 -119.82 286.68 33.36 1.20 -1.94 0.50 1.65 1.54 1.55 1.52
0.66 -0.70 0.04 -61.01 286.68 46.64 1.52 -1.60 0.09 1.65 1.54 1.55 1.53
0.81 -0.65 -0.10 -26.37 236.45 27.09 1.96 -1.53 -0.24 1.63 1.53 1.55 1.53
0.87 -0.53 -0.21 2.21 168.55 3.60 2.01 -1.22 -0.48 1.65 1.53 1.57 1.52
0.88 -0.61 -0.18 40.22 104.69 1.78 2.02 -1.39 -0.41 1.64 1.54 1.56 1.52
0.81 -0.63 -0.18 53.96 62.59 -7.48 1.81 -1.50 -0.39 1.65 1.53 1.56 1.53
0.74 -0.60 -0.15 57.14 41.84 -16.05 1.70 -1.37 -0.35 1.63 1.54 1.55 1.54
0.77 -0.59 -0.04 58.83 31.56 -21.36 1.82 -1.28 -0.05 1.65 1.54 1.56 1.52
0.74 -0.66 -0.08 47.46 15.25 -19.49 1.72 -1.55 -0.15 1.66 1.55 1.58 1.54
0.77 -0.69 -0.00 38.77 3.82 -18.66 1.76 -1.58 -0.00 1.64 1.54 1.56 1.52
0.78 -0.73 0.01 30.24 -6.66 -18.33 1.80 -1.71 0.02 1.66 1.53 1.56 1.54
0.79 -0.76 0.09 10.69 -12.03 -7.03 1.82 -1.74 0.20 1.66 1.53 1.56 1.53
0.71 -0.68 0.17 -7.99 -15.94 2.57 1.62 -1.57 0.42 1.63 1.53 1.57 1.52
0.72 -0.66 0.24 -14.94 -13.24 4.66 1.64 -1.48 0.56 1.66 1.53 1.58 1.53
0.75 -0.60 0.21 -25.66 -9.99 6.69 1.72 -1.39 0.49 1.66 1.53 1.58 1.52
0.82 -0.60 0.21 -23.25 -12.08 9.10 1.88 -1.39 0.51 1.64 1.54 1.57 1.53
0.78 -0.58 0.27 -21.87 -27.46 9.30 1.80 -1.34 0.63 1.65 1.55 1.57 1.53
0.74 -0.53 0.30 -14.00 -38.58 3.94 1.70 -1.23 0.69 1.66 1.53 1.58 1.53
0.74 -0.58 0.33 3.35 -46.16 -1.76 1.69 -1.34 0.75 1.67 1.54 1.57 1.52
0.75 -0.65 0.36 18.25 -53.07 -4.98 1.73 -1.50 0.84 1.65 1.54 1.58 1.53
0.76 -0.67 0.36 25.13 -59.80 -1.47 1.74 -1.57 0.84 1.65 1.55 1.57 1.53
0.68 -0.65 0.38 19.49 -55.99 6.03 1.57 -1.50 0.88 1.65 1.53 1.57 1.54
0.64 -0.61 0.42 13.17 -48.73 5.95 1.48 -1.40 0.97 1.67 1.53 1.58 1.53
0.70 -0.64 0.38 10.82 -38.17 3.83 1.65 -1.48 0.88 1.65 1.55 1.57 1.53
0.81 -0.66 0.29 12.97 -44.20 9.82 1.87 -1.53 0.67 1.65 1.55 1.58 1.53
0.81 -0.68 0.28 18.44 -59.79 17.87 1.86 -1.58 0.65 1.66 1.54 1.58 1.53
0.84 -0.69 0.26 25.31 -83.20 19.77 1.92 -1.57 0.60 1.65 1.53 1.57 1.53
0.79 -0.67 0.27 29.83 -112.82 23.76 1.81 -1.53 0.63 1.65 1.54 1.56 1.53
0.69 -0.65 0.29 43.52 -140.78 22.34 1.55 -1.46 0.71 1.66 1.54 1.58 1.53
0.70 -0.67 0.35 60.31 -151.50 17.22 1.61 -1.54 0.80 1.65 1.55 1.58 1.54
0.63 -0.67 0.36 68.14 -163.73 27.36 1.49 -1.59 0.86 1.66 1.54 1.56 1.54
0.73 -0.82 0.40 77.30 -162.48 36.78 1.67 -1.88 0.91 1.66 1.53 1.58 1.54
0.77 -0.89 0.41 65.28 -175.66 61.28 1.73 -2.04 0.89 1.66 1.55 1.58 1.54
0.64 -0.98 0.49 34.54 -190.13 89.99 1.53 -2.30 1.10 1.66 1.55 1.58 1.55
0.69 -0.91 0.54 15.09 -211.36 102.78 1.59 -2.09 1.24 1.65 1.55 1.58 1.55
0.55 -0.79 0.48 -0.92 -217.79 120.62 1.34 -1.64 1.14 1.65 1.54 1.60 1.54
0.47 -0.76 0.52 35.20 -219.21 123.81 1.08 -1.75 1.20 1.65 1.55 1.61 1.54
0.43 -0.75 0.50 71.53 -205.83 140.26 0.99 -1.76 1.16 1.66 1.56 1.61 1.54
0.48 -0.89 0.50 84.74 -190.01 172.11 1.08 -2.03 1.15 1.66 1.55 1.62 1.55
0.52 -0.90 0.66 86.48 -192.96 195.64 1.20 -2.06 1.52 1.67 1.56 1.64 1.56
0.46 -0.96 0.69 72.62 -188.58 218.92 1.06 -2.19 1.61 1.66 1.56 1.67 1.54
0.37 -1.00 0.78 48.64 -195.54 224.17 0.85 -2.30 1.79 1.67 1.57 1.68 1.54
0.42 -0.93 0.81 15.71 -190.87 219.41 0.97 -2.09 1.88 1.68 1.56 1.71 1.54
0.40 -0.75 0.80 -11.86 -163.72 223.48 0.92 -1.73 1.83 1.66 1.59 1.71 1.56
0.31 -0.41 0.90 -25.00 -127.49 238.52 0.75 -0.88 2.15 1.65 1.58 1.71 1.56
0.02 -0.35 0.90 0.32 -93.51 209.19 -0.24 -0.79 2.06 1.67 1.59 1.73 1.56
-0.10 -0.42 1.03 13.15 -3.58 180.31 -0.24 -0.96 2.36 1.66 1.61 1.74 1.60
-0.01 -0.61 1.19 1.41 27.47 144.86 -0.10 -1.58 2.77 1.65 1.62 1.78 1.63
0.21 -0.71 1.42 -47.04 82.48 118.78 0.49 -1.64 3.25 1.68 1.67 1.83 1.68
0.27 -0.84 1.29 -141.85 112.11 113.67 0.63 -1.94 2.94 1.68 1.71 1.89 1.70
0.58 -0.64 0.92 -268.38 130.21 124.33 1.33 -1.47 2.10 1.68 1.75 1.94 1.74
0.58 -0.27 0.73 -286.72 176.83 147.51 1.33 -0.63 1.69 1.68 1.80 1.98 1.76
0.47 0.06 0.72 -286.72 228.50 136.72 1.58 0.16 1.88 1.67 1.86 1.99 1.80
0.36 0.47 0.50 -286.72 260.84 111.61 0.82 1.07 1.15 1.67 1.90 2.05 1.82
0.52 0.62 0.59 -281.69 240.58 83.12 1.27 1.35 1.24 1.68 1.96 2.07 1.86
0.79 0.69 0.44 -234.96 211.51 53.64 1.80 1.58 1.02 1.67 1.99 2.12 1.88
0.82 0.64 0.46 -185.80 173.80 51.17 1.96 1.49 1.06 1.67 2.03 2.13 1.94
0.97 0.63 0.57 -98.80 116.53 41.44 2.35 1.33 1.30 1.67 2.06 2.14 1.95
0.78 0.49 0.48 -41.19 99.40 41.95 1.79 1.12 1.11 1.66 2.10 2.14 1.99
0.83 0.34 0.54 -15.99 85.69 33.22 1.87 0.77 1.23 1.67 2.09 2.17 2.00
0.76 0.35 0.59 -31.18 69.96 24.82 1.76 0.80 1.36 1.67 2.12 2.18 2.02
0.78 0.41 0.55 -25.99 85.33 11.75 1.94 0.98 1.32 1.68 2.11 2.21 2.03
0.76 0.44 0.73 -38.41 106.47 2.55 1.73 1.00 1.68 1.67 2.14 2.21 2.05
0.65 0.38 0.69 -20.98 127.19 -7.08 1.50 0.86 1.57 1.67 2.16 2.21 2.08
0.74 0.25 0.63 4.05 146.40 -8.03 1.66 0.49 1.43 1.67 2.17 2.22 2.08
0.82 0.09 0.48 17.16 162.67 4.71 1.89 0.21 1.10 1.67 2.18 2.21 2.10
0.96 0.20 0.32 10.08 162.15 11.02 2.12 0.40 0.66 1.69 2.17 2.24 2.11
0.98 0.31 0.19 7.63 137.58 5.54 2.29 0.70 0.45 1.69 2.18 2.23 2.11
1.06 0.35 0.18 24.05 122.08 4.03 2.43 0.81 0.42 1.71 2.19 2.24 2.11
0.78 0.32 0.28 56.69 102.36 -4.30 1.76 0.58 0.61 1.73 2.19 2.25 2.11
0.81 0.24 0.28 59.45 105.62 -17.32 1.85 0.54 0.63 1.75 2.19 2.25 2.14
0.82 0.11 0.29 59.47 122.85 -11.48 1.95 0.31 0.59 1.73 2.23 2.26 2.12
0.93 0.06 0.15 55.43 127.12 3.03 2.14 0.13 0.34 1.76 2.21 2.27 2.13
0.92 0.15 0.14 48.88 122.11 16.91 2.10 0.35 0.32 1.78 2.21 2.27 2.13
0.94 0.21 0.04 49.33 116.97 24.39 2.20 0.50 0.12 1.79 2.21 2.27 2.13
1.00 0.32 0.00 49.03 102.80 20.56 2.30 0.73 0.00 1.81 2.21 2.28 2.13
0.95 0.32 -0.09 65.54 75.51 14.53 2.17 0.66 -0.32 1.82 2.20 2.27 2.15
1.04 0.29 -0.12 84.57 47.40 6.57 2.39 0.66 -0.28 1.83 2.21 2.26 2.14
0.94 0.16 -0.09 99.75 26.89 5.46 2.21 0.39 -0.16 1.86 2.22 2.26 2.14
0.88 0.04 -0.11 90.13 28.57 10.81 2.01 0.13 -0.22 1.88 2.21 2.26 2.15
0.88 0.03 -0.01 69.27 38.09 25.93 2.02 0.08 -0.02 1.88 2.21 2.26 2.14
0.86 0.14 0.06 53.83 46.75 31.78 1.95 0.50 0.08 1.90 2.22 2.24 2.12
0.90 0.21 -0.08 51.54 55.40 25.22 2.06 0.47 -0.18 1.93 2.20 2.25 2.15
0.99 0.20 -0.16 51.65 55.32 19.48 2.39 0.43 -0.41 1.96 2.20 2.26 2.14
1.00 0.19 -0.25 42.31 38.01 13.96 2.29 0.45 -0.57 1.97 2.24 2.25 2.15
0.95 0.16 -0.12 35.30 27.61 7.61 2.19 0.38 -0.27 2.00 2.21 2.25 2.13
0.82 0.15 -0.07 29.04 36.94 8.99 1.96 0.48 -0.19 2.01 2.23 2.25 2.15
0.86 0.13 -0.09 25.99 48.97 12.00 1.97 0.29 -0.20 2.03 2.21 2.26 2.13
0.91 0.14 -0.14 20.55 52.91 14.02 2.09 0.38 -0.32 2.04 2.21 2.28 2.12
0.93 0.18 -0.18 13.32 50.68 11.54 2.13 0.42 -0.42 2.05 2.22 2.26 2.14
0.96 0.21 -0.19 12.98 42.83 9.90 2.20 0.48 -0.45 2.06 2.23 2.28 2.12
0.92 0.22 -0.18 10.32 34.68 6.07 2.11 0.52 -0.40 2.07 2.21 2.26 2.12
0.93 0.24 -0.20 13.23 29.04 6.50 2.13 0.56 -0.46 2.07 2.23 2.25 2.14
0.95 0.22 -0.23 16.27 21.84 8.36 2.16 0.54 -0.54 2.07 2.21 2.26 2.13
0.90 0.29 -0.22 15.50 12.82 7.89 2.08 0.66 -0.50 2.08 2.21 2.27 2.11
0.80 0.24 -0.13 15.52 12.18 5.60 1.84 0.56 -0.30 2.07 2.23 2.25 2.13
0.82 0.26 -0.13 11.24 22.60 5.11 1.88 0.59 -0.32 2.07 2.21 2.27 2.13
0.94 0.22 -0.20 9.44 25.53 7.12 2.16 0.51 -0.47 2.07 2.20 2.25 2.11
1.02 0.21 -0.22 -1.80 14.80 6.37 2.34 0.54 -0.52 2.07 2.20 2.27 2.11
1.04 0.35 -0.24 -7.76 2.45 2.54 2.38 0.79 -0.54 2.07 2.21 2.25 2.12
1.03 0.35 -0.20 -4.21 -11.83 -4.87 2.37 0.80 -0.45 2.07 2.21 2.26 2.11
0.91 0.32 -0.09 0.46 -19.53 -10.18 2.08 0.73 -0.17 2.06 2.20 2.25 2.11
0.87 0.21 -0.02 6.83 -15.97 -9.09 2.00 0.49 -0.04 2.08 2.20 2.26 2.12
0.89 0.17 -0.01 4.38 -9.29 -4.63 2.07 0.38 -0.02 2.08 2.22 2.27 2.11
0.96 0.20 -0.06 -1.15 -6.14 0.73 2.23 0.46 -0.13 2.06 2.20 2.26 2.09
1.03 0.27 -0.10 -2.92 -7.42 1.33 2.35 0.63 -0.22 2.05 2.20 2.25 2.11
1.05 0.30 -0.09 -0.88 -14.11 -3.12 2.42 0.68 -0.22 2.05 2.21 2.23 2.12
1.02 0.26 -0.06 -0.04 -23.49 -10.58 2.35 0.60 -0.14 2.05 2.19 2.25 2.12
0.96 0.25 0.01 -1.00 -27.24 -15.93 2.18 0.57 0.06 2.07 2.20 2.24 2.11
0.85 0.21 0.10 5.10 -20.24 -13.54 1.96 0.45 0.22 2.06 2.19 2.26 2.10
0.94 0.14 0.07 4.58 -10.40 -7.77 2.17 0.32 0.15 2.08 2.18 2.25 2.12
1.00 0.19 0.01 1.49 -7.58 -3.85 2.31 0.44 0.04 2.06 2.20 2.26 2.11
1.04 0.20 0.00 1.50 -10.92 -2.20 2.38 0.46 0.00 2.05 2.21 2.24 2.12
1.04 0.23 0.00 2.33 -17.00 -4.64 2.38 0.52 0.00 2.06 2.20 2.25 2.11
0.98 0.24 0.03 4.82 -21.13 -8.02 2.24 0.54 0.09 2.06 2.21 2.24 2.10
0.93 0.20 0.08 7.24 -18.31 -10.46 2.13 0.46 0.18 2.06 2.20 2.24 2.10
0.88 0.16 0.11 7.19 -11.56 -9.17 2.01 0.36 0.26 2.04 2.19 2.25 2.11
0.93 0.16 0.08 4.67 -0.39 -6.40 2.14 0.36 0.18 2.07 2.18 2.25 2.11
1.02 0.18 0.01 2.01 3.68 -5.23 2.35 0.41 0.02 2.06 2.19 2.26 2.10
1.04 0.19 -0.01 1.17 -2.59 -5.81 2.38 0.43 -0.02 2.07 2.19 2.25 2.11
0.98 0.21 0.01 2.00 -8.62 -8.51 2.26 0.49 0.02 2.05 2.19 2.25 2.11
0.97 0.21 0.02 5.37 -8.93 -9.98 2.23 0.48 0.05 2.05 2.19 2.24 2.10
0.95 0.18 0.03 6.47 -9.56 -10.41 2.16 0.41 0.09 2.05 2.18 2.26 2.09
0.85 0.13 0.10 5.34 -3.82 -7.06 1.96 0.30 0.22 2.06 2.18 2.25 2.09
0.91 0.13 0.06 0.46 7.66 -3.19 2.11 0.31 0.13 2.06 2.18 2.25 2.09
0.98 0.17 -0.00 -3.54 13.09 -0.13 2.27 0.41 -0.00 2.05 2.20 2.25 2.09
1.04 0.19 -0.04 -3.43 9.67 0.38 2.38 0.45 -0.10 2.04 2.20 2.25 2.10
1.04 0.20 -0.07 -1.94 -2.52 -1.91 2.38 0.47 -0.16 2.03 2.20 2.23 2.12
1.00 0.23 -0.05 0.82 -11.27 -5.78 2.29 0.53 -0.12 2.04 2.19 2.25 2.09
0.99 0.25 -0.06 4.87 -14.15 -10.03 2.27 0.57 -0.13 2.05 2.20 2.24 2.10
0.94 0.18 -0.02 6.41 -17.36 -12.80 2.12 0.41 -0.03 2.05 2.20 2.24 2.10
0.88 0.10 0.04 3.49 -10.27 -6.77 2.01 0.22 0.10 2.03 2.20 2.22 2.11
0.96 0.12 0.00 -5.50 -3.48 -0.91 2.23 0.29 0.01 2.05 2.16 2.23 2.10
0.99 0.21 -0.01 -9.80 -4.19 2.20 2.27 0.50 -0.02 2.05 2.19 2.26 2.08
0.95 0.24 0.04 -8.08 -4.45 2.18 2.17 0.55 0.10 2.07 2.17 2.23 2.13
0.97 0.26 0.05 -3.47 -4.64 0.31 2.24 0.60 0.11 2.01 2.15 2.29 2.04
1.03 0.23 0.03 1.92 -7.71 -3.74 2.34 0.52 0.07 2.08 2.13 2.21 2.15
0.99 0.20 0.05 3.02 -12.16 -6.38 2.28 0.45 0.12 2.07 2.13 2.22 2.17
0.96 0.18 0.07 4.12 -11.31 -4.20 2.19 0.40 0.14 2.03 2.23 2.20 2.04
0.98 0.16 0.05 2.68 -7.24 -3.64 2.24 0.37 0.11 2.03 2.18 2.23 2.10
0.98 0.15 0.04 1.00 -6.22 -2.78 2.25 0.35 0.09 2.12 2.19 2.19 2.17
0.95 0.15 0.06 0.10 -3.79 -0.97 2.16 0.35 0.14 1.97 2.20 2.30 2.04
0.95 0.17 0.06 -0.31 0.43 -1.64 2.19 0.38 0.15 2.05 2.15 2.24 2.05
1.01 0.15 0.04 0.43 0.59 -3.82 2.33 0.34 0.09 2.04 2.22 2.17 2.17
1.01 0.15 0.03 0.79 -4.82 -4.22 2.32 0.34 0.07 2.10 2.12 2.30 2.03
0.95 0.15 0.07 1.09 -6.66 -4.34 2.18 0.35 0.17 2.06 2.19 2.19 2.11
0.93 0.16 0.09 2.13 -2.23 -4.53 2.14 0.37 0.20 2.07 2.21 2.26 2.11
0.97 0.15 0.07 2.77 2.88 -4.75 2.23 0.34 0.16 2.09 2.13 2.31 2.04
0.97 0.15 0.06 3.04 2.19 -4.29 2.22 0.35 0.13 2.03 2.21 2.23 2.06
0.96 0.15 0.06 2.61 3.90 -1.40 2.23 0.34 0.12 2.04 2.17 2.24 2.10
1.02 0.18 0.01 2.48 2.66 -1.16 2.35 0.41 0.03 2.05 2.18 2.23 2.10
1.00 0.18 0.02 4.72 -3.18 -2.78 2.29 0.42 0.06 2.04 2.17 2.21 2.08
0.96 0.15 0.06 5.14 -3.69 -2.35 2.22 0.35 0.13 2.05 2.18 2.23 2.08
0.97 0.15 0.07 2.99 -2.28 -0.41 2.22 0.35 0.16 2.00 2.21 2.22 2.10
0.98 0.18 0.07 1.09 -0.14 2.58 2.24 0.43 0.16 2.00 2.22 2.20 2.14
0.97 0.21 0.08 0.99 1.76 3.64 2.23 0.50 0.17 2.06 2.15 2.19 2.07
0.97 0.20 0.07 0.63 3.92 3.95 2.23 0.46 0.15 2.08 2.11 2.25 2.10
0.99 0.20 0.05 -1.86 3.72 3.81 2.27 0.46 0.12 2.08 2.15 2.20 2.13
0.99 0.21 0.04 -2.68 1.43 3.59 2.28 0.48 0.09 2.04 2.13 2.22 2.17
1.00 0.20 0.03 -3.55 -1.01 2.50 2.30 0.46 0.07 2.06 2.24 2.26 2.06
0.99 0.20 0.03 -3.97 -4.97 1.20 2.25 0.46 0.08 1.97 2.18 2.25 2.03
0.93 0.20 0.07 -2.73 -5.45 0.85 2.13 0.47 0.16 2.05 2.13 2.28 2.03
0.92 0.19 0.08 -0.43 -2.69 0.81 2.10 0.43 0.19 2.03 2.15 2.25 2.06
0.96 0.15 0.08 -1.78 0.87 0.52 2.20 0.34 0.17 2.08 2.15 2.18 2.14
0.98 0.16 0.06 -5.78 3.12 0.60 2.24 0.36 0.15 1.96 2.19 2.20 2.07
0.98 0.16 0.06 -7.01 3.28 1.67 2.25 0.42 0.14 2.06 2.23 2.27 2.05
0.99 0.21 0.04 -5.41 1.15 0.30 2.26 0.49 0.10 2.06 2.12 2.20 2.06
0.97 0.22 0.04 -2.36 -1.18 -3.01 2.22 0.50 0.09 2.06 2.10 2.22 2.15
0.96 0.19 0.04 -0.71 -2.01 -5.42 2.20 0.42 0.08 1.99 2.23 2.18 2.04
0.93 0.16 0.05 0.08 -1.63 -4.38 2.13 0.37 0.12 1.98 2.21 2.24 2.04
0.92 0.13 0.05 -0.12 1.46 -1.23 2.12 0.30 0.11 2.05 2.23 2.19 2.04
0.97 0.16 0.03 -2.85 4.24 1.05 2.23 0.38 0.07 1.98 2.23 2.19 2.10
0.97 0.18 0.03 -2.12 3.26 1.37 2.23 0.42 0.06 2.06 2.10 2.22 2.15
0.98 0.17 0.02 -1.90 3.12 0.17 2.25 0.39 0.05 1.99 2.19 2.25 2.05
1.01 0.20 0.00 -1.37 1.48 -1.45 2.32 0.46 -0.00 1.98 2.19 2.24 2.05
1.01 0.20 -0.01 2.18 -3.35 -3.87 2.31 0.45 -0.01 2.04 2.22 2.27 2.12
0.99 0.17 0.01 3.82 -7.47 -5.78 2.28 0.37 0.02 1.97 2.18 2.21 2.10
0.94 0.14 0.05 0.29 -8.08 -4.73 2.16 0.33 0.12 2.02 2.13 2.26 2.05
0.92 0.13 0.09 0.67 -3.26 -2.01 2.11 0.30 0.20 2.04 2.15 2.16 2.08
0.96 0.14 0.08 -1.76 1.62 0.38 2.21 0.33 0.19 2.04 2.16 2.17 2.13
0.99 0.16 0.07 -1.93 3.39 1.82 2.27 0.38 0.17 1.98 2.24 2.17 2.12
1.00 0.18 0.07 -0.52 2.70 1.53 2.29 0.41 0.17 2.03 2.14 2.24 2.08
1.01 0.20 0.05 2.28 0.09 -0.09 2.32 0.45 0.13 1.98 2.13 2.23 2.10
0.99 0.18 0.06 5.60 -3.95 -1.29 2.26 0.40 0.13 2.08 2.19 2.15 2.16
0.96 0.17 0.06 5.41 -4.88 -1.58 2.21 0.40 0.13 2.06 2.21 2.17 2.08
0.94 0.18 0.06 4.86 -3.55 -1.42 2.17 0.41 0.13 2.03 2.20 2.26 2.11
0.96 0.17 0.04 4.51 -0.68 -0.77 2.20 0.39 0.10 1.99 2.14 2.24 2.06
1.00 0.16 0.03 2.07 -0.07 -0.19 2.29 0.38 0.06 2.10 2.13 2.23 2.09
1.01 0.18 0.02 0.46 -2.68 1.05 2.33 0.42 0.06 1.98 2.13 2.24 2.11
0.99 0.21 0.04 0.28 -5.03 0.20 2.27 0.48 0.10 2.00 2.21 2.13 2.13
0.97 0.21 0.06 2.05 -6.41 -0.76 2.22 0.48 0.14 1.97 2.17 2.20 2.06
0.94 0.19 0.08 2.47 -5.57 -2.21 2.18 0.43 0.18 1.98 2.19 2.28 2.04
0.97 0.17 0.07 0.64 -2.56 -1.58 2.22 0.40 0.15 2.05 2.21 2.27 2.11
1.01 0.17 0.05 -0.54 -2.42 -0.67 2.31 0.40 0.13 2.09 2.11 2.26 2.05
0.99 0.17 0.06 -0.98 -4.51 0.23 2.28 0.39 0.14 1.95 2.26 2.15 2.14
0.99 0.19 0.08 -1.15 -3.82 -0.25 2.27 0.43 0.19 2.03 2.18 2.18 2.11
0.99 0.17 0.09 0.79 -4.12 -0.63 2.26 0.39 0.19 2.08 2.09 2.29 2.04
0.96 0.14 0.10 1.20 -3.95 -0.70 2.21 0.32 0.24 2.08 2.10 2.30 2.01
0.97 0.15 0.10 0.42 -2.64 1.17 2.22 0.35 0.23 2.01 2.26 2.19 2.01
0.95 0.17 0.10 0.43 -1.62 2.68 2.18 0.38 0.24 2.05 2.17 2.22 2.11
0.95 0.17 0.09 0.80 0.95 2.87 2.19 0.40 0.20 2.00 2.16 2.23 2.04
0.98 0.18 0.07 2.13 2.52 2.41 2.24 0.39 0.15 2.02 2.11 2.25 2.09
0.98 0.15 0.06 2.57 0.84 3.44 2.23 0.35 0.13 2.03 2.20 2.17 2.15
0.97 0.18 0.06 1.84 -1.30 3.25 2.22 0.41 0.14 2.04 2.19 2.18 2.16
0.96 0.19 0.06 2.03 -1.01 2.73 2.20 0.43 0.12 2.07 2.09 2.30 2.03
0.95 0.19 0.06 2.34 -1.53 2.51 2.17 0.44 0.15 2.07 2.09 2.24 2.08
0.94 0.18 0.06 2.24 -2.13 2.81 2.17 0.41 0.15 1.99 2.17 2.26 2.12
0.94 0.19 0.07 0.75 -1.20 2.05 2.16 0.46 0.15 1.95 2.14 2.31 2.09
0.94 0.21 0.07 2.06 -0.40 1.85 2.17 0.48 0.16 1.97 2.19 2.21 2.10
0.96 0.19 0.06 3.23 -0.04 1.49 2.20 0.44 0.14 1.98 2.23 2.15 2.15
0.97 0.19 0.05 1.09 -1.63 2.24 2.23 0.42 0.12 2.01 2.23 2.19 2.07
0.96 0.20 0.06 -0.54 -2.49 2.69 2.21 0.45 0.13 2.01 2.17 2.24 2.09
0.95 0.22 0.06 -1.36 -2.75 2.32 2.17 0.53 0.15 2.05 2.09 2.28 2.03
0.94 0.22 0.06 -1.28 -2.88 0.80 2.18 0.50 0.14 2.07 2.12 2.23 2.05
0.96 0.22 0.06 -0.68 -2.91 -0.16 2.21 0.52 0.14 2.04 2.12 2.15 2.10
0.97 0.21 0.06 -0.38 -4.48 -0.46 2.24 0.51 0.14 1.96 2.23 2.16 2.08
0.95 0.19 0.09 -0.97 -5.25 0.52 2.17 0.43 0.21 1.97 2.23 2.16 2.14
0.96 0.20 0.10 -2.35 -2.55 1.50 2.20 0.46 0.23 1.99 2.10 2.20 2.05
0.98 0.20 0.09 -3.12 -0.09 1.72 2.25 0.48 0.21 1.99 2.12 2.16 2.08
1.01 0.21 0.07 -2.34 -0.67 1.01 2.32 0.49 0.16 2.03 2.17 2.18 2.11
0.99 0.20 0.07 -1.74 -3.62 -0.59 2.27 0.45 0.17 1.99 2.15 2.16 2.14
0.98 0.21 0.08 -3.30 -3.88 -3.14 2.25 0.48 0.16 2.03 2.14 2.17 2.05
0.96 0.20 0.09 -2.14 -3.67 -3.41 2.20 0.46 0.21 2.01 2.16 2.20 2.05
0.96 0.19 0.09 -2.04 -1.99 -2.97 2.20 0.43 0.21 2.03 2.16 2.16 2.12
0.98 0.18 0.07 -2.72 0.26 -2.60 2.25 0.42 0.17 2.03 2.20 2.24 2.11
0.99 0.19 0.06 -1.85 -0.17 -2.34 2.28 0.44 0.15 2.05 2.20 2.24 2.13
1.01 0.18 0.05 -1.29 -2.77 -2.01 2.30 0.40 0.13 2.05 2.10 2.29 2.05
0.99 0.16 0.06 -2.10 -5.59 -0.64 2.28 0.38 0.15 2.05 2.13 2.16 2.14
0.95 0.18 0.10 -3.68 -5.38 0.00 2.18 0.40 0.24 2.00 2.17 2.20 2.11
0.94 0.21 0.11 -3.56 -1.99 -0.10 2.16 0.47 0.23 2.06 2.13 2.20 2.04
0.96 0.21 0.10 -1.86 0.02 -1.72 2.20 0.47 0.22 1.95 2.13 2.28 2.08
0.96 0.19 0.09 -1.36 0.30 -2.07 2.21 0.43 0.20 2.04 2.21 2.24 2.10
0.99 0.18 0.09 -2.39 -0.74 -1.58 2.28 0.40 0.21 2.01 2.14 2.16 2.04
0.98 0.18 0.09 -3.30 -2.41 -1.28 2.26 0.42 0.22 1.99 2.11 2.17 2.05
0.99 0.20 0.10 -3.08 -2.32 -1.08 2.27 0.45 0.23 2.05 2.16 2.15 2.10
0.98 0.21 0.11 -1.68 -2.38 -2.19 2.25 0.49 0.22 1.99 2.13 2.27 2.13
0.97 0.18 0.10 -0.02 -2.56 -3.09 2.23 0.42 0.23 1.96 2.13 2.29 2.04
0.96 0.15 0.11 -1.91 -1.57 -2.66 2.20 0.36 0.26 2.03 2.19 2.24 2.08
0.97 0.17 0.11 -4.24 -0.33 -0.73 2.22 0.38 0.24 1.99 2.14 2.19 2.03
0.97 0.18 0.11 -4.29 0.93 -0.04 2.23 0.42 0.24 1.97 2.19 2.24 2.03
0.98 0.19 0.08 -2.73 0.63 0.05 2.34 0.44 0.21 2.05 2.10 2.23 2.06
1.00 0.19 0.08 -1.44 -0.85 -0.14 2.27 0.44 0.18 1.96 2.10 2.21 2.13
0.98 0.17 0.09 -0.46 -2.99 -0.42 2.24 0.40 0.20 1.99 2.17 2.21 2.06
0.96 0.18 0.10 -0.88 -3.96 -0.19 2.20 0.41 0.23 2.00 2.14 2.18 2.03
0.96 0.17 0.09 -1.51 -2.35 0.29 2.19 0.40 0.21 1.97 2.11 2.18 2.07
0.95 0.18 0.09 -3.32 -0.40 0.24 2.19 0.42 0.20 1.97 2.12 2.25 2.10
0.96 0.19 0.09 -3.45 -0.10 0.28 2.21 0.44 0.19 2.06 2.14 2.14 2.05
0.97 0.19 0.09 -2.89 -0.61 0.36 2.22 0.45 0.20 2.08 2.09 2.29 2.01
0.97 0.20 0.09 -2.23 -1.51 -0.28 2.22 0.46 0.22 2.02 2.18 2.26 2.11
0.95 0.19 0.11 -1.67 -1.58 0.06 2.18 0.42 0.27 2.01 2.13 2.23 2.06
0.95 0.19 0.11 -2.33 -1.12 1.26 2.18 0.44 0.25 1.99 2.16 2.26 2.06
0.96 0.22 0.10 -2.58 -0.14 1.12 2.21 0.50 0.22 1.99 2.17 2.21 2.07
