start recording
-0.59 0.65 1.60 -222.41 -286.72 70.93 -1.42 1.56 3.93 1.59 1.53 1.50 1.58
-0.52 1.03 2.00 -197.86 -274.58 9.95 -1.19 2.36 4.59 1.60 1.53 1.50 1.58
-0.57 0.93 2.00 -206.88 -257.49 -100.88 -1.44 2.50 4.59 1.60 1.53 1.50 1.58
-0.36 1.00 2.00 -109.18 -242.24 -45.12 -0.82 2.29 4.59 1.60 1.53 1.50 1.59
-0.27 0.92 2.00 62.83 -192.89 -42.62 -0.61 2.12 4.59 1.61 1.52 1.50 1.59
-0.58 0.33 2.00 56.36 -179.99 -72.40 -1.43 1.40 4.59 1.59 1.51 1.50 1.58
-0.47 0.78 1.71 93.59 161.81 119.20 -1.08 1.80 3.92 1.60 1.52 1.49 1.58
0.24 0.77 2.00 79.85 35.45 35.36 0.75 1.74 4.59 1.59 1.52 1.49 1.59
0.01 0.80 2.00 196.06 -71.62 -11.97 0.02 1.83 4.59 1.59 1.53 1.50 1.58
0.21 0.95 2.00 259.23 -90.88 -25.21 0.17 2.38 4.59 1.60 1.53 1.51 1.59
0.15 -0.37 1.98 286.50 30.78 -84.10 0.34 -0.84 4.55 1.60 1.52 1.50 1.58
-0.08 0.15 1.30 185.89 26.08 0.06 -0.17 0.34 2.99 1.59 1.52 1.52 1.58
0.26 0.29 1.08 111.98 13.27 -8.60 0.63 0.67 2.41 1.60 1.53 1.50 1.58
0.17 0.55 0.81 52.13 -14.93 -14.66 0.39 1.27 1.87 1.60 1.52 1.52 1.59
0.15 0.41 0.98 30.49 -7.68 -31.67 0.29 0.81 2.29 1.59 1.53 1.51 1.58
0.09 0.10 1.10 29.84 9.00 -36.28 0.21 0.22 2.52 1.60 1.53 1.50 1.59
0.05 -0.15 1.10 17.93 23.99 -32.88 0.12 -0.35 2.53 1.60 1.53 1.51 1.57
-0.03 -0.05 0.97 12.95 17.59 -19.92 -0.08 -0.12 2.18 1.60 1.54 1.51 1.59
-0.03 0.06 0.88 -2.51 19.35 -8.78 -0.06 0.14 2.01 1.61 1.54 1.51 1.59
-0.00 0.18 0.93 -12.44 18.15 2.29 0.01 0.42 2.18 1.60 1.54 1.52 1.59
0.08 0.26 1.07 -22.82 19.66 6.08 0.18 0.61 2.46 1.60 1.54 1.51 1.60
0.06 0.26 1.11 -11.79 11.37 -1.04 0.15 0.59 2.55 1.59 1.54 1.52 1.58
0.03 0.17 1.12 2.57 4.67 -7.14 0.08 0.37 2.56 1.60 1.53 1.50 1.58
0.03 0.15 1.04 12.67 0.11 -7.94 0.07 0.35 2.39 1.60 1.53 1.52 1.58
0.05 0.17 1.00 15.63 -3.61 -7.54 0.13 0.37 2.27 1.60 1.55 1.52 1.58
0.08 0.15 0.94 16.61 -7.87 -8.48 0.16 0.34 2.17 1.61 1.53 1.52 1.59
0.07 0.15 0.94 10.19 -4.91 -6.83 0.16 0.34 2.15 1.59 1.54 1.53 1.59
0.08 0.11 0.96 4.72 0.40 -5.99 0.16 0.25 2.20 1.61 1.54 1.52 1.60
0.07 0.15 0.97 -2.26 4.15 -4.31 0.16 0.34 2.22 1.60 1.53 1.53 1.60
0.04 0.13 1.01 -3.58 6.88 -6.13 0.10 0.30 2.32 1.59 1.54 1.53 1.60
0.03 0.14 1.03 -2.64 6.11 -5.49 0.08 0.32 2.37 1.60 1.53 1.53 1.59
0.05 0.14 1.04 -0.31 3.33 -4.70 0.11 0.31 2.38 1.60 1.54 1.53 1.58
0.06 0.13 1.02 2.34 1.26 -5.50 0.15 0.30 2.36 1.59 1.55 1.53 1.59
0.06 0.12 1.01 2.84 -0.72 -4.24 0.14 0.28 2.32 1.61 1.55 1.53 1.60
0.08 0.14 1.01 1.09 0.41 -1.51 0.19 0.32 2.31 1.60 1.54 1.53 1.58
0.06 0.14 0.99 -0.22 3.11 -2.25 0.14 0.32 2.27 1.60 1.55 1.53 1.59
0.03 0.13 1.01 -1.28 3.50 -1.61 0.08 0.30 2.32 1.60 1.53 1.54 1.59
0.03 0.12 1.00 -1.09 3.69 -3.53 0.06 0.28 2.29 1.60 1.54 1.52 1.59
0.02 0.09 0.98 0.72 2.05 -4.71 0.05 0.21 2.25 1.61 1.53 1.54 1.59
0.03 0.10 0.99 -1.78 -0.23 -3.37 0.07 0.23 2.26 1.59 1.54 1.52 1.59
0.05 0.12 1.01 -5.29 -0.45 -1.30 0.11 0.29 2.31 1.61 1.54 1.53 1.60
0.08 0.15 1.02 -7.84 1.80 -0.77 0.18 0.36 2.35 1.60 1.54 1.53 1.59
0.08 0.17 1.01 -6.11 3.39 -1.13 0.17 0.38 2.33 1.59 1.56 1.54 1.59
0.06 0.16 1.02 -1.51 2.03 -1.50 0.13 0.38 2.34 1.60 1.54 1.53 1.60
0.04 0.14 1.01 4.66 2.42 -3.41 0.09 0.32 2.32 1.61 1.54 1.52 1.60
0.01 0.09 0.97 7.11 1.66 -4.16 0.03 0.21 2.22 1.61 1.55 1.52 1.58
0.02 0.10 0.99 1.61 0.29 -1.79 0.03 0.25 2.27 1.60 1.54 1.54 1.59
0.02 0.12 1.03 -8.78 3.13 -0.82 0.05 0.27 2.37 1.61 1.54 1.53 1.60
0.02 0.10 1.06 -10.66 3.48 -2.09 0.05 0.22 2.44 1.60 1.54 1.54 1.59
0.06 0.12 1.09 -14.81 2.56 1.09 0.14 0.27 2.51 1.60 1.55 1.53 1.59
0.08 0.11 1.12 -14.47 6.74 3.91 0.17 0.26 2.58 1.60 1.55 1.53 1.59
0.09 0.12 1.18 -14.60 14.06 9.08 0.20 0.27 2.71 1.61 1.53 1.55 1.59
0.12 0.16 1.25 -23.76 27.30 14.37 0.28 0.36 2.87 1.60 1.54 1.54 1.60
0.14 0.18 1.27 -34.19 48.17 14.84 0.33 0.40 2.92 1.60 1.54 1.55 1.60
0.17 0.21 1.27 -50.73 64.36 15.64 0.40 0.49 2.93 1.61 1.54 1.54 1.61
0.19 0.25 1.28 -69.28 75.61 14.66 0.43 0.58 2.93 1.61 1.54 1.54 1.59
0.21 0.32 1.26 -89.15 83.10 12.86 0.47 0.74 2.89 1.61 1.55 1.55 1.59
0.22 0.35 1.28 -103.22 88.31 8.80 0.50 0.78 2.94 1.61 1.55 1.55 1.59
0.22 0.36 1.25 -118.17 94.83 7.04 0.51 0.84 2.87 1.62 1.55 1.53 1.59
0.21 0.34 1.22 -125.12 92.13 7.59 0.51 0.80 2.81 1.61 1.56 1.54 1.62
0.22 0.34 1.24 -133.43 96.50 7.78 0.51 0.79 2.84 1.62 1.55 1.56 1.59
0.19 0.41 1.30 -126.25 97.30 5.58 0.44 0.94 2.99 1.62 1.54 1.54 1.60
0.30 0.52 1.38 -77.28 105.39 -22.57 0.71 1.29 3.17 1.63 1.56 1.55 1.60
0.27 0.42 1.33 -17.92 90.57 -32.85 0.62 0.96 3.06 1.63 1.56 1.57 1.60
0.24 0.60 1.40 -49.48 27.27 -37.18 0.51 1.45 3.35 1.61 1.56 1.56 1.59
0.24 0.63 1.56 -52.24 60.31 -69.54 0.57 1.45 3.59 1.62 1.57 1.57 1.60
0.17 0.60 1.40 -94.75 60.41 -90.40 0.39 1.39 3.21 1.62 1.57 1.59 1.59
0.11 0.75 1.24 -89.96 65.21 -123.18 0.34 1.69 2.79 1.62 1.58 1.60 1.60
0.13 0.75 1.07 -63.34 81.24 -132.13 0.29 1.72 2.45 1.62 1.59 1.65 1.60
0.16 0.54 0.90 7.10 144.86 -153.55 0.40 1.21 2.11 1.64 1.60 1.70 1.58
0.23 0.45 0.96 44.36 191.26 -155.94 0.53 1.03 2.20 1.65 1.61 1.75 1.58
0.14 0.31 0.91 53.34 187.04 -132.35 0.31 0.72 2.20 1.65 1.63 1.79 1.58
0.16 0.24 0.93 57.46 245.60 -118.30 0.47 0.59 2.17 1.66 1.65 1.82 1.58
0.23 0.23 0.84 46.80 265.46 -109.86 0.52 0.53 1.93 1.64 1.67 1.87 1.61
0.29 0.25 0.87 38.99 286.68 -102.71 0.65 0.64 2.02 1.64 1.75 1.90 1.63
0.33 0.09 0.47 47.94 286.68 -108.41 0.75 0.21 1.07 1.66 1.80 1.97 1.66
0.53 0.13 0.63 44.30 286.68 -103.64 1.23 0.25 1.45 1.67 1.86 2.01 1.69
0.58 0.11 0.59 67.18 286.68 -72.73 1.29 0.27 1.35 1.65 1.94 2.04 1.74
0.61 0.16 0.51 93.56 286.68 -50.53 1.41 0.37 1.18 1.66 1.98 2.07 1.78
0.59 0.25 0.51 116.72 286.68 -39.54 1.25 0.63 1.17 1.66 2.03 2.10 1.80
0.60 0.25 0.48 135.04 286.68 -24.78 1.37 0.58 1.09 1.67 2.05 2.13 1.84
0.57 0.06 0.38 134.32 278.49 -28.88 1.33 0.12 0.86 1.67 2.10 2.15 1.87
0.60 -0.01 0.41 129.24 257.28 -2.46 1.38 -0.02 0.95 1.68 2.10 2.19 1.92
0.61 -0.21 0.23 103.95 246.76 8.40 1.39 -0.56 0.49 1.70 2.14 2.19 1.94
0.86 -0.27 0.08 42.31 224.67 37.49 1.98 -0.56 0.30 1.70 2.16 2.20 1.96
0.83 0.01 0.17 8.95 190.02 28.39 1.89 0.03 0.40 1.71 2.16 2.23 1.99
0.80 0.27 -0.01 -11.38 165.59 23.85 1.81 0.70 -0.10 1.70 2.17 2.25 1.99
0.78 0.35 0.01 12.67 163.01 10.34 1.78 0.81 0.01 1.71 2.17 2.25 2.01
0.70 0.21 0.01 29.65 163.89 -3.34 1.59 0.45 0.03 1.71 2.21 2.26 2.02
0.77 0.13 0.11 47.65 167.46 -6.12 1.76 0.30 0.25 1.72 2.20 2.27 2.03
0.72 0.03 0.12 76.90 153.49 0.29 1.66 0.07 0.29 1.72 2.20 2.28 2.05
0.63 0.04 -0.02 85.93 138.63 14.45 1.50 0.07 -0.10 1.72 2.20 2.27 2.06
0.80 0.10 -0.07 86.90 141.04 20.92 1.83 0.23 -0.15 1.74 2.20 2.27 2.07
0.84 0.12 -0.14 99.35 142.25 16.52 1.93 0.26 -0.33 1.76 2.22 2.28 2.07
0.80 0.15 -0.19 105.48 128.01 0.75 1.84 0.33 -0.44 1.78 2.22 2.27 2.07
0.81 0.19 -0.17 91.64 119.70 -4.76 1.90 0.45 -0.34 1.81 2.20 2.27 2.07
0.88 0.26 -0.19 80.42 116.76 -2.01 2.02 0.54 -0.46 1.80 2.20 2.29 2.06
0.83 0.11 -0.19 80.26 92.31 7.06 1.90 0.26 -0.44 1.81 2.21 2.28 2.08
0.78 0.12 -0.24 67.29 68.05 18.41 1.73 0.25 -0.56 1.82 2.21 2.26 2.09
0.91 0.06 -0.32 52.16 69.97 29.84 2.08 0.13 -0.74 1.85 2.22 2.27 2.08
0.90 0.07 -0.36 43.16 60.10 40.26 2.12 0.22 -0.88 1.87 2.22 2.27 2.08
0.98 0.17 -0.44 35.04 51.24 40.51 2.26 0.40 -1.02 1.89 2.21 2.25 2.08
1.07 0.16 -0.46 26.73 36.09 30.94 2.47 0.38 -1.06 1.89 2.21 2.26 2.09
1.01 0.19 -0.47 15.29 17.73 23.84 2.27 0.45 -1.05 1.90 2.20 2.25 2.08
0.95 0.24 -0.35 3.63 16.42 13.62 2.18 0.56 -0.81 1.91 2.21 2.27 2.09
0.80 0.24 -0.25 -3.55 22.12 13.49 1.72 0.62 -0.61 1.92 2.19 2.25 2.08
0.86 0.26 -0.22 2.06 29.55 15.94 1.98 0.60 -0.51 1.94 2.19 2.27 2.06
0.85 0.29 -0.31 7.78 31.03 18.68 1.95 0.50 -0.66 1.94 2.21 2.25 2.07
0.96 0.20 -0.33 4.91 26.39 20.90 2.21 0.43 -0.78 1.94 2.22 2.24 2.08
0.88 0.20 -0.31 -0.09 21.09 19.66 2.02 0.45 -0.71 1.97 2.19 2.25 2.08
0.86 0.26 -0.30 -5.04 23.08 14.31 1.98 0.61 -0.68 1.97 2.20 2.26 2.07
0.92 0.27 -0.33 -3.17 20.46 6.01 2.12 0.62 -0.77 1.98 2.19 2.26 2.05
0.93 0.22 -0.34 -4.34 11.06 -0.46 2.15 0.51 -0.78 1.97 2.20 2.26 2.06
0.85 0.25 -0.30 -6.90 -1.09 -1.65 1.94 0.58 -0.66 1.99 2.18 2.27 2.06
0.75 0.24 -0.22 -6.48 -3.70 -0.37 1.73 0.54 -0.51 1.98 2.20 2.23 2.05
0.75 0.24 -0.19 -6.15 1.72 2.86 1.73 0.54 -0.44 1.98 2.20 2.24 2.07
0.81 0.23 -0.21 -5.62 6.76 6.07 1.84 0.52 -0.50 1.96 2.21 2.23 2.08
0.86 0.24 -0.22 -7.05 6.79 7.57 1.96 0.56 -0.51 1.98 2.17 2.23 2.06
0.89 0.24 -0.24 -8.48 4.94 7.34 2.06 0.56 -0.56 1.98 2.18 2.26 2.05
0.95 0.23 -0.26 -8.28 -0.01 5.70 2.17 0.52 -0.61 1.99 2.18 2.25 2.05
0.92 0.21 -0.25 -7.35 -10.67 4.33 2.12 0.48 -0.58 1.98 2.18 2.25 2.04
0.88 0.24 -0.21 -10.21 -14.42 3.36 1.98 0.56 -0.48 1.99 2.18 2.24 2.06
0.80 0.27 -0.14 -9.78 -8.02 3.13 1.84 0.61 -0.32 1.98 2.19 2.23 2.07
0.85 0.28 -0.17 -8.65 1.52 3.27 1.93 0.61 -0.41 1.97 2.18 2.23 2.04
0.97 0.28 -0.26 -6.82 5.03 2.23 2.22 0.64 -0.59 1.97 2.19 2.23 2.06
1.02 0.23 -0.29 -6.46 -2.53 -0.40 2.34 0.52 -0.66 1.98 2.17 2.23 2.04
1.04 0.23 -0.32 -10.11 -14.94 -4.42 2.39 0.53 -0.73 1.98 2.18 2.24 2.05
1.00 0.24 -0.27 -11.82 -26.46 -5.84 2.29 0.55 -0.62 1.97 2.20 2.24 2.05
0.87 0.29 -0.17 -14.29 -26.53 -9.66 1.96 0.70 -0.36 1.98 2.17 2.25 2.05
0.81 0.28 -0.10 -6.89 -12.37 -11.43 1.85 0.62 -0.23 1.97 2.19 2.23 2.05
0.85 0.18 -0.11 -5.06 2.91 -8.74 1.94 0.41 -0.25 1.97 2.19 2.24 2.05
0.96 0.18 -0.20 -7.97 12.27 -3.44 2.22 0.41 -0.48 1.97 2.17 2.23 2.06
1.09 0.19 -0.27 -10.17 7.11 1.08 2.50 0.43 -0.63 1.96 2.18 2.24 2.04
1.06 0.22 -0.29 -10.35 -9.06 1.71 2.42 0.50 -0.68 1.94 2.16 2.23 2.04
1.03 0.26 -0.28 -10.40 -16.91 -2.75 2.35 0.58 -0.64 1.95 2.17 2.25 2.05
1.03 0.23 -0.29 -11.31 -24.05 -10.19 2.37 0.53 -0.67 1.97 2.16 2.23 2.04
1.02 0.23 -0.29 -19.84 -29.69 -16.37 2.34 0.48 -0.63 1.95 2.16 2.24 2.05
0.71 0.31 -0.05 -24.74 -27.34 -14.11 1.64 0.72 -0.11 1.96 2.16 2.23 2.05
0.70 0.26 -0.00 -11.88 1.35 -4.10 1.64 0.60 0.00 1.94 2.17 2.23 2.05
0.94 0.15 -0.12 -5.01 19.73 4.14 2.20 0.31 -0.32 1.94 2.16 2.22 2.05
1.01 0.09 -0.22 -7.23 8.98 12.57 2.33 0.20 -0.50 1.94 2.17 2.24 2.04
1.06 0.15 -0.23 -13.33 0.24 17.25 2.45 0.35 -0.52 1.95 2.16 2.24 2.04
0.99 0.23 -0.18 -12.58 -11.92 16.53 2.27 0.52 -0.40 1.93 2.16 2.24 2.04
0.96 0.27 -0.13 -12.87 -11.25 8.88 2.21 0.63 -0.30 1.95 2.17 2.22 2.04
0.91 0.28 -0.09 -9.43 -8.30 3.59 2.07 0.63 -0.21 1.93 2.16 2.24 2.04
0.86 0.23 -0.08 -1.59 -1.92 6.72 1.98 0.53 -0.18 1.94 2.18 2.23 2.05
0.94 0.20 -0.14 -2.41 7.12 9.75 2.17 0.47 -0.34 1.93 2.18 2.24 2.04
0.99 0.23 -0.22 -6.87 6.39 11.05 2.26 0.54 -0.51 1.94 2.16 2.24 2.04
1.01 0.27 -0.27 -10.32 0.30 6.27 2.31 0.62 -0.61 1.93 2.16 2.23 2.04
0.97 0.25 -0.25 -8.66 -9.19 1.49 2.23 0.57 -0.55 1.93 2.18 2.22 2.04
0.90 0.25 -0.20 -8.91 -13.76 -4.12 2.07 0.57 -0.45 1.94 2.17 2.23 2.04
0.83 0.26 -0.15 -6.50 -11.54 -5.95 1.91 0.61 -0.33 1.94 2.17 2.23 2.03
0.80 0.23 -0.11 0.71 -3.01 -4.86 1.85 0.50 -0.26 1.94 2.16 2.25 2.04
0.88 0.16 -0.17 4.13 2.66 -2.67 2.02 0.37 -0.38 1.95 2.18 2.23 2.04
0.95 0.17 -0.21 1.56 0.56 1.40 2.17 0.40 -0.49 1.93 2.18 2.22 2.06
0.96 0.23 -0.22 -2.48 -2.46 1.91 2.19 0.53 -0.51 1.94 2.16 2.24 2.03
0.97 0.25 -0.23 -1.92 -3.62 -0.04 2.22 0.57 -0.53 1.94 2.17 2.24 2.04
0.94 0.23 -0.20 -0.88 -6.59 -1.36 2.15 0.53 -0.43 1.93 2.17 2.22 2.03
0.90 0.25 -0.14 -0.98 -2.28 -0.96 2.07 0.57 -0.33 1.94 2.17 2.23 2.04
0.92 0.26 -0.11 -0.55 5.61 0.67 2.10 0.60 -0.26 1.94 2.15 2.24 2.02
0.95 0.27 -0.13 -0.81 13.48 0.57 2.20 0.63 -0.32 1.93 2.17 2.24 2.05
1.02 0.26 -0.19 -1.25 16.43 -0.18 2.33 0.60 -0.43 1.93 2.16 2.24 2.03
1.04 0.28 -0.23 -2.34 11.76 -3.98 2.37 0.65 -0.55 1.93 2.16 2.23 2.04
1.04 0.27 -0.29 -1.48 6.74 -8.61 2.38 0.63 -0.66 1.95 2.16 2.22 2.05
1.01 0.27 -0.28 -0.02 1.58 -11.58 2.32 0.63 -0.64 1.92 2.15 2.24 2.03
0.97 0.22 -0.34 -5.01 -1.78 -16.27 2.19 0.48 -0.79 1.93 2.16 2.21 2.03
0.98 0.23 -0.42 -11.61 -0.67 -19.58 2.25 0.52 -0.98 1.93 2.17 2.23 2.03
1.03 0.21 -0.49 -15.77 -7.66 -24.48 2.36 0.48 -1.22 1.93 2.17 2.21 2.03
1.04 0.17 -0.68 -29.55 -18.30 -33.13 2.41 0.40 -1.41 1.91 2.16 2.24 2.01
1.15 0.16 -0.76 -45.09 -44.58 -45.97 2.63 0.37 -1.74 1.88 2.16 2.23 2.03
0.87 0.29 -0.78 -52.71 -75.36 -42.67 1.97 0.63 -1.75 1.87 2.13 2.22 2.02
0.74 0.35 -0.79 -51.97 -108.96 -47.15 1.69 0.81 -1.81 1.84 2.14 2.20 1.99
0.64 0.32 -0.81 -55.67 -138.39 -46.35 1.38 0.69 -1.89 1.82 2.10 2.19 1.97
0.57 0.18 -0.79 -67.03 -173.18 -31.18 1.28 0.41 -1.81 1.78 2.09 2.17 1.93
0.38 0.09 -0.67 -72.42 -202.11 -18.07 0.88 0.20 -1.55 1.78 2.04 2.12 1.89
0.24 -0.01 -0.70 -83.92 -237.82 -2.12 0.62 -0.03 -1.54 1.76 2.00 2.10 1.85
0.12 0.03 -0.59 -85.87 -277.65 13.92 0.28 0.08 -1.37 1.73 1.97 2.05 1.81
0.04 -0.04 -0.78 -82.54 -286.72 23.30 0.10 -0.14 -1.79 1.73 1.93 1.98 1.78
0.02 -0.29 -0.82 -77.81 -286.72 32.24 0.05 -0.66 -1.87 1.70 1.91 1.93 1.72
0.24 -0.10 -0.61 -24.53 -286.72 41.69 0.56 -0.24 -1.48 1.71 1.87 1.87 1.67
-0.12 -0.44 -0.48 -16.51 -286.72 89.51 -0.30 -0.93 -1.16 1.67 1.80 1.84 1.62
-0.13 -0.35 -0.37 -21.95 -286.72 124.59 -0.29 -0.80 -0.84 1.68 1.75 1.80 1.61
-0.33 -0.15 -0.14 -4.38 -286.72 152.44 -0.96 -0.45 -0.50 1.65 1.71 1.76 1.59
-0.50 -0.13 0.25 20.99 -286.72 129.82 -1.15 -0.29 0.58 1.64 1.65 1.71 1.58
-0.65 0.01 0.33 25.37 -286.72 110.35 -1.49 0.22 0.95 1.62 1.62 1.68 1.56
-0.81 0.21 0.59 -5.42 -286.72 91.69 -1.87 0.48 1.36 1.62 1.59 1.63 1.56
-0.65 0.40 0.82 -16.66 -286.72 14.23 -1.49 0.93 1.88 1.61 1.56 1.61 1.56
-0.85 0.26 0.87 -91.20 -286.72 -22.84 -2.32 0.42 2.07 1.60 1.54 1.58 1.56
-0.97 0.33 1.73 -89.52 -286.72 54.97 -2.23 0.76 3.98 1.59 1.53 1.55 1.59
-1.38 0.44 1.79 -81.13 -286.72 154.25 -3.16 0.91 4.05 1.59 1.53 1.53 1.58
-0.64 0.26 1.97 -70.53 -286.72 129.28 -1.47 0.59 4.52 1.60 1.53 1.52 1.57
-0.68 0.39 2.00 -150.90 -286.72 65.76 -1.64 1.02 4.59 1.59 1.53 1.52 1.56
-0.42 0.96 2.00 -161.06 -223.82 88.38 -0.94 2.21 4.59 1.59 1.54 1.49 1.57
0.05 1.25 2.00 -81.53 -132.99 128.35 0.12 2.88 4.59 1.60 1.53 1.50 1.57
-0.48 1.50 1.85 145.10 130.45 161.47 -0.61 2.86 4.48 1.60 1.53 1.50 1.58
0.06 0.44 1.89 126.40 11.97 76.50 0.13 1.00 4.33 1.59 1.53 1.52 1.57
0.14 0.93 2.00 164.74 9.48 22.87 0.42 2.02 4.55 1.60 1.53 1.52 1.59
0.11 0.38 1.71 178.63 26.46 4.19 0.26 0.87 3.93 1.60 1.54 1.52 1.59
0.13 0.54 1.57 76.10 -13.39 0.72 0.29 1.29 3.67 1.60 1.53 1.52 1.56
0.15 0.61 1.62 37.07 53.22 -8.16 0.16 1.65 3.76 1.59 1.54 1.50 1.59
0.36 0.49 1.76 104.92 82.45 -34.25 0.84 1.13 4.04 1.60 1.54 1.51 1.59
0.19 0.28 1.48 154.52 19.29 -57.37 0.49 0.71 3.32 1.60 1.53 1.52 1.58
0.01 0.50 1.39 217.98 -25.58 -25.05 0.03 1.16 3.20 1.61 1.52 1.51 1.59
0.19 0.22 1.33 198.05 -28.90 -60.34 0.32 0.47 3.02 1.60 1.54 1.52 1.58
0.00 0.16 1.52 136.13 -28.72 -42.09 -0.05 0.43 3.48 1.59 1.53 1.51 1.58
0.21 -0.11 1.34 76.01 41.13 -24.43 0.48 -0.24 3.08 1.59 1.55 1.51 1.60
0.10 0.32 0.97 11.52 24.03 -15.04 0.23 0.73 2.25 1.60 1.54 1.51 1.58
0.12 0.10 1.03 -14.65 37.21 -20.91 0.28 0.22 2.36 1.61 1.53 1.52 1.58
0.10 0.12 1.01 -36.18 25.37 -13.39 0.22 0.26 2.32 1.60 1.52 1.53 1.58
0.09 0.05 1.01 -34.34 16.27 -3.02 0.21 0.11 2.33 1.60 1.53 1.52 1.58
0.08 0.08 1.03 -9.28 -3.93 -1.35 0.18 0.19 2.36 1.60 1.54 1.52 1.58
0.07 0.10 1.04 10.46 -13.98 -4.77 0.18 0.23 2.37 1.59 1.54 1.52 1.58
0.09 0.13 1.02 12.96 -13.10 -7.56 0.20 0.30 2.34 1.59 1.55 1.52 1.59
0.09 0.18 1.04 3.61 0.78 -6.82 0.22 0.36 2.33 1.60 1.54 1.52 1.59
0.11 0.18 1.01 -8.95 12.30 -6.70 0.25 0.41 2.29 1.61 1.54 1.52 1.58
0.10 0.17 0.98 -17.70 16.15 -5.42 0.22 0.39 2.24 1.60 1.54 1.52 1.59
0.05 0.09 0.95 -13.97 7.95 -7.11 0.12 0.20 2.20 1.59 1.53 1.52 1.59
0.03 0.07 0.95 -11.31 -3.54 -2.28 0.07 0.16 2.19 1.60 1.55 1.53 1.59
0.05 0.09 0.98 -5.13 -9.01 -1.12 0.11 0.21 2.25 1.60 1.55 1.52 1.59
0.05 0.10 0.99 -3.11 -6.46 -3.18 0.11 0.22 2.28 1.61 1.55 1.53 1.59
0.06 0.11 0.99 -3.00 0.43 -4.11 0.13 0.24 2.27 1.61 1.54 1.52 1.59
0.07 0.09 0.96 0.30 5.77 -5.02 0.16 0.20 2.20 1.60 1.54 1.53 1.58
0.07 0.08 0.93 2.71 7.95 -4.47 0.16 0.19 2.14 1.59 1.55 1.52 1.59
0.07 0.09 0.92 2.04 5.35 -3.38 0.17 0.21 2.12 1.61 1.53 1.53 1.58
0.05 0.10 0.94 -1.34 0.30 -2.53 0.10 0.23 2.16 1.60 1.55 1.52 1.59
0.04 0.09 0.97 0.66 -7.79 -3.26 0.09 0.23 2.25 1.59 1.55 1.52 1.60
0.03 0.08 1.00 2.62 -10.47 -4.44 0.07 0.19 2.30 1.59 1.54 1.52 1.59
0.02 0.06 1.03 5.00 -10.10 -4.76 0.03 0.13 2.36 1.61 1.54 1.53 1.59
0.02 0.08 1.02 4.46 -7.50 -2.61 0.05 0.18 2.35 1.60 1.55 1.52 1.59
0.05 0.12 1.05 1.19 -1.72 -2.56 0.13 0.27 2.40 1.61 1.55 1.53 1.61
0.08 0.14 1.05 3.88 3.75 -2.46 0.18 0.34 2.43 1.61 1.54 1.54 1.59
0.06 0.15 1.05 3.12 8.76 -3.42 0.13 0.34 2.42 1.61 1.54 1.53 1.59
0.08 0.15 1.02 1.20 8.07 -4.66 0.18 0.35 2.34 1.61 1.53 1.52 1.60
0.09 0.15 1.00 0.78 6.47 -5.93 0.23 0.35 2.28 1.60 1.54 1.54 1.59
0.11 0.17 0.97 0.17 3.75 -4.51 0.26 0.39 2.23 1.60 1.55 1.53 1.59
0.10 0.18 1.00 1.92 1.86 -3.49 0.24 0.43 2.30 1.60 1.54 1.54 1.59
0.08 0.16 1.04 4.24 2.78 -3.31 0.17 0.38 2.39 1.60 1.56 1.54 1.59
0.05 0.11 1.07 4.93 3.39 -4.71 0.11 0.25 2.45 1.61 1.55 1.52 1.60
0.04 0.07 1.05 6.04 4.13 -5.22 0.10 0.15 2.40 1.60 1.55 1.53 1.60
0.04 0.07 0.99 2.07 3.29 -4.74 0.09 0.16 2.28 1.60 1.55 1.54 1.59
0.06 0.09 0.97 -3.46 1.58 -4.42 0.13 0.20 2.23 1.59 1.56 1.53 1.60
0.08 0.11 0.98 -7.37 1.50 -3.16 0.19 0.25 2.23 1.61 1.54 1.54 1.60
0.10 0.12 1.00 -5.39 -0.60 -0.67 0.22 0.27 2.29 1.61 1.56 1.55 1.61
0.07 0.11 1.03 1.77 -3.21 0.39 0.15 0.25 2.38 1.60 1.54 1.53 1.60
0.05 0.07 1.08 6.61 -3.57 -0.68 0.11 0.16 2.47 1.60 1.56 1.53 1.60
0.03 0.04 1.04 7.61 -0.92 -0.07 0.06 0.08 2.40 1.59 1.56 1.53 1.60
0.03 0.04 1.02 1.08 3.47 2.60 0.07 0.09 2.34 1.60 1.55 1.54 1.60
0.06 0.07 1.01 -6.31 9.02 4.30 0.13 0.16 2.31 1.60 1.55 1.54 1.60
0.09 0.11 1.02 -11.38 10.71 5.79 0.20 0.25 2.33 1.60 1.55 1.53 1.59
0.11 0.12 1.03 -11.75 11.33 7.52 0.26 0.30 2.37 1.60 1.55 1.53 1.60
0.14 0.17 1.10 -11.23 13.66 9.06 0.32 0.40 2.53 1.60 1.54 1.54 1.60
0.13 0.19 1.16 -12.63 22.16 7.73 0.29 0.45 2.67 1.61 1.56 1.55 1.59
0.13 0.19 1.21 -19.63 34.62 4.47 0.30 0.43 2.78 1.61 1.55 1.53 1.60
0.13 0.19 1.23 -31.64 44.20 2.29 0.30 0.44 2.82 1.59 1.56 1.53 1.60
0.14 0.20 1.24 -48.47 48.66 4.56 0.34 0.46 2.84 1.60 1.56 1.53 1.60
0.18 0.25 1.27 -67.58 50.99 5.07 0.42 0.57 2.90 1.62 1.55 1.54 1.60
0.20 0.28 1.30 -85.73 58.70 6.50 0.47 0.65 2.98 1.60 1.56 1.53 1.59
0.22 0.32 1.33 -107.76 65.09 4.03 0.51 0.73 3.06 1.61 1.56 1.53 1.60
0.22 0.34 1.36 -124.50 73.39 1.66 0.50 0.78 3.11 1.61 1.55 1.54 1.60
0.18 0.35 1.35 -125.16 85.18 0.37 0.40 0.79 3.13 1.60 1.55 1.54 1.60
0.12 0.46 1.54 -51.56 96.69 -18.65 0.28 1.05 3.52 1.62 1.55 1.54 1.60
0.27 0.37 1.42 10.58 84.29 -55.90 0.51 0.81 3.22 1.61 1.55 1.54 1.60
0.27 0.32 1.33 25.58 63.60 -88.81 0.61 0.74 3.05 1.62 1.55 1.54 1.59
0.20 0.23 1.24 -12.98 45.88 -111.12 0.46 0.52 2.85 1.62 1.54 1.55 1.61
0.15 0.28 1.24 -126.40 11.82 -117.69 0.26 0.63 2.77 1.61 1.56 1.55 1.59
0.05 0.35 1.25 -209.76 132.20 -93.91 0.12 0.81 2.87 1.62 1.55 1.57 1.59
0.32 0.20 1.38 -117.62 227.56 -75.18 0.81 0.38 3.14 1.62 1.56 1.56 1.60
0.30 0.31 1.37 -66.53 143.89 -68.55 0.70 0.71 3.14 1.63 1.56 1.57 1.60
0.20 0.24 1.03 -83.33 72.91 -67.90 0.47 0.55 2.36 1.63 1.57 1.58 1.60
0.07 0.47 0.91 -112.57 42.34 -43.20 0.16 1.09 2.09 1.63 1.58 1.59 1.59
0.25 0.44 1.09 -54.86 156.42 -70.07 0.57 1.01 2.49 1.63 1.57 1.61 1.60
0.22 0.39 0.96 -64.79 125.04 -74.45 0.55 0.93 2.22 1.64 1.59 1.61 1.59
0.26 0.39 0.94 -55.06 157.51 -96.02 0.60 0.90 2.15 1.65 1.59 1.63 1.60
0.31 0.43 0.92 -21.43 199.02 -113.11 0.53 0.81 2.03 1.65 1.61 1.66 1.60
0.35 0.38 0.76 -0.10 248.70 -119.46 0.80 0.86 1.74 1.66 1.62 1.68 1.59
0.37 0.30 0.54 22.27 243.07 -113.37 0.84 0.64 1.23 1.67 1.63 1.73 1.59
0.32 0.23 0.74 25.63 241.50 -99.07 0.77 0.46 1.49 1.67 1.64 1.79 1.60
0.44 0.29 0.63 58.14 262.18 -98.58 1.00 0.66 1.44 1.67 1.68 1.82 1.61
0.42 0.32 0.73 72.83 286.68 -88.93 0.95 0.75 1.73 1.67 1.74 1.85 1.64
0.46 0.16 0.41 75.81 286.68 -102.44 1.05 0.36 0.94 1.68 1.79 1.89 1.68
0.62 0.06 0.58 83.56 286.68 -89.03 1.47 0.07 1.35 1.68 1.83 1.93 1.68
0.67 0.02 0.47 97.08 286.68 -54.20 1.60 0.05 1.12 1.67 1.89 1.97 1.71
0.67 0.16 0.28 87.44 286.68 -41.19 1.53 0.38 0.64 1.68 1.93 2.01 1.75
0.59 0.26 0.33 89.52 286.38 5.49 1.29 0.42 0.52 1.69 1.98 2.04 1.79
0.72 0.11 0.18 106.31 280.55 68.67 1.66 0.25 0.41 1.69 2.01 2.08 1.82
0.82 0.15 0.13 72.42 257.42 -7.50 1.75 0.26 0.24 1.69 2.04 2.09 1.86
0.75 0.06 0.14 64.34 213.39 -10.96 1.69 0.14 0.31 1.69 2.06 2.13 1.88
0.80 0.02 0.07 46.46 169.59 -12.76 1.84 0.05 0.16 1.70 2.08 2.13 1.90
0.82 0.00 0.07 23.94 152.14 -5.52 1.88 0.00 0.16 1.69 2.08 2.14 1.92
0.74 0.12 0.11 15.14 154.27 -1.95 1.70 0.27 0.26 1.70 2.11 2.16 1.95
0.73 0.10 -0.00 19.88 160.36 -13.27 1.64 0.24 0.10 1.69 2.13 2.18 1.98
0.76 0.16 -0.00 33.22 167.76 -19.19 1.80 0.33 -0.00 1.69 2.15 2.20 1.99
0.78 0.18 -0.10 47.26 153.88 -24.53 1.78 0.41 -0.24 1.69 2.17 2.23 2.00
0.88 0.04 -0.14 64.89 140.38 -17.93 2.08 0.05 -0.30 1.70 2.16 2.20 2.02
0.85 0.06 -0.14 73.87 115.93 -8.54 1.95 0.13 -0.32 1.71 2.18 2.26 2.04
0.85 0.07 -0.22 77.33 97.58 -2.54 1.99 0.17 -0.50 1.70 2.19 2.25 2.04
0.91 0.18 -0.10 87.78 87.14 1.25 1.99 0.42 -0.22 1.72 2.19 2.23 2.06
0.78 0.16 -0.16 92.59 82.12 -0.94 1.78 0.38 -0.36 1.70 2.21 2.24 2.07
0.86 0.14 -0.20 87.63 79.97 -2.58 1.99 0.22 -0.39 1.72 2.20 2.26 2.07
0.83 0.15 -0.14 91.71 83.26 -0.50 1.90 0.35 -0.31 1.73 2.20 2.26 2.08
0.91 0.13 -0.19 103.43 68.02 -2.28 2.23 0.27 -0.49 1.73 2.19 2.25 2.06
0.80 0.15 -0.19 111.64 42.68 5.77 2.01 0.42 -0.53 1.75 2.20 2.26 2.07
0.87 0.14 -0.20 107.99 24.86 7.91 2.00 0.33 -0.46 1.77 2.20 2.26 2.09
0.85 0.11 -0.21 89.76 6.75 19.70 1.73 0.17 -0.53 1.78 2.21 2.26 2.08
0.82 0.09 -0.19 73.25 11.38 26.70 1.89 0.21 -0.45 1.79 2.22 2.25 2.10
0.83 0.15 -0.25 52.97 8.76 31.45 1.95 0.37 -0.61 1.83 2.20 2.26 2.08
0.93 0.20 -0.25 39.37 20.09 29.83 2.07 0.42 -0.56 1.85 2.21 2.26 2.09
0.99 0.21 -0.30 39.69 22.72 25.02 2.28 0.48 -0.70 1.87 2.20 2.27 2.08
1.05 0.22 -0.36 35.32 11.72 20.92 2.40 0.52 -0.83 1.88 2.23 2.25 2.10
0.97 0.22 -0.33 26.39 -7.62 16.78 2.23 0.50 -0.75 1.92 2.21 2.26 2.08
0.95 0.20 -0.23 14.01 -12.64 12.28 2.21 0.45 -0.49 1.92 2.21 2.26 2.08
0.83 0.22 -0.15 2.87 -8.59 13.57 1.66 0.47 -0.33 1.95 2.20 2.27 2.08
0.82 0.23 -0.10 1.71 4.50 15.06 1.89 0.53 -0.24 1.97 2.20 2.26 2.06
0.90 0.27 -0.14 1.31 20.60 16.08 2.06 0.61 -0.32 1.99 2.19 2.24 2.08
0.86 0.24 -0.16 3.92 19.51 16.83 1.98 0.55 -0.36 2.00 2.20 2.24 2.07
0.91 0.23 -0.17 1.42 17.93 13.60 2.01 0.60 -0.43 1.99 2.20 2.26 2.06
0.91 0.26 -0.20 -0.58 12.88 7.32 2.00 0.62 -0.45 1.99 2.21 2.25 2.07
0.89 0.28 -0.16 0.94 11.88 2.33 2.05 0.63 -0.36 2.01 2.19 2.25 2.06
0.86 0.22 -0.13 1.42 15.47 0.58 1.96 0.49 -0.28 2.00 2.19 2.26 2.05
0.83 0.19 -0.11 -4.86 24.60 3.09 1.91 0.43 -0.26 2.01 2.20 2.25 2.05
0.87 0.22 -0.15 -7.90 32.50 5.48 2.00 0.51 -0.34 2.00 2.19 2.23 2.07
0.96 0.22 -0.28 -9.27 23.82 7.24 2.33 0.56 -0.58 2.01 2.18 2.25 2.06
1.05 0.24 -0.29 -8.44 5.87 3.59 2.42 0.55 -0.66 1.99 2.21 2.23 2.07
0.99 0.26 -0.29 -6.97 -11.27 -4.87 2.25 0.58 -0.65 2.00 2.18 2.25 2.05
0.85 0.23 -0.17 -5.64 -20.42 -9.01 1.92 0.54 -0.39 1.99 2.18 2.23 2.06
0.72 0.22 -0.06 -1.96 -10.06 -5.36 1.65 0.51 -0.14 2.01 2.18 2.25 2.05
0.83 0.17 -0.11 1.33 7.81 2.14 1.95 0.40 -0.29 1.99 2.17 2.23 2.06
1.01 0.19 -0.24 -0.65 7.63 6.33 2.32 0.45 -0.55 2.00 2.18 2.24 2.05
0.98 0.21 -0.22 -4.48 -4.29 6.14 2.25 0.48 -0.50 2.01 2.19 2.23 2.06
0.97 0.26 -0.19 -7.92 -7.18 1.98 2.24 0.60 -0.45 1.99 2.18 2.24 2.06
1.01 0.25 -0.20 -5.73 -11.63 -1.33 2.32 0.57 -0.45 2.00 2.17 2.24 2.05
0.92 0.27 -0.12 -6.40 -15.48 -4.19 2.09 0.61 -0.28 2.00 2.18 2.24 2.04
0.89 0.26 -0.10 -1.97 -7.47 -2.94 2.04 0.60 -0.23 2.01 2.17 2.22 2.07
0.94 0.23 -0.13 -0.11 -1.08 -1.05 2.16 0.52 -0.29 2.00 2.17 2.23 2.06
0.98 0.24 -0.15 -1.37 0.71 0.71 2.26 0.56 -0.33 1.99 2.19 2.22 2.06
1.00 0.26 -0.14 -1.46 -1.97 -1.05 2.31 0.59 -0.31 1.97 2.18 2.21 2.07
1.01 0.23 -0.15 -1.50 -5.55 -3.36 2.30 0.53 -0.35 1.99 2.18 2.22 2.04
0.99 0.22 -0.14 -3.17 -7.88 -4.57 2.27 0.50 -0.32 2.00 2.17 2.23 2.05
0.95 0.20 -0.11 -5.31 -6.93 -4.71 2.18 0.46 -0.26 1.98 2.17 2.24 2.05
0.89 0.21 -0.08 -6.41 -1.40 -2.30 2.04 0.50 -0.18 1.99 2.19 2.23 2.04
0.95 0.23 -0.11 -4.55 7.19 0.90 2.19 0.52 -0.25 1.97 2.18 2.22 2.04
0.99 0.23 -0.15 -2.64 6.05 2.41 2.28 0.53 -0.33 1.98 2.17 2.24 2.03
1.00 0.22 -0.15 -2.35 2.61 2.13 2.29 0.52 -0.35 1.98 2.16 2.24 2.03
1.00 0.22 -0.15 -3.33 -0.33 1.56 2.29 0.51 -0.34 1.99 2.18 2.23 2.05
0.98 0.23 -0.15 -4.75 -1.47 0.17 2.25 0.52 -0.35 1.98 2.18 2.23 2.04
0.97 0.24 -0.14 -6.98 -0.90 -0.95 2.22 0.56 -0.32 1.97 2.19 2.21 2.06
0.88 0.27 -0.07 -6.93 3.61 -0.70 2.02 0.61 -0.17 1.98 2.19 2.23 2.03
0.91 0.24 -0.10 -5.60 14.30 0.46 2.08 0.52 -0.23 1.98 2.16 2.24 2.04
0.98 0.23 -0.13 -7.19 18.04 2.63 2.25 0.53 -0.31 1.99 2.16 2.22 2.04
1.01 0.24 -0.15 -10.03 15.41 2.41 2.31 0.56 -0.35 1.99 2.16 2.21 2.05
1.01 0.25 -0.17 -11.59 12.07 0.44 2.32 0.57 -0.41 1.97 2.19 2.21 2.06
1.03 0.23 -0.19 -13.60 7.57 -1.00 2.36 0.54 -0.45 1.97 2.18 2.21 2.06
0.99 0.23 -0.21 -16.90 1.51 -4.58 2.27 0.55 -0.50 1.97 2.17 2.22 2.03
1.05 0.24 -0.28 -21.43 0.07 -9.20 2.40 0.54 -0.65 1.98 2.16 2.24 2.03
0.86 0.30 -0.14 -29.02 -7.32 -13.45 1.97 0.68 -0.33 1.99 2.15 2.24 2.03
0.74 0.30 -0.06 -22.21 7.88 -12.42 1.72 0.66 -0.15 1.97 2.17 2.21 2.05
0.86 0.21 -0.14 -19.14 31.76 -10.70 1.98 0.49 -0.31 1.97 2.17 2.22 2.03
0.93 0.18 -0.20 -20.94 30.48 -6.52 2.12 0.43 -0.50 1.94 2.16 2.23 2.04
0.99 0.19 -0.29 -26.70 24.78 -5.94 2.29 0.45 -0.69 1.94 2.15 2.24 2.03
1.02 0.22 -0.34 -30.01 14.11 -7.28 2.35 0.51 -0.78 1.94 2.15 2.21 2.03
0.97 0.25 -0.34 -31.68 4.08 -16.10 2.19 0.54 -0.79 1.91 2.16 2.22 2.03
0.92 0.24 -0.39 -41.18 0.21 -25.53 2.10 0.56 -0.89 1.91 2.15 2.21 2.04
0.82 0.23 -0.37 -46.49 -6.53 -34.66 1.87 0.53 -0.84 1.89 2.15 2.21 2.01
0.74 0.18 -0.32 -51.56 -8.68 -37.17 1.72 0.41 -0.82 1.86 2.14 2.20 2.02
0.73 0.21 -0.40 -59.81 -9.06 -33.65 1.67 0.49 -0.92 1.84 2.13 2.20 1.99
0.69 0.27 -0.44 -66.59 -15.36 -30.04 1.67 0.63 -1.00 1.84 2.11 2.17 1.99
0.71 0.24 -0.46 -73.65 -23.99 -26.51 1.62 0.56 -1.06 1.81 2.10 2.17 1.97
0.78 0.22 -0.56 -84.35 -42.79 -23.21 1.74 0.56 -1.24 1.81 2.07 2.13 1.94
0.69 0.28 -0.46 -97.40 -63.22 -23.53 1.59 0.68 -1.11 1.80 2.05 2.12 1.93
0.68 0.29 -0.43 -98.06 -81.93 -29.47 1.56 0.66 -0.98 1.80 2.03 2.10 1.88
0.67 0.27 -0.42 -94.95 -96.58 -36.40 1.47 0.62 -0.93 1.81 1.99 2.06 1.86
0.59 0.19 -0.49 -91.82 -121.26 -36.51 1.35 0.44 -1.12 1.80 1.96 2.02 1.82
0.58 0.17 -0.52 -84.68 -138.67 -28.41 1.39 0.27 -1.31 1.79 1.94 1.97 1.80
0.69 -0.01 -0.58 -72.45 -168.46 -16.62 1.58 -0.03 -1.34 1.79 1.92 1.95 1.80
0.55 -0.14 -0.57 -65.79 -207.02 3.19 1.26 -0.32 -1.30 1.79 1.91 1.92 1.75
0.35 -0.19 -0.57 -80.57 -247.16 23.50 0.90 -0.32 -1.37 1.76 1.87 1.90 1.73
0.23 -0.17 -0.68 -82.34 -285.24 36.54 0.52 -0.40 -1.56 1.76 1.86 1.87 1.73
0.08 -0.30 -0.82 -65.72 -286.72 54.42 0.26 -0.70 -1.88 1.76 1.83 1.82 1.69
-0.17 -0.51 -0.78 11.71 -286.72 85.22 -0.39 -1.18 -1.80 1.73 1.78 1.80 1.67
-0.16 -0.51 -0.79 87.84 -286.72 155.72 -0.47 -1.30 -2.00 1.71 1.74 1.77 1.64
-0.34 -0.54 -0.47 105.40 -286.72 177.55 -0.79 -1.25 -1.07 1.71 1.68 1.73 1.60
-0.30 0.01 -0.28 114.48 -286.72 125.86 -0.68 0.02 -0.65 1.67 1.63 1.70 1.58
-1.08 -0.31 -0.51 28.07 -286.72 82.57 -2.52 -0.83 -1.25 1.65 1.60 1.66 1.58
-1.45 0.05 0.05 -12.34 -286.72 74.42 -3.32 0.11 0.10 1.63 1.56 1.61 1.56
-1.47 0.51 0.77 -54.66 -286.72 42.34 -3.34 1.28 1.86 1.61 1.54 1.58 1.56
-1.12 0.33 1.31 -228.78 -286.72 -17.57 -2.58 0.75 3.00 1.60 1.53 1.54 1.56
-1.14 0.23 1.93 -286.72 -286.72 -44.68 -2.51 0.90 4.59 1.59 1.53 1.52 1.56
-0.13 1.57 2.00 -286.72 -286.72 -20.63 -0.30 3.59 4.59 1.60 1.54 1.50 1.58
-0.36 1.68 2.00 -181.88 -286.72 -13.06 -0.82 3.87 4.59 1.59 1.54 1.50 1.59
-0.89 1.57 2.00 143.97 -280.62 88.10 -1.84 3.14 4.59 1.59 1.53 1.50 1.56
-1.17 1.43 2.00 95.44 -65.36 156.61 -2.68 3.28 4.59 1.60 1.52 1.50 1.57
0.17 0.74 2.00 201.50 157.54 139.87 0.42 1.65 4.59 1.59 1.52 1.51 1.57
0.42 0.90 2.00 63.06 54.39 24.00 0.96 2.07 4.59 1.60 1.53 1.50 1.56
0.44 0.45 1.86 125.90 32.81 -37.24 1.06 0.97 4.11 1.60 1.52 1.52 1.57
0.22 0.55 1.90 208.09 -55.66 -39.72 0.64 1.07 4.36 1.60 1.53 1.52 1.58
0.42 -0.14 1.55 162.98 -62.37 -41.50 0.96 -0.32 3.56 1.59 1.54 1.52 1.58
0.26 0.07 1.36 54.44 15.84 -13.58 0.65 0.03 2.96 1.60 1.53 1.52 1.58
0.34 0.14 1.14 17.27 71.88 -11.03 0.78 0.32 2.61 1.59 1.53 1.52 1.58
0.47 0.17 1.15 20.91 67.38 -18.14 1.02 0.47 2.73 1.60 1.55 1.51 1.57
0.44 0.20 1.08 70.05 -1.64 -29.20 1.01 0.46 2.47 1.60 1.55 1.50 1.57
0.28 0.25 1.00 84.06 -37.21 -19.83 0.63 0.57 2.29 1.61 1.53 1.53 1.57
0.23 0.18 1.12 73.64 -40.81 0.84 0.50 0.35 2.53 1.61 1.52 1.53 1.58
0.14 0.14 1.15 33.11 -13.63 3.98 0.32 0.32 2.65 1.59 1.54 1.52 1.59
0.14 0.08 1.21 3.32 9.59 1.75 0.31 0.18 2.75 1.59 1.55 1.52 1.59
0.12 0.10 1.12 -20.54 28.75 4.04 0.28 0.24 2.56 1.59 1.54 1.54 1.58
0.15 0.17 1.05 -28.36 35.67 11.33 0.35 0.40 2.40 1.61 1.54 1.52 1.58
0.22 0.26 0.98 -21.82 27.48 14.94 0.51 0.62 2.25 1.60 1.54 1.54 1.58
0.22 0.33 0.93 -7.50 11.23 10.21 0.52 0.75 2.14 1.60 1.54 1.52 1.58
0.21 0.30 0.95 10.19 -6.59 5.74 0.49 0.67 2.19 1.60 1.54 1.52 1.59
0.12 0.16 0.96 19.82 -18.14 -0.60 0.27 0.39 2.20 1.61 1.54 1.53 1.59
0.08 0.04 0.99 22.47 -19.18 -4.49 0.19 0.10 2.27 1.60 1.55 1.53 1.58
0.08 -0.00 0.99 10.51 -8.29 -4.93 0.19 0.00 2.27 1.60 1.54 1.53 1.59
0.12 0.09 0.96 -5.23 6.68 2.64 0.28 0.20 2.20 1.61 1.54 1.53 1.58
0.17 0.20 0.96 -16.21 14.00 8.22 0.40 0.50 2.19 1.60 1.54 1.54 1.58
0.20 0.26 0.96 -12.61 10.54 8.87 0.45 0.59 2.18 1.61 1.53 1.54 1.58
0.17 0.22 0.98 -0.74 -5.01 5.98 0.38 0.51 2.26 1.59 1.54 1.53 1.58
0.15 0.17 1.00 12.69 -17.69 2.66 0.33 0.38 2.32 1.62 1.54 1.53 1.59
0.12 0.13 1.01 13.11 -17.47 -1.13 0.28 0.29 2.32 1.60 1.54 1.54 1.58
0.13 0.14 1.04 1.81 -6.38 -1.79 0.31 0.31 2.38 1.60 1.55 1.53 1.58
0.14 0.18 1.04 -10.40 9.54 -0.52 0.35 0.42 2.37 1.60 1.53 1.53 1.59
0.16 0.23 1.03 -17.19 20.04 -0.95 0.36 0.52 2.37 1.60 1.55 1.53 1.58
0.15 0.20 1.01 -10.92 16.98 -4.10 0.33 0.45 2.32 1.61 1.54 1.53 1.58
0.13 0.18 0.99 -0.53 5.30 -6.04 0.32 0.39 2.27 1.60 1.55 1.54 1.60
0.13 0.13 0.98 6.16 -5.97 -6.83 0.30 0.30 2.25 1.59 1.56 1.53 1.59
0.12 0.11 0.98 5.94 -9.69 -6.49 0.28 0.25 2.24 1.59 1.55 1.54 1.59
0.13 0.12 1.00 -1.81 -5.07 -6.30 0.29 0.26 2.29 1.60 1.55 1.54 1.58
0.14 0.11 1.01 -7.69 4.52 -6.88 0.31 0.26 2.32 1.63 1.54 1.54 1.59
0.14 0.13 1.00 -10.47 11.99 -7.11 0.32 0.29 2.29 1.61 1.55 1.53 1.58
0.14 0.14 0.97 -8.11 12.19 -5.79 0.31 0.32 2.22 1.62 1.55 1.54 1.59
0.14 0.14 0.94 -1.92 4.84 -3.58 0.33 0.31 2.15 1.60 1.56 1.53 1.59
0.14 0.12 0.93 4.04 -5.91 -1.50 0.32 0.27 2.13 1.59 1.56 1.53 1.60
0.14 0.12 0.94 4.68 -10.67 0.31 0.33 0.27 2.15 1.61 1.55 1.53 1.59
0.15 0.14 0.98 -0.33 -6.28 1.66 0.34 0.33 2.26 1.61 1.54 1.54 1.59
0.16 0.16 1.01 -4.86 3.40 0.84 0.37 0.36 2.32 1.61 1.56 1.54 1.60
0.18 0.18 1.02 -4.16 10.91 -0.34 0.41 0.40 2.33 1.60 1.54 1.54 1.60
0.17 0.17 0.98 -1.07 14.11 -1.58 0.40 0.39 2.24 1.61 1.55 1.54 1.60
0.16 0.15 0.96 4.61 8.76 -1.94 0.36 0.35 2.20 1.61 1.54 1.55 1.58
0.16 0.15 0.95 4.90 1.42 -1.81 0.36 0.33 2.17 1.61 1.55 1.55 1.59
0.17 0.14 0.96 0.78 -4.38 -0.04 0.38 0.32 2.22 1.61 1.55 1.55 1.60
0.16 0.15 1.00 -3.12 -5.43 0.28 0.38 0.34 2.29 1.60 1.56 1.54 1.60
0.15 0.12 1.01 -3.75 -2.82 -0.01 0.35 0.27 2.33 1.62 1.55 1.54 1.60
0.17 0.12 1.02 -2.60 2.49 0.78 0.38 0.27 2.34 1.61 1.56 1.55 1.60
0.18 0.14 1.02 -0.88 7.42 1.41 0.42 0.31 2.35 1.61 1.55 1.53 1.59
0.20 0.15 1.05 -3.32 11.87 4.00 0.47 0.35 2.43 1.62 1.54 1.55 1.59
0.19 0.19 1.08 -11.59 18.58 4.89 0.44 0.43 2.48 1.61 1.56 1.55 1.59
0.18 0.21 1.06 -17.11 24.02 4.47 0.41 0.47 2.43 1.60 1.55 1.55 1.60
0.18 0.18 1.06 -19.14 23.54 3.25 0.40 0.41 2.41 1.60 1.54 1.55 1.61
0.18 0.17 1.04 -19.06 19.45 2.73 0.40 0.39 2.38 1.62 1.56 1.55 1.60
0.19 0.15 1.04 -18.30 16.42 5.21 0.44 0.36 2.40 1.60 1.56 1.56 1.60
0.19 0.17 1.09 -18.64 19.48 8.76 0.45 0.39 2.50 1.61 1.55 1.56 1.59
0.20 0.18 1.11 -22.57 29.72 11.48 0.46 0.40 2.54 1.62 1.56 1.56 1.58
0.21 0.19 1.09 -26.82 42.18 10.55 0.49 0.45 2.51 1.61 1.55 1.55 1.60
0.20 0.19 1.08 -32.92 52.79 6.34 0.46 0.43 2.49 1.62 1.56 1.54 1.59
0.20 0.21 1.03 -40.62 55.71 3.43 0.49 0.52 2.35 1.62 1.57 1.55 1.59
0.25 0.23 1.02 -48.02 53.18 4.87 0.57 0.52 2.34 1.62 1.57 1.56 1.60
0.28 0.28 1.04 -53.89 51.72 1.92 0.63 0.64 2.37 1.62 1.56 1.55 1.59
0.34 0.29 1.12 -64.86 41.37 2.45 0.76 0.68 2.53 1.62 1.58 1.55 1.60
0.30 0.34 1.13 -70.86 41.09 0.31 0.69 0.78 2.60 1.62 1.57 1.57 1.59
0.30 0.35 1.25 -79.13 48.88 -5.53 0.68 0.84 2.86 1.64 1.57 1.57 1.60
0.32 0.39 1.25 -71.14 72.41 -23.05 0.74 0.89 2.86 1.65 1.57 1.59 1.59
0.31 0.39 1.21 -51.44 87.24 -37.17 0.71 0.89 2.76 1.66 1.59 1.61 1.59
0.37 0.32 1.27 -50.27 69.71 -46.32 0.81 0.73 2.86 1.67 1.60 1.61 1.60
0.39 0.39 1.24 -36.41 54.04 -50.82 0.89 0.90 2.85 1.68 1.59 1.65 1.58
0.28 0.43 1.08 -40.35 31.46 -51.12 0.64 0.98 2.46 1.68 1.60 1.66 1.58
0.30 0.33 1.04 0.84 37.45 -55.68 0.70 0.76 2.39 1.69 1.61 1.69 1.60
0.35 0.25 1.06 6.35 36.55 -54.07 0.77 0.58 2.39 1.70 1.61 1.73 1.59
0.28 0.19 0.98 18.77 69.12 -57.67 0.67 0.36 2.24 1.70 1.61 1.76 1.59
0.33 0.12 1.13 2.36 94.18 -52.33 0.76 0.28 2.59 1.70 1.62 1.80 1.61
0.39 0.19 1.07 -23.84 114.58 -43.03 0.87 0.41 2.44 1.70 1.64 1.84 1.60
0.44 0.31 1.10 -40.63 130.42 -40.28 1.01 0.71 2.53 1.72 1.69 1.88 1.64
0.47 0.49 1.08 -36.37 147.64 -54.82 1.11 1.13 2.49 1.72 1.75 1.90 1.67
0.43 0.51 0.79 -1.93 149.01 -67.41 1.03 1.15 1.82 1.71 1.83 1.95 1.70
0.56 0.41 0.97 41.55 148.11 -67.65 1.30 0.94 2.23 1.73 1.90 2.00 1.73
0.53 0.33 0.89 76.62 133.95 -55.45 1.19 0.77 2.03 1.73 1.94 2.02 1.76
0.43 0.22 0.90 100.82 123.12 -51.82 1.00 0.51 2.07 1.73 1.98 2.05 1.80
0.52 0.17 0.91 108.41 129.32 -48.06 1.14 0.47 2.14 1.73 2.03 2.08 1.85
0.41 0.11 0.93 112.13 136.97 -40.10 0.95 0.26 2.12 1.71 2.07 2.11 1.89
0.44 -0.02 0.81 94.24 150.35 -36.99 1.01 -0.01 1.88 1.71 2.12 2.13 1.94
0.61 0.06 0.91 64.68 167.66 -10.59 1.34 -0.15 2.05 1.69 2.14 2.15 1.99
0.54 0.10 0.78 53.90 189.46 -2.62 1.25 0.23 1.79 1.67 2.15 2.20 2.01
0.59 0.21 0.71 62.72 195.72 -3.65 1.29 0.53 1.68 1.69 2.17 2.21 2.03
0.61 0.33 0.77 90.28 204.40 -6.96 1.41 0.76 1.77 1.69 2.17 2.23 2.03
0.61 0.25 0.79 114.37 192.46 -10.85 1.41 0.58 1.78 1.68 2.19 2.24 2.04
0.53 0.17 0.72 136.52 182.77 -17.65 1.24 0.41 1.65 1.68 2.21 2.25 2.05
0.62 -0.04 0.58 108.97 162.64 -17.29 1.43 -0.09 1.34 1.67 2.23 2.25 2.08
0.68 -0.18 0.55 85.76 149.90 7.45 1.56 -0.33 1.37 1.66 2.23 2.25 2.10
0.71 -0.04 0.46 62.24 140.99 23.91 1.62 -0.08 1.05 1.67 2.23 2.26 2.09
0.74 0.19 0.50 64.08 138.07 35.38 1.70 0.41 1.07 1.68 2.21 2.30 2.08
0.68 0.24 0.45 83.60 135.11 39.89 1.55 0.56 1.04 1.67 2.23 2.29 2.09
0.63 0.28 0.53 98.76 148.21 40.89 1.45 0.56 1.26 1.69 2.22 2.29 2.09
0.46 0.04 0.50 109.99 140.60 29.67 1.14 0.13 0.98 1.70 2.23 2.29 2.08
0.67 -0.09 0.39 98.15 145.57 46.71 1.54 -0.20 0.90 1.71 2.24 2.27 2.08
0.63 -0.25 0.18 77.71 143.13 79.57 1.78 -0.52 0.22 1.75 2.22 2.29 2.10
0.87 -0.13 0.14 54.25 134.25 92.59 1.99 -0.29 0.32 1.80 2.24 2.28 2.07
0.92 -0.00 0.10 35.58 129.19 89.01 2.16 0.03 0.18 1.82 2.23 2.27 2.09
0.97 0.15 0.04 25.22 122.78 67.31 2.34 0.61 0.08 1.83 2.22 2.28 2.07
0.99 0.22 0.06 23.90 108.49 51.00 2.27 0.51 0.14 1.86 2.23 2.28 2.10
0.80 0.19 0.06 32.86 112.52 33.56 2.05 0.48 0.15 1.88 2.21 2.28 2.07
0.94 0.10 0.06 28.49 119.57 28.00 2.15 0.22 0.15 1.89 2.22 2.26 2.07
0.95 0.08 0.03 17.47 111.19 26.59 2.28 0.17 0.07 1.91 2.21 2.26 2.08
1.02 0.11 -0.00 7.48 94.71 31.32 2.35 0.26 -0.01 1.93 2.24 2.25 2.08
1.01 0.22 0.01 0.33 82.38 32.74 2.31 0.51 0.02 1.94 2.21 2.26 2.07
0.94 0.26 0.03 0.74 73.63 27.64 2.13 0.45 0.11 1.95 2.21 2.25 2.07
0.88 0.23 0.08 -1.19 74.69 20.94 2.01 0.52 0.18 1.96 2.23 2.24 2.06
0.78 0.14 0.12 -3.12 86.86 20.84 1.79 0.37 0.27 1.96 2.23 2.24 2.07
0.80 0.14 0.05 -8.51 104.08 18.78 1.89 0.33 0.12 1.99 2.20 2.25 2.06
1.01 0.12 -0.07 -11.53 101.64 24.01 2.31 0.28 -0.17 1.96 2.20 2.26 2.08
1.04 0.15 -0.12 -14.51 81.91 29.08 2.38 0.33 -0.27 1.98 2.22 2.24 2.06
1.02 0.18 -0.14 -15.87 66.65 25.61 2.34 0.42 -0.32 1.98 2.19 2.25 2.05
0.98 0.19 -0.14 -13.68 52.36 19.92 2.24 0.43 -0.31 1.99 2.20 2.24 2.05
0.86 0.17 -0.09 -11.47 41.79 14.76 1.97 0.38 -0.21 1.98 2.21 2.23 2.06
0.72 0.16 -0.01 -11.45 43.41 14.25 1.64 0.38 -0.03 1.99 2.19 2.23 2.05
0.75 0.12 -0.03 -8.96 56.63 18.96 1.72 0.27 -0.09 1.98 2.19 2.24 2.06
0.84 0.12 -0.10 -13.78 61.18 23.13 1.92 0.28 -0.22 1.97 2.19 2.25 2.07
0.88 0.14 -0.13 -17.96 56.77 26.26 2.04 0.34 -0.28 1.97 2.20 2.23 2.06
0.87 0.19 -0.10 -20.21 49.10 25.13 2.00 0.45 -0.23 1.98 2.19 2.24 2.05
0.85 0.24 -0.08 -16.20 45.49 22.01 1.96 0.53 -0.18 1.98 2.20 2.23 2.06
0.86 0.23 -0.06 -12.49 43.92 16.52 1.96 0.49 -0.13 1.96 2.18 2.23 2.04
0.85 0.20 -0.06 -10.57 45.33 15.76 1.94 0.46 -0.13 1.98 2.18 2.25 2.05
0.92 0.21 -0.11 -9.70 47.84 14.83 2.14 0.48 -0.26 1.97 2.19 2.23 2.05
0.98 0.23 -0.18 -8.30 41.76 13.73 2.25 0.53 -0.40 1.98 2.19 2.22 2.06
0.98 0.23 -0.21 -7.26 27.78 11.60 2.25 0.52 -0.48 1.96 2.19 2.25 2.04
0.90 0.27 -0.16 -7.60 16.31 7.41 2.04 0.63 -0.37 1.96 2.19 2.24 2.04
0.81 0.26 -0.11 -4.47 19.33 5.47 1.85 0.59 -0.24 1.98 2.18 2.23 2.06
0.84 0.24 -0.13 -2.60 27.05 3.54 1.94 0.53 -0.32 1.96 2.20 2.21 2.06
0.89 0.21 -0.19 -2.57 28.25 4.24 2.04 0.47 -0.44 1.97 2.20 2.24 2.06
0.93 0.20 -0.23 -4.09 23.54 5.50 2.14 0.48 -0.54 1.96 2.17 2.21 2.04
0.97 0.25 -0.28 -7.03 14.74 3.26 2.24 0.57 -0.63 1.97 2.18 2.22 2.05
0.99 0.25 -0.27 -6.67 6.48 1.19 2.27 0.58 -0.61 1.97 2.18 2.23 2.04
0.89 0.26 -0.21 -7.02 -1.70 -3.70 2.05 0.58 -0.45 1.98 2.18 2.24 2.04
0.78 0.25 -0.13 -3.21 2.83 -3.95 1.78 0.57 -0.29 1.98 2.18 2.25 2.03
0.85 0.19 -0.15 1.78 13.91 -0.54 1.95 0.45 -0.34 1.98 2.17 2.24 2.03
0.91 0.18 -0.19 -1.95 17.40 1.43 2.11 0.43 -0.46 1.98 2.19 2.21 2.06
1.03 0.22 -0.26 -5.78 13.19 2.41 2.36 0.51 -0.60 1.95 2.18 2.23 2.04
1.01 0.24 -0.24 -6.01 -0.03 1.03 2.29 0.55 -0.55 1.96 2.17 2.22 2.04
0.98 0.24 -0.21 -2.29 -6.42 -2.20 2.25 0.54 -0.47 1.97 2.19 2.24 2.03
0.91 0.24 -0.15 -3.69 -9.20 -5.45 2.08 0.55 -0.35 1.96 2.18 2.24 2.03
0.82 0.22 -0.08 0.73 -3.25 -5.07 1.87 0.50 -0.18 1.97 2.19 2.21 2.05
0.87 0.17 -0.10 2.48 10.35 -0.27 2.00 0.39 -0.23 1.95 2.17 2.23 2.04
0.94 0.20 -0.16 -2.13 15.37 4.08 2.16 0.45 -0.36 1.97 2.20 2.21 2.03
1.02 0.26 -0.20 -4.56 15.01 3.35 2.37 0.60 -0.48 1.96 2.18 2.22 2.04
1.07 0.22 -0.24 -2.27 2.40 1.15 2.45 0.49 -0.56 1.98 2.17 2.24 2.03
1.02 0.18 -0.24 -3.34 -10.01 -1.06 2.30 0.45 -0.53 1.96 2.17 2.23 2.03
0.94 0.22 -0.17 -6.32 -14.97 -3.04 2.13 0.52 -0.39 1.95 2.18 2.23 2.03
0.89 0.23 -0.13 -6.19 -8.72 -3.99 2.04 0.52 -0.30 1.97 2.19 2.21 2.05
0.85 0.25 -0.08 -7.79 0.46 -1.93 1.93 0.56 -0.19 1.97 2.18 2.21 2.05
0.87 0.24 -0.10 -8.40 14.33 0.49 2.01 0.55 -0.23 1.95 2.19 2.21 2.04
0.94 0.24 -0.15 -11.94 20.76 2.70 2.16 0.54 -0.34 1.94 2.18 2.22 2.03
0.97 0.23 -0.16 -16.69 23.99 4.36 2.23 0.54 -0.37 1.95 2.17 2.23 2.03
0.98 0.23 -0.21 -20.19 20.87 4.03 2.26 0.54 -0.47 1.95 2.18 2.23 2.04
1.00 0.23 -0.24 -16.86 15.82 5.94 2.27 0.52 -0.58 1.94 2.18 2.21 2.04
1.00 0.20 -0.25 -10.14 4.93 7.47 2.28 0.44 -0.59 1.94 2.18 2.23 2.03
0.98 0.17 -0.33 -15.55 -5.50 3.98 2.25 0.40 -0.75 1.93 2.16 2.24 2.01
1.02 0.23 -0.38 -27.45 -16.51 -3.39 2.29 0.54 -0.85 1.93 2.18 2.23 2.04
0.91 0.28 -0.34 -41.41 -28.70 -12.62 2.08 0.64 -0.79 1.93 2.18 2.21 2.01
0.77 0.32 -0.45 -50.99 -31.26 -19.96 1.29 0.81 -0.75 1.90 2.17 2.21 2.02
0.86 0.35 -0.33 -48.97 -19.59 -21.22 1.97 0.82 -0.76 1.88 2.16 2.20 2.00
0.76 0.32 -0.36 -43.92 -27.84 -21.67 1.73 0.74 -0.83 1.87 2.13 2.21 1.99
0.78 0.26 -0.44 -41.83 -43.40 -23.98 1.92 0.58 -0.99 1.86 2.13 2.20 2.00
0.84 0.29 -0.44 -42.08 -64.90 -22.85 1.92 0.68 -1.01 1.84 2.11 2.16 1.98
0.76 0.25 -0.40 -44.62 -88.28 -22.25 1.60 0.61 -0.86 1.84 2.07 2.15 1.93
0.60 0.23 -0.27 -51.82 -111.11 -29.80 1.39 0.52 -0.63 1.82 2.05 2.13 1.90
0.55 0.17 -0.29 -61.56 -122.33 -36.99 1.25 0.40 -0.66 1.81 2.02 2.08 1.89
0.57 0.14 -0.29 -63.83 -125.68 -39.10 1.31 0.29 -0.67 1.82 1.98 2.06 1.84
0.59 0.04 -0.32 -68.21 -133.91 -39.01 1.35 0.08 -0.74 1.80 1.97 2.02 1.84
0.56 0.09 -0.35 -65.69 -150.85 -33.17 1.31 0.20 -0.78 1.82 1.93 1.97 1.81
0.63 0.12 -0.35 -52.11 -161.21 -27.29 1.45 0.28 -0.81 1.79 1.92 1.94 1.79
0.66 0.11 -0.44 -38.53 -192.55 -27.32 1.51 0.22 -1.01 1.80 1.90 1.91 1.76
0.58 0.06 -0.43 -33.25 -236.12 -21.64 1.31 0.09 -1.05 1.79 1.87 1.87 1.73
0.49 0.13 -0.49 -6.49 -286.72 -25.61 1.11 0.30 -1.12 1.78 1.85 1.85 1.71
0.30 -0.01 -0.51 8.62 -286.72 -8.46 0.54 -0.32 -1.41 1.78 1.81 1.82 1.68
0.10 -0.38 -0.61 15.44 -286.72 23.83 0.23 -0.88 -1.39 1.75 1.81 1.78 1.66
-0.02 -0.38 -0.74 21.41 -286.72 64.51 -0.25 -0.87 -1.63 1.75 1.75 1.76 1.63
0.17 -0.60 -0.86 52.24 -286.72 126.08 0.46 -1.09 -1.74 1.72 1.74 1.71 1.63
0.06 -0.43 -0.79 76.90 -286.72 167.09 0.15 -0.98 -1.82 1.71 1.69 1.69 1.59
-0.26 -0.26 -0.68 106.50 -286.72 134.24 -0.73 -0.61 -1.55 1.67 1.63 1.66 1.58
-0.83 -0.42 -0.80 131.50 -286.72 91.60 -1.90 -0.96 -1.84 1.64 1.59 1.60 1.58
-1.33 -0.07 -0.23 81.63 -286.72 121.18 -3.21 -0.17 -0.23 1.62 1.55 1.57 1.56
-1.59 0.18 0.38 -30.41 -286.72 137.37 -3.65 0.40 0.86 1.59 1.54 1.52 1.58
-1.38 0.43 1.94 -50.22 -286.72 44.04 -3.16 0.99 4.46 1.60 1.54 1.50 1.57
-0.71 0.36 2.00 -215.15 -286.72 -94.83 -1.60 0.91 4.59 1.59 1.53 1.50 1.58
-0.84 0.35 2.00 -258.70 -286.72 -180.09 -1.92 0.80 4.59 1.61 1.52 1.49 1.58
-0.67 0.61 2.00 -154.89 -250.39 -196.84 -1.38 1.30 4.59 1.59 1.52 1.50 1.58
-0.81 1.86 2.00 -201.77 -286.72 -48.85 -1.85 4.28 4.59 1.60 1.52 1.51 1.56
-1.25 1.20 2.00 95.05 174.67 115.93 -2.45 1.42 4.59 1.60 1.52 1.51 1.57
0.55 0.78 2.00 283.81 70.72 59.81 1.60 1.62 4.59 1.59 1.53 1.49 1.59
-0.05 0.60 2.00 212.85 -43.44 -98.73 -0.13 1.39 4.59 1.59 1.53 1.50 1.57
0.30 0.70 2.00 57.29 77.80 -64.13 0.87 1.17 4.59 1.60 1.54 1.52 1.59
0.49 -0.67 1.40 286.22 113.06 -100.65 1.13 -1.55 3.22 1.59 1.54 1.50 1.59
0.43 0.59 0.98 148.66 -69.30 -51.23 0.89 0.70 2.32 1.61 1.53 1.52 1.58
0.35 0.07 0.61 95.15 -29.30 -31.76 0.80 0.16 1.39 1.60 1.53 1.52 1.58
0.37 -0.02 1.01 62.83 -53.06 -36.37 0.85 -0.06 2.33 1.59 1.54 1.52 1.56
0.34 -0.29 1.21 54.30 -32.94 -12.81 0.75 -0.72 2.65 1.60 1.54 1.52 1.58
0.16 -0.11 0.88 52.05 -29.87 8.37 0.36 -0.25 2.02 1.61 1.53 1.52 1.58
0.22 -0.11 0.90 -1.29 6.48 12.09 0.48 -0.22 2.09 1.60 1.53 1.50 1.58
0.15 0.08 0.84 -39.49 29.55 10.36 0.33 0.18 1.93 1.60 1.54 1.52 1.58
0.17 0.10 0.97 -47.39 36.25 17.82 0.40 0.23 2.22 1.60 1.54 1.53 1.58
0.13 0.12 0.97 -50.72 39.72 23.28 0.27 0.25 2.28 1.60 1.54 1.52 1.59
0.10 0.12 1.05 -44.00 29.47 28.72 0.22 0.28 2.41 1.61 1.54 1.51 1.58
0.14 0.16 1.17 -27.59 14.19 25.46 0.32 0.37 2.68 1.61 1.55 1.52 1.58
0.14 0.17 1.08 -9.54 2.20 14.25 0.32 0.39 2.49 1.60 1.54 1.53 1.59
0.14 0.14 1.05 8.27 -7.78 7.83 0.32 0.32 2.40 1.60 1.55 1.51 1.59
0.13 0.14 1.02 12.77 -11.94 2.86 0.31 0.29 2.34 1.60 1.55 1.52 1.58
0.15 0.10 1.00 9.88 -9.48 1.44 0.34 0.22 2.30 1.61 1.53 1.54 1.58
0.13 0.09 0.95 6.86 -5.46 0.80 0.29 0.21 2.18 1.61 1.55 1.53 1.59
0.13 0.07 0.94 1.66 -3.05 0.72 0.30 0.16 2.15 1.61 1.54 1.53 1.59
0.12 0.07 0.94 -2.00 -2.25 -2.93 0.27 0.16 2.15 1.60 1.55 1.52 1.59
0.12 0.05 0.94 -1.56 -2.43 -6.54 0.27 0.12 2.15 1.61 1.54 1.53 1.59
0.12 0.05 0.94 -2.24 -2.45 -8.63 0.27 0.13 2.17 1.60 1.54 1.53 1.59
0.12 0.05 0.96 -1.63 -0.20 -7.35 0.28 0.12 2.20 1.61 1.54 1.53 1.59
0.12 0.06 1.00 -0.46 1.08 -4.14 0.29 0.13 2.30 1.60 1.54 1.53 1.59
0.11 0.03 1.04 -0.01 1.93 -0.81 0.24 0.07 2.40 1.61 1.56 1.54 1.58
0.12 0.04 1.07 -1.22 1.33 0.39 0.27 0.09 2.45 1.61 1.55 1.52 1.59
0.15 0.05 1.06 -3.26 3.60 1.06 0.35 0.12 2.42 1.61 1.55 1.52 1.60
0.16 0.07 1.02 -0.65 3.44 -0.93 0.36 0.17 2.34 1.61 1.55 1.53 1.59
0.15 0.08 1.00 1.03 2.91 -3.95 0.33 0.18 2.31 1.62 1.54 1.54 1.58
0.12 0.07 0.99 1.96 2.63 -5.42 0.28 0.14 2.28 1.60 1.54 1.53 1.58
0.09 0.02 0.98 3.31 -0.88 -5.68 0.20 0.05 2.25 1.60 1.55 1.54 1.59
0.09 -0.00 1.00 3.14 -2.98 -3.40 0.20 -0.01 2.30 1.59 1.55 1.54 1.59
0.10 0.02 1.03 1.21 -0.89 -1.48 0.24 0.06 2.35 1.61 1.55 1.53 1.59
0.13 0.04 1.02 -0.61 2.76 -2.08 0.30 0.08 2.33 1.60 1.56 1.53 1.58
0.14 0.05 1.00 -1.40 4.45 -3.64 0.33 0.12 2.29 1.61 1.55 1.53 1.59
0.15 0.07 0.99 -1.57 7.01 -3.89 0.35 0.17 2.28 1.61 1.55 1.53 1.59
0.17 0.08 0.99 -0.31 8.85 -3.44 0.39 0.19 2.27 1.61 1.56 1.53 1.59
0.16 0.07 0.98 1.76 8.84 -2.22 0.36 0.17 2.23 1.61 1.55 1.54 1.59
0.15 0.07 0.97 3.18 1.71 0.94 0.33 0.15 2.23 1.62 1.55 1.53 1.58
0.15 0.08 1.03 2.48 -2.51 1.52 0.34 0.18 2.36 1.62 1.55 1.53 1.59
0.15 0.08 1.07 -0.74 -2.25 -1.84 0.34 0.17 2.47 1.61 1.56 1.55 1.59
0.14 0.05 1.06 -3.67 -0.41 -3.56 0.33 0.10 2.43 1.61 1.54 1.54 1.59
0.15 0.04 1.05 -4.99 0.96 -3.26 0.33 0.10 2.38 1.62 1.55 1.54 1.59
0.16 0.06 1.05 -5.58 4.39 -2.73 0.36 0.15 2.39 1.61 1.55 1.54 1.59
0.17 0.06 1.07 -7.51 12.75 -1.02 0.39 0.13 2.46 1.62 1.55 1.54 1.60
0.17 0.05 1.09 -10.38 23.05 0.76 0.40 0.11 2.51 1.61 1.55 1.53 1.59
0.14 0.03 1.06 -14.06 30.54 3.89 0.35 0.08 2.43 1.62 1.55 1.55 1.58
0.15 0.03 1.03 -16.34 30.27 5.60 0.35 0.06 2.37 1.61 1.56 1.55 1.59
0.18 0.05 1.05 -21.20 25.51 5.00 0.42 0.13 2.42 1.61 1.55 1.55 1.58
0.20 0.10 1.08 -29.01 21.95 2.98 0.46 0.23 2.49 1.61 1.56 1.54 1.60
0.23 0.10 1.13 -35.45 23.22 2.16 0.49 0.21 2.61 1.62 1.55 1.54 1.59
0.24 0.13 1.17 -43.15 29.20 5.89 0.53 0.31 2.69 1.61 1.56 1.54 1.60
0.25 0.16 1.21 -50.78 39.33 6.68 0.58 0.38 2.78 1.63 1.55 1.56 1.60
0.30 0.17 1.28 -59.92 50.92 6.31 0.67 0.40 2.93 1.62 1.54 1.54 1.58
0.29 0.20 1.27 -69.73 65.46 3.25 0.67 0.46 2.91 1.62 1.55 1.56 1.60
0.29 0.20 1.25 -76.43 73.33 0.04 0.66 0.49 2.90 1.63 1.57 1.55 1.61
0.28 0.19 1.21 -83.55 67.27 -7.76 0.60 0.46 2.71 1.63 1.58 1.58 1.59
0.26 0.21 1.15 -84.73 52.96 -13.75 0.60 0.47 2.65 1.64 1.58 1.60 1.60
0.30 0.17 1.23 -91.32 32.35 -13.60 0.68 0.42 2.81 1.65 1.59 1.60 1.58
0.32 0.34 1.24 -102.72 18.01 -11.29 0.74 0.77 2.84 1.64 1.60 1.61 1.59
0.21 0.37 1.18 -99.64 8.93 -27.35 0.52 0.87 2.75 1.66 1.60 1.65 1.58
0.24 0.35 1.28 -88.96 2.07 -44.51 0.52 0.84 2.93 1.67 1.60 1.69 1.58
0.16 0.40 1.10 -40.51 22.57 -69.00 0.37 0.92 2.53 1.66 1.62 1.71 1.58
0.06 0.28 1.12 -11.08 61.78 -85.19 0.13 0.62 2.49 1.68 1.63 1.76 1.59
0.10 0.16 1.12 30.29 83.41 -91.34 0.23 0.36 2.58 1.67 1.64 1.80 1.59
0.17 -0.02 1.02 42.80 124.48 -78.59 0.42 -0.00 2.35 1.67 1.69 1.83 1.60
0.30 0.10 1.11 15.45 130.10 -47.62 0.71 0.24 2.56 1.67 1.75 1.87 1.62
0.30 0.17 0.97 3.12 140.60 -45.75 0.69 0.38 2.24 1.66 1.80 1.92 1.66
0.41 0.26 0.95 6.01 147.56 -41.19 0.96 0.61 2.23 1.65 1.85 1.96 1.69
0.48 0.31 1.03 20.83 167.96 -41.48 1.10 0.72 2.37 1.66 1.91 1.99 1.72
0.47 0.34 0.96 27.32 176.07 -45.21 1.08 0.75 2.18 1.67 1.97 2.03 1.76
0.42 0.24 0.81 41.91 164.65 -47.49 0.97 0.54 1.86 1.67 1.99 2.07 1.80
0.47 0.04 0.84 45.68 151.50 -38.53 1.07 0.10 1.92 1.67 2.01 2.08 1.84
0.52 -0.08 0.80 38.30 141.42 -30.91 1.21 -0.17 1.85 1.67 2.04 2.12 1.85
0.59 -0.05 0.88 13.46 135.33 -17.67 1.37 -0.12 2.02 1.66 2.07 2.14 1.87
0.59 0.12 0.86 5.69 143.44 -8.92 1.40 0.34 1.97 1.68 2.09 2.16 1.91
0.55 0.28 0.88 13.51 158.73 -14.39 1.26 0.64 2.02 1.66 2.10 2.16 1.94
0.63 0.31 0.81 30.95 173.99 -18.13 1.45 0.70 1.86 1.66 2.15 2.17 1.98
0.64 0.26 0.75 58.21 178.59 -14.03 1.41 0.50 1.64 1.68 2.15 2.19 1.99
0.68 0.10 0.69 71.57 170.22 -9.32 1.56 0.23 1.58 1.67 2.16 2.21 2.00
0.71 -0.01 0.68 75.21 153.78 3.75 1.71 -0.03 1.50 1.67 2.18 2.23 2.01
0.69 0.04 0.68 72.09 146.97 12.48 1.59 0.08 1.57 1.67 2.18 2.26 2.01
0.66 0.14 0.68 72.08 141.84 11.20 1.52 0.33 1.55 1.68 2.19 2.26 2.03
0.72 0.17 0.60 64.14 145.51 4.71 1.74 0.31 1.27 1.67 2.20 2.25 2.06
0.67 0.12 0.66 75.84 158.38 18.04 1.54 0.26 1.51 1.68 2.20 2.27 2.04
0.70 0.13 0.55 82.99 162.51 24.45 1.72 0.31 1.20 1.68 2.20 2.29 2.05
0.80 0.05 0.44 77.06 145.20 37.48 1.83 0.12 1.02 1.69 2.23 2.28 2.06
0.77 0.07 0.44 77.27 132.45 44.72 1.77 0.12 0.98 1.71 2.20 2.27 2.06
0.80 0.01 0.39 75.44 121.14 47.14 1.84 0.04 0.87 1.73 2.20 2.27 2.07
0.74 0.05 0.42 59.14 108.43 49.91 1.69 0.12 0.97 1.74 2.20 2.27 2.07
0.68 0.15 0.44 42.23 122.56 39.87 1.62 0.29 1.02 1.74 2.24 2.25 2.07
0.74 0.14 0.47 40.17 119.06 23.65 1.69 0.32 1.07 1.76 2.20 2.28 2.06
0.69 0.10 0.44 33.95 130.96 28.32 1.40 0.28 0.96 1.78 2.20 2.28 2.05
0.80 0.11 0.36 35.23 135.59 29.65 1.77 0.16 0.83 1.80 2.22 2.26 2.07
0.77 0.10 0.27 32.87 121.11 34.25 1.76 0.24 0.62 1.84 2.22 2.26 2.08
0.84 0.06 0.19 25.91 116.64 33.29 1.79 0.06 0.51 1.87 2.22 2.27 2.09
0.90 0.12 0.17 17.58 105.98 29.09 2.06 0.26 0.38 1.88 2.21 2.25 2.06
0.91 0.17 0.18 16.70 94.89 27.32 2.09 0.26 0.53 1.92 2.21 2.26 2.08
0.94 0.23 0.19 15.47 87.84 19.04 2.21 0.46 0.45 1.91 2.20 2.26 2.09
0.86 0.17 0.16 22.64 73.04 14.48 1.98 0.39 0.36 1.95 2.20 2.25 2.06
0.79 0.10 0.13 25.51 72.71 12.22 2.03 0.55 0.25 1.95 2.20 2.26 2.09
0.93 0.07 0.11 21.33 71.58 15.82 2.12 0.16 0.25 1.98 2.21 2.25 2.08
0.93 0.11 0.10 12.00 74.56 14.83 2.17 0.12 0.27 1.98 2.21 2.25 2.09
0.94 0.12 0.11 5.35 73.23 15.78 2.15 0.29 0.26 1.99 2.19 2.25 2.07
0.97 0.18 0.07 -1.10 70.60 11.86 2.23 0.41 0.16 2.01 2.19 2.26 2.07
0.95 0.13 0.04 -4.48 66.02 8.24 2.15 0.29 0.11 1.99 2.21 2.24 2.07
0.90 0.14 0.08 -6.89 57.49 7.21 2.07 0.32 0.18 1.99 2.19 2.23 2.07
0.78 0.15 0.15 -9.87 60.62 8.24 1.80 0.36 0.36 1.99 2.22 2.23 2.09
0.75 0.18 0.17 -10.51 78.31 13.96 1.76 0.44 0.40 2.00 2.18 2.26 2.06
0.84 0.13 0.10 -10.09 90.52 15.14 1.93 0.30 0.22 2.00 2.20 2.24 2.07
0.97 0.11 -0.02 -11.07 87.17 18.24 2.28 0.26 -0.06 1.98 2.19 2.23 2.07
0.99 0.16 -0.08 -14.62 71.38 15.74 2.27 0.36 -0.19 2.01 2.18 2.24 2.07
0.91 0.16 -0.06 -12.39 59.41 11.48 2.05 0.40 -0.11 1.99 2.19 2.23 2.07
0.84 0.16 -0.01 -10.79 58.50 7.06 1.92 0.41 -0.03 2.00 2.19 2.23 2.07
0.83 0.14 -0.02 -6.12 62.25 6.62 1.90 0.31 -0.04 1.99 2.20 2.24 2.07
0.86 0.10 -0.04 -4.70 63.40 7.63 1.95 0.23 -0.11 2.00 2.19 2.23 2.06
0.91 0.10 -0.10 -6.82 62.36 9.82 2.09 0.24 -0.23 1.99 2.20 2.22 2.07
0.96 0.10 -0.17 -4.35 51.28 12.49 2.21 0.23 -0.39 1.99 2.19 2.25 2.06
0.98 0.11 -0.19 -5.82 34.90 13.15 2.23 0.25 -0.45 1.99 2.19 2.23 2.08
0.96 0.14 -0.19 -7.06 21.35 10.74 2.21 0.33 -0.43 1.98 2.17 2.23 2.07
0.84 0.19 -0.10 -8.19 16.27 8.22 1.88 0.44 -0.21 1.99 2.18 2.24 2.05
0.75 0.19 -0.03 -3.62 25.90 6.07 1.72 0.44 -0.07 1.99 2.19 2.23 2.05
0.78 0.14 -0.06 0.67 38.67 8.08 1.80 0.32 -0.14 1.98 2.18 2.23 2.07
0.93 0.13 -0.16 -2.80 41.35 11.42 2.19 0.30 -0.39 2.00 2.17 2.24 2.05
1.06 0.16 -0.24 -7.30 29.78 13.16 2.43 0.37 -0.54 2.00 2.18 2.22 2.06
1.02 0.21 -0.23 -7.45 12.28 9.74 2.34 0.47 -0.52 2.00 2.17 2.21 2.05
0.97 0.22 -0.18 -7.03 -2.47 4.13 2.21 0.52 -0.39 2.00 2.18 2.24 2.05
0.87 0.23 -0.08 -4.73 -3.38 0.38 1.99 0.53 -0.18 2.00 2.18 2.24 2.04
0.78 0.23 0.01 -0.02 6.81 1.34 1.79 0.52 0.02 1.98 2.19 2.21 2.07
0.82 0.18 -0.02 2.40 25.25 4.82 1.92 0.41 -0.05 1.99 2.18 2.24 2.06
1.04 0.16 -0.14 -1.46 32.40 7.11 2.39 0.37 -0.32 1.99 2.17 2.22 2.05
1.08 0.18 -0.23 -3.39 20.36 9.45 2.51 0.44 -0.52 1.98 2.18 2.20 2.07
1.08 0.21 -0.22 -4.38 4.23 7.03 2.47 0.47 -0.51 1.99 2.17 2.23 2.05
1.02 0.19 -0.17 -4.05 -5.34 3.49 2.33 0.43 -0.40 1.98 2.19 2.21 2.06
0.93 0.20 -0.13 -5.45 -7.99 -2.07 2.14 0.46 -0.24 2.00 2.17 2.23 2.06
0.83 0.24 -0.03 -4.36 -1.72 -3.12 1.90 0.55 -0.07 1.97 2.16 2.21 2.05
0.81 0.23 -0.01 2.61 12.18 -1.20 1.88 0.51 -0.04 1.97 2.18 2.21 2.06
0.91 0.19 -0.09 4.81 22.30 -0.74 2.10 0.42 -0.24 1.98 2.18 2.22 2.06
1.01 0.14 -0.20 6.41 13.58 0.32 2.32 0.32 -0.45 1.98 2.19 2.21 2.06
0.97 0.10 -0.17 7.26 -0.93 0.65 2.20 0.22 -0.38 1.99 2.19 2.22 2.05
0.91 0.09 -0.12 4.76 -5.85 2.66 2.08 0.21 -0.27 1.98 2.19 2.21 2.06
0.91 0.12 -0.10 0.32 -3.74 4.75 2.09 0.28 -0.22 1.98 2.18 2.21 2.05
0.90 0.15 -0.08 -4.30 2.35 6.90 2.07 0.36 -0.19 1.97 2.18 2.22 2.05
0.93 0.23 -0.08 -8.52 10.33 7.80 2.13 0.53 -0.19 1.96 2.18 2.23 2.03
0.95 0.27 -0.10 -7.31 14.32 7.89 2.22 0.61 -0.23 1.98 2.18 2.21 2.04
1.04 0.29 -0.11 -7.16 13.71 6.16 2.40 0.68 -0.25 1.98 2.17 2.22 2.05
1.05 0.30 -0.13 -7.35 5.62 2.27 2.40 0.69 -0.29 1.97 2.16 2.22 2.04
1.11 0.27 -0.14 -10.74 8.57 -2.35 2.56 0.57 -0.29 1.95 2.18 2.23 2.03
1.01 0.22 -0.11 -13.48 1.77 -2.41 2.33 0.51 -0.25 1.97 2.16 2.21 2.04
0.91 0.24 -0.08 -18.01 6.79 -4.07 2.08 0.56 -0.19 1.94 2.18 2.21 2.04
0.94 0.26 -0.09 -21.34 26.57 -9.52 2.05 0.65 -0.24 1.94 2.17 2.21 2.03
0.88 0.24 -0.08 -26.08 44.60 -8.53 2.02 0.54 -0.19 1.93 2.16 2.20 2.04
0.91 0.20 -0.16 -31.47 59.82 -10.65 2.13 0.47 -0.38 1.92 2.16 2.20 2.03
1.06 0.23 -0.26 -34.14 69.04 -10.40 2.45 0.50 -0.59 1.89 2.17 2.20 2.03
1.04 0.21 -0.29 -37.97 48.47 -12.54 2.38 0.49 -0.66 1.86 2.14 2.22 2.00
0.95 0.25 -0.33 -40.18 25.31 -20.00 2.16 0.58 -0.81 1.86 2.13 2.20 2.01
0.84 0.25 -0.39 -40.64 13.18 -29.29 1.94 0.57 -0.90 1.84 2.12 2.19 1.98
0.75 0.17 -0.37 -43.01 -0.01 -31.47 1.66 0.40 -0.80 1.82 2.11 2.17 1.98
0.58 0.17 -0.43 -54.26 -14.93 -33.04 1.37 0.39 -0.99 1.82 2.09 2.15 1.95
0.50 0.13 -0.41 -55.79 -24.09 -28.43 1.14 0.31 -0.95 1.80 2.07 2.12 1.94
0.37 0.12 -0.60 -65.31 -36.45 -30.16 1.01 0.26 -1.30 1.79 2.05 2.09 1.91
0.41 -0.04 -0.71 -65.58 -68.00 -18.64 0.93 -0.09 -1.63 1.79 2.03 2.10 1.89
0.53 -0.22 -0.74 -63.35 -94.61 0.35 1.23 -0.48 -1.64 1.79 1.99 2.07 1.86
0.55 -0.08 -0.86 -75.85 -143.60 15.71 1.31 -0.19 -1.97 1.78 1.98 2.04 1.85
0.55 -0.16 -0.92 -76.60 -189.88 34.48 1.26 -0.37 -2.10 1.78 1.95 2.03 1.79
0.42 -0.14 -0.97 -89.97 -260.25 50.37 0.87 -0.45 -2.25 1.76 1.93 1.99 1.77
0.18 -0.08 -0.96 -90.29 -286.72 63.80 0.41 -0.18 -2.19 1.74 1.92 1.94 1.73
0.07 0.04 -0.83 -18.43 -286.72 75.74 0.08 0.21 -1.92 1.74 1.88 1.90 1.71
-0.11 -0.19 -0.88 53.15 -286.72 103.10 -0.24 -0.44 -2.03 1.72 1.84 1.86 1.69
0.12 -0.39 -0.78 104.40 -286.72 125.39 0.29 -0.75 -1.86 1.68 1.80 1.81 1.66
0.09 -0.43 -0.76 121.69 -286.72 122.17 -0.03 -1.11 -1.73 1.67 1.74 1.76 1.64
-0.61 -0.28 -0.65 117.91 -286.72 123.93 -1.41 -0.64 -1.50 1.65 1.65 1.70 1.61
-0.94 0.25 -0.16 96.82 -286.72 113.19 -2.22 0.65 -0.41 1.63 1.60 1.65 1.58
-1.32 0.62 0.62 78.12 -286.72 158.88 -3.02 1.43 1.43 1.61 1.57 1.60 1.58
-1.33 0.46 0.71 116.12 -286.72 122.96 -3.26 0.95 1.71 1.61 1.54 1.54 1.58
-1.65 0.26 1.76 40.94 -286.72 35.32 -3.79 0.59 4.05 1.60 1.53 1.52 1.59
-1.13 0.14 2.00 -36.78 -286.72 -85.67 -2.54 0.20 4.59 1.60 1.52 1.50 1.60
-0.64 -0.24 2.00 -236.01 -286.72 -135.81 -1.63 -0.58 4.59 1.61 1.52 1.50 1.58
-0.50 0.40 2.00 -218.78 -254.90 -191.70 -1.15 0.93 4.59 1.60 1.53 1.49 1.58
-0.33 1.03 2.00 -227.31 -259.74 -148.17 -0.99 2.36 4.59 1.59 1.52 1.50 1.59
-0.98 1.15 2.00 31.96 -161.39 18.02 -2.26 2.64 4.59 1.60 1.52 1.51 1.58
0.36 0.77 1.76 182.62 286.68 241.59 0.98 1.81 4.32 1.60 1.53 1.51 1.58
0.43 0.87 2.00 50.65 17.40 24.33 0.99 2.00 4.59 1.60 1.53 1.52 1.60
0.47 0.37 1.55 129.77 -52.86 -14.15 1.01 1.10 3.63 1.59 1.53 1.52 1.59
0.26 0.55 1.58 101.67 -62.19 23.54 1.05 1.26 3.62 1.61 1.53 1.49 1.59
0.37 0.39 1.56 66.82 -26.68 15.70 0.84 0.90 3.58 1.59 1.53 1.51 1.59
0.31 0.29 1.44 37.70 24.79 -17.33 0.78 0.65 3.33 1.59 1.54 1.51 1.58
0.32 0.37 1.27 65.60 41.19 -31.89 0.75 0.86 2.92 1.59 1.54 1.51 1.58
0.42 0.41 1.14 116.93 34.28 -25.76 0.88 0.73 2.55 1.59 1.53 1.53 1.60
0.33 0.33 1.02 160.12 -9.34 -30.15 0.76 0.76 2.35 1.61 1.53 1.53 1.58
0.23 0.14 0.88 148.15 -58.64 -33.74 0.50 0.36 2.02 1.60 1.54 1.51 1.58
0.18 0.18 0.91 109.96 -67.42 -11.51 0.41 0.37 2.09 1.60 1.54 1.51 1.59
0.10 0.13 1.01 29.65 -34.38 -7.04 0.22 0.31 2.33 1.61 1.54 1.51 1.60
0.13 0.14 1.14 -36.93 10.30 -1.78 0.27 0.31 2.65 1.61 1.54 1.51 1.60
0.15 0.14 1.14 -59.88 42.40 -3.37 0.35 0.32 2.61 1.61 1.53 1.52 1.59
0.14 0.15 1.10 -52.81 42.22 -1.56 0.36 0.40 2.52 1.60 1.54 1.52 1.60
0.17 0.17 1.03 -15.54 19.15 -3.47 0.39 0.39 2.33 1.60 1.55 1.51 1.59
0.21 0.19 0.97 11.39 -6.68 -5.43 0.48 0.44 2.22 1.60 1.55 1.53 1.59
0.20 0.21 0.95 28.25 -26.81 -8.07 0.45 0.47 2.18 1.60 1.54 1.52 1.59
0.17 0.20 0.96 26.92 -31.32 -10.63 0.39 0.45 2.21 1.61 1.54 1.53 1.59
0.15 0.12 1.00 15.78 -20.83 -11.55 0.34 0.27 2.30 1.60 1.54 1.52 1.60
0.10 0.07 1.01 0.19 -6.56 -11.59 0.23 0.15 2.33 1.61 1.54 1.52 1.60
0.12 0.05 1.00 -7.67 4.04 -8.69 0.28 0.11 2.29 1.60 1.55 1.52 1.60
0.13 0.09 0.98 -13.79 8.88 -5.81 0.32 0.23 2.23 1.61 1.54 1.52 1.60
0.16 0.12 0.95 -10.37 5.89 -3.12 0.37 0.28 2.18 1.60 1.55 1.52 1.60
0.15 0.14 0.94 -3.69 -1.47 -1.91 0.36 0.32 2.17 1.60 1.55 1.54 1.59
0.15 0.14 0.96 5.49 -11.10 -3.36 0.34 0.30 2.21 1.61 1.56 1.52 1.59
0.12 0.09 0.97 14.18 -14.72 -3.66 0.29 0.20 2.22 1.60 1.54 1.53 1.60
0.11 0.05 1.00 15.09 -13.33 -3.12 0.24 0.09 2.30 1.61 1.54 1.53 1.61
0.10 0.03 1.01 5.68 -5.92 -0.90 0.24 0.08 2.31 1.60 1.54 1.53 1.61
0.13 0.09 1.01 -5.52 3.21 1.86 0.29 0.21 2.32 1.61 1.54 1.53 1.60
0.14 0.13 1.02 -8.97 8.71 2.41 0.31 0.30 2.34 1.61 1.55 1.53 1.60
0.13 0.13 1.02 -1.58 8.01 2.13 0.31 0.30 2.35 1.62 1.53 1.54 1.59
0.13 0.11 1.03 10.10 4.31 0.04 0.29 0.26 2.37 1.62 1.54 1.54 1.59
0.11 0.08 1.02 17.95 0.06 -2.48 0.26 0.18 2.33 1.60 1.55 1.54 1.60
0.12 0.07 0.99 14.09 -2.22 -1.96 0.26 0.16 2.27 1.62 1.55 1.53 1.60
0.13 0.10 0.98 4.44 -0.44 1.04 0.30 0.23 2.24 1.61 1.55 1.52 1.61
0.14 0.12 0.98 -4.28 1.58 3.93 0.33 0.29 2.26 1.62 1.54 1.53 1.60
0.17 0.14 1.00 -3.67 2.57 4.87 0.39 0.33 2.30 1.60 1.55 1.53 1.61
0.18 0.14 1.02 2.82 1.62 3.16 0.40 0.33 2.35 1.60 1.56 1.52 1.61
0.17 0.14 1.01 11.03 -0.88 1.39 0.37 0.32 2.33 1.61 1.55 1.53 1.61
0.15 0.10 1.01 13.49 -1.92 1.92 0.35 0.23 2.33 1.61 1.56 1.54 1.59
0.15 0.09 1.03 7.99 1.06 2.30 0.34 0.22 2.35 1.61 1.55 1.53 1.61
0.16 0.10 1.02 -5.19 7.53 3.18 0.36 0.23 2.35 1.62 1.55 1.53 1.59
0.17 0.12 1.05 -15.53 12.43 4.64 0.40 0.28 2.40 1.61 1.55 1.53 1.61
0.19 0.16 1.07 -18.67 14.70 4.90 0.45 0.36 2.45 1.62 1.54 1.55 1.60
0.21 0.16 1.09 -15.23 15.09 3.96 0.47 0.37 2.51 1.60 1.55 1.54 1.61
0.20 0.17 1.14 -12.50 18.80 3.01 0.46 0.39 2.61 1.60 1.55 1.53 1.61
0.18 0.16 1.16 -15.67 25.57 1.23 0.41 0.37 2.67 1.61 1.55 1.54 1.60
0.17 0.13 1.20 -26.81 35.06 -1.32 0.38 0.29 2.78 1.62 1.55 1.53 1.60
0.18 0.12 1.24 -42.96 51.69 -0.79 0.42 0.29 2.86 1.61 1.56 1.55 1.60
0.22 0.15 1.25 -62.40 63.27 -0.55 0.51 0.35 2.88 1.61 1.56 1.54 1.60
0.27 0.21 1.27 -81.14 75.05 1.79 0.62 0.48 2.93 1.61 1.55 1.54 1.61
0.30 0.27 1.29 -99.53 82.16 3.37 0.70 0.62 2.95 1.62 1.55 1.56 1.61
0.32 0.33 1.32 -115.04 80.91 1.10 0.74 0.75 3.01 1.61 1.57 1.55 1.60
0.36 0.33 1.38 -111.68 68.81 -2.75 0.83 0.81 3.17 1.63 1.57 1.57 1.61
0.34 0.46 1.40 -111.86 46.56 -13.16 0.77 1.05 3.22 1.63 1.58 1.57 1.60
0.36 0.34 1.36 -24.61 7.03 -66.51 0.79 0.73 3.03 1.64 1.57 1.59 1.60
0.10 0.43 1.23 -63.66 -16.76 -50.49 0.23 0.99 2.81 1.63 1.60 1.61 1.61
0.13 0.33 1.32 -66.96 38.13 -68.54 0.32 0.81 3.07 1.64 1.58 1.64 1.61
0.22 0.26 0.91 -55.87 86.76 -107.69 0.52 0.69 2.06 1.65 1.60 1.69 1.60
0.15 0.27 1.11 -60.88 83.26 -111.19 0.34 0.62 2.55 1.67 1.61 1.71 1.59
0.27 0.27 1.06 -39.19 142.34 -104.32 0.66 0.62 2.46 1.66 1.62 1.75 1.60
0.31 0.21 1.09 -27.61 166.99 -87.57 0.70 0.47 2.50 1.66 1.62 1.79 1.59
0.29 0.27 1.00 -20.68 179.28 -70.66 0.68 0.62 2.27 1.68 1.63 1.85 1.59
0.33 0.32 1.00 -8.04 197.15 -60.02 0.76 0.73 2.30 1.68 1.67 1.87 1.61
0.37 0.45 0.92 4.13 200.53 -58.16 0.86 1.04 2.11 1.67 1.72 1.92 1.65
0.32 0.36 0.85 36.15 205.18 -75.55 0.72 0.82 1.87 1.68 1.78 1.95 1.66
0.47 0.12 0.87 46.13 206.32 -63.34 1.07 0.27 1.99 1.69 1.83 1.98 1.70
0.55 0.08 0.87 41.89 198.99 -49.53 1.18 0.21 1.95 1.68 1.88 2.01 1.71
0.53 0.07 0.83 27.83 195.62 -32.58 1.21 0.17 1.91 1.68 1.93 2.03 1.75
0.63 0.21 0.72 30.12 214.75 -23.62 1.44 0.47 1.69 1.68 1.96 2.07 1.78
0.56 0.25 0.69 41.95 227.40 -30.89 1.27 0.58 1.55 1.67 2.01 2.08 1.81
0.58 0.27 0.65 56.00 231.18 -29.72 1.33 0.62 1.49 1.69 2.04 2.11 1.83
0.64 0.14 0.62 64.43 232.25 -34.53 1.48 0.31 1.38 1.68 2.06 2.14 1.88
0.69 0.07 0.53 58.72 215.37 -24.25 1.59 0.17 1.22 1.69 2.08 2.18 1.90
0.64 0.02 0.46 62.45 213.16 -19.37 1.55 -0.04 1.03 1.66 2.11 2.19 1.94
0.71 -0.05 0.39 60.24 174.98 -10.97 1.63 -0.12 0.90 1.68 2.12 2.18 1.94
0.78 0.05 0.41 64.20 159.34 12.87 1.80 0.11 0.94 1.70 2.17 2.17 1.95
0.76 0.14 0.35 65.28 150.87 10.75 1.68 0.30 0.75 1.71 2.18 2.19 1.96
0.78 0.19 0.36 57.81 154.23 6.95 1.80 0.43 0.83 1.69 2.10 2.15 1.96
0.73 0.25 0.43 79.33 158.86 12.47 1.60 0.51 0.97 1.74 2.19 2.17 2.02
0.67 0.13 0.38 90.45 152.80 12.00 1.53 0.30 0.88 1.63 2.27 2.19 2.05
0.71 0.09 0.41 94.60 142.03 15.15 1.63 0.20 0.95 1.70 2.20 2.19 2.02
0.79 -0.03 0.31 75.31 121.01 19.65 1.81 -0.05 0.80 1.67 2.27 2.23 2.01
0.83 -0.06 0.18 43.01 112.75 31.53 1.91 -0.14 0.40 1.76 2.13 2.32 2.03
0.92 0.07 0.19 25.25 105.72 33.67 2.13 0.12 0.49 1.75 2.26 2.29 2.04
0.84 0.26 0.17 32.86 102.00 23.55 1.93 0.60 0.40 1.70 2.16 2.23 2.04
0.81 0.33 0.27 58.45 96.92 11.06 1.96 0.85 0.56 1.71 2.23 2.29 2.05
0.74 0.24 0.28 88.75 78.23 5.05 1.74 0.57 0.68 1.76 2.27 2.30 2.08
0.75 0.03 0.22 87.89 88.99 6.38 1.71 0.07 0.51 1.77 2.19 2.28 2.05
0.77 -0.04 0.24 80.47 81.93 14.03 1.84 -0.01 0.48 1.82 2.15 2.22 2.09
0.81 -0.05 0.11 66.45 58.62 22.47 1.86 -0.11 0.25 1.86 2.20 2.21 2.06
0.93 0.17 -0.02 50.66 53.23 27.12 2.20 0.51 -0.01 1.80 2.29 2.21 2.11
0.88 0.16 0.02 37.17 56.15 23.11 1.74 0.35 0.13 1.86 2.25 2.21 2.14
0.92 0.24 0.05 39.21 44.61 13.43 2.12 0.56 0.11 1.93 2.17 2.24 2.12
0.76 0.18 0.03 37.69 28.37 1.80 2.02 0.52 0.10 1.95 2.18 2.20 2.04
0.86 0.14 0.11 40.71 31.86 5.66 1.98 0.31 0.25 1.90 2.27 2.24 2.07
0.77 0.17 0.08 33.10 36.08 8.23 1.77 0.38 0.24 1.94 2.21 2.25 2.06
0.87 0.13 0.08 30.94 39.86 11.33 1.89 0.24 0.17 1.93 2.20 2.21 2.10
0.91 0.11 0.06 22.51 42.12 13.19 2.10 0.25 0.14 2.03 2.27 2.28 2.09
0.91 0.14 0.09 11.82 51.89 16.51 2.33 0.43 0.25 1.95 2.23 2.24 2.08
0.86 0.24 0.06 13.55 43.12 11.03 1.98 0.56 0.14 2.04 2.20 2.22 2.01
0.92 0.26 0.08 7.64 66.41 11.03 2.09 0.48 0.20 2.04 2.23 2.21 2.03
0.90 0.17 0.08 5.14 64.80 6.97 2.03 0.37 0.17 2.10 2.16 2.32 2.03
0.89 0.17 0.07 -0.37 67.22 4.26 2.05 0.40 0.16 2.05 2.23 2.26 2.06
0.82 0.22 0.08 -3.57 69.58 4.45 1.86 0.51 0.18 2.04 2.21 2.26 2.05
0.77 0.15 0.07 -5.67 80.08 4.45 1.78 0.35 0.16 1.96 2.15 2.26 2.11
0.84 0.16 0.00 -11.80 87.64 4.12 1.92 0.38 0.01 2.02 2.23 2.19 2.15
0.93 0.16 -0.06 -11.44 85.49 6.30 2.22 0.54 -0.23 2.04 2.22 2.19 2.07
0.98 0.17 -0.17 -11.98 74.53 7.23 2.26 0.38 -0.39 2.04 2.19 2.23 2.03
1.01 0.13 -0.17 -5.77 52.63 7.20 2.29 0.29 -0.39 1.98 2.26 2.20 2.08
0.91 0.10 -0.15 -0.38 40.92 4.92 2.10 0.22 -0.34 2.04 2.16 2.26 2.08
0.88 0.10 -0.13 4.87 34.84 2.29 2.01 0.23 -0.30 2.00 2.25 2.21 2.00
0.85 0.05 -0.11 7.39 34.71 0.73 1.95 0.11 -0.25 1.97 2.25 2.23 2.01
0.81 0.07 -0.12 6.34 39.17 3.82 1.87 0.15 -0.28 1.99 2.16 2.26 2.04
0.92 0.09 -0.17 5.83 43.28 8.07 2.12 0.23 -0.39 1.98 2.13 2.18 2.00
0.98 0.13 -0.18 4.21 36.30 9.89 2.26 0.33 -0.42 2.06 2.13 2.30 1.99
0.99 0.19 -0.18 7.43 27.15 5.84 2.28 0.44 -0.41 2.06 2.11 2.23 2.04
1.03 0.19 -0.18 10.78 17.91 0.70 2.37 0.45 -0.39 1.97 2.21 2.20 2.10
1.07 0.13 -0.19 9.16 10.12 -3.30 2.45 0.31 -0.44 2.03 2.12 2.27 1.99
1.04 0.16 -0.17 1.71 1.86 -6.33 2.38 0.37 -0.39 1.99 2.21 2.17 2.11
0.95 0.20 -0.12 -0.05 -1.53 -7.53 2.15 0.45 -0.25 1.99 2.13 2.21 2.07
0.88 0.19 -0.08 4.09 2.75 -7.79 2.01 0.43 -0.18 1.94 2.24 2.17 2.05
0.98 0.12 -0.10 7.76 8.50 -7.28 2.28 0.30 -0.27 1.98 2.13 2.26 1.99
0.96 0.11 -0.16 4.06 8.68 -2.47 2.25 0.25 -0.38 2.03 2.14 2.17 2.04
0.96 0.17 -0.17 2.50 1.66 -2.15 2.19 0.38 -0.38 1.95 2.14 2.20 2.01
0.98 0.16 -0.19 0.53 2.93 -2.56 2.24 0.34 -0.41 1.98 2.17 2.27 1.99
1.01 0.15 -0.17 3.56 -4.08 -5.87 2.32 0.34 -0.39 1.95 2.18 2.29 2.00
0.97 0.13 -0.15 5.41 -11.52 -8.23 2.23 0.31 -0.34 2.02 2.17 2.18 2.06
0.95 0.13 -0.09 4.05 -10.05 -7.14 2.16 0.32 -0.21 1.97 2.23 2.20 2.01
0.90 0.11 -0.04 8.57 -11.96 -4.01 2.07 0.25 -0.09 1.95 2.21 2.18 2.09
0.93 0.09 -0.04 10.97 -9.48 -1.05 2.13 0.17 -0.11 1.97 2.12 2.17 2.05
0.97 0.09 -0.06 8.68 -7.03 1.54 2.23 0.21 -0.14 2.02 2.11 2.31 1.98
0.96 0.13 -0.06 6.83 -5.07 3.06 2.21 0.31 -0.14 1.94 2.20 2.22 2.05
1.00 0.18 -0.07 7.24 -4.49 2.56 2.32 0.37 -0.17 2.01 2.21 2.24 1.98
1.02 0.16 -0.07 10.43 -10.73 2.11 2.34 0.37 -0.15 1.97 2.19 2.23 2.04
1.02 0.16 -0.05 10.84 -12.83 0.80 2.34 0.38 -0.12 2.05 2.10 2.30 2.02
1.01 0.15 -0.03 10.26 -13.75 -1.58 2.31 0.36 -0.07 1.95 2.22 2.18 2.09
0.99 0.15 -0.01 10.30 -11.69 -2.37 2.27 0.35 -0.02 2.00 2.18 2.18 2.04
0.99 0.13 0.00 9.33 -7.33 -1.85 2.26 0.31 -0.01 2.02 2.12 2.29 1.98
0.98 0.14 0.01 7.23 -3.39 -0.52 2.24 0.34 0.03 2.00 2.13 2.26 2.00
0.99 0.17 0.01 6.41 1.06 -0.34 2.26 0.40 0.01 2.00 2.17 2.15 2.06
1.01 0.17 -0.03 7.61 1.17 -0.39 2.31 0.40 -0.08 1.95 2.18 2.23 2.04
1.01 0.17 -0.04 8.72 -1.77 -0.03 2.31 0.39 -0.10 1.99 2.18 2.18 2.10
0.96 0.17 -0.04 9.38 -2.95 0.86 2.20 0.40 -0.08 2.03 2.15 2.18 2.06
0.95 0.15 -0.03 8.97 -1.34 1.49 2.18 0.34 -0.07 1.93 2.19 2.25 2.04
0.97 0.15 -0.06 5.59 -1.47 3.32 2.23 0.34 -0.14 1.95 2.19 2.26 2.03
0.96 0.18 -0.06 2.78 -2.57 5.08 2.20 0.42 -0.13 2.05 2.17 2.17 2.07
0.93 0.21 -0.04 0.19 0.31 5.78 2.13 0.50 -0.08 2.01 2.18 2.20 2.06
0.96 0.25 -0.05 -0.11 5.84 3.95 2.20 0.58 -0.11 2.03 2.12 2.20 1.99
1.02 0.24 -0.09 2.56 4.31 1.77 2.33 0.54 -0.22 1.93 2.16 2.29 2.03
1.00 0.22 -0.10 4.27 -2.08 0.13 2.30 0.50 -0.22 2.01 2.17 2.17 2.07
0.97 0.18 -0.07 4.02 -4.69 -0.33 2.22 0.42 -0.15 2.00 2.23 2.25 1.97
0.97 0.17 -0.06 1.64 -4.16 -1.40 2.23 0.39 -0.15 1.99 2.17 2.15 2.06
0.99 0.17 -0.08 0.40 -3.30 -1.37 2.26 0.40 -0.19 2.03 2.17 2.17 2.11
0.96 0.16 -0.07 -1.16 -4.21 -1.58 2.20 0.37 -0.16 2.00 2.20 2.24 2.07
0.93 0.17 -0.05 -3.36 -1.19 -1.69 2.16 0.40 -0.11 2.00 2.12 2.27 1.96
0.99 0.17 -0.08 -2.93 -0.12 -2.31 2.27 0.39 -0.17 1.98 2.11 2.25 2.05
1.00 0.15 -0.09 -2.04 -5.24 -1.70 2.28 0.35 -0.19 1.99 2.15 2.23 2.00
0.98 0.15 -0.06 -1.74 -9.55 -1.13 2.24 0.33 -0.14 2.04 2.11 2.27 1.98
0.94 0.15 -0.02 -1.84 -9.20 0.17 2.16 0.35 -0.05 1.99 2.17 2.17 2.00
0.95 0.16 -0.01 -2.44 -4.23 0.58 2.17 0.37 -0.03 2.01 2.21 2.24 2.06
0.97 0.15 -0.00 -1.80 -2.23 1.68 2.23 0.35 -0.03 1.92 2.24 2.15 2.11
0.96 0.15 -0.01 -2.90 -2.20 3.27 2.21 0.34 -0.02 1.94 2.13 2.29 1.98
0.97 0.16 -0.01 -4.29 -1.86 4.71 2.20 0.40 -0.02 2.01 2.10 2.27 1.98
1.00 0.19 -0.04 -4.14 -1.01 4.19 2.30 0.43 -0.08 1.96 2.14 2.27 1.97
1.01 0.19 -0.04 -3.32 -4.14 4.09 2.32 0.43 -0.10 1.98 2.13 2.26 1.98
0.98 0.19 -0.03 -2.52 -6.28 2.95 2.25 0.44 -0.08 2.00 2.12 2.13 2.00
0.97 0.18 -0.03 -1.34 -4.75 1.65 2.21 0.42 -0.06 1.98 2.11 2.24 2.04
0.97 0.16 -0.03 -0.37 -3.33 1.87 2.23 0.33 -0.08 2.02 2.14 2.27 2.06
0.97 0.14 -0.03 -0.04 -3.46 2.80 2.21 0.32 -0.07 1.94 2.16 2.18 2.10
0.96 0.15 -0.03 -1.36 -2.82 3.51 2.21 0.35 -0.06 1.98 2.11 2.23 2.03
0.97 0.17 -0.03 -3.18 -0.40 2.56 2.22 0.40 -0.07 1.93 2.23 2.15 2.10
0.99 0.18 -0.04 -3.50 0.97 1.33 2.27 0.41 -0.08 1.92 2.22 2.16 2.08
0.98 0.18 -0.04 -3.54 -0.33 0.15 2.26 0.40 -0.08 1.98 2.18 2.21 2.05
