-0.29 -0.22 1.30 216.44 -223.69 229.99 -0.65 -0.53 3.13 1.58 1.50 1.50 1.49
-0.36 -0.29 1.74 169.95 -163.64 159.49 -0.82 -0.67 4.00 1.59 1.50 1.51 1.50
-0.33 -0.28 1.82 84.88 -141.79 110.48 -0.75 -0.64 4.17 1.58 1.50 1.49 1.49
-0.29 -0.17 1.70 22.29 -106.19 70.47 -0.66 -0.32 3.86 1.59 1.51 1.50 1.49
-0.24 -0.07 1.46 21.53 -75.91 63.75 -0.56 -0.15 3.34 1.58 1.50 1.50 1.49
-0.11 -0.09 1.41 44.74 -51.67 71.93 -0.25 -0.22 3.23 1.58 1.50 1.50 1.49
-0.04 -0.22 1.46 62.92 -39.78 75.55 -0.10 -0.51 3.34 1.58 1.51 1.50 1.49
0.01 -0.30 1.54 59.47 -39.66 66.54 0.04 -0.69 3.56 1.59 1.51 1.50 1.49
0.07 -0.27 1.60 42.88 -25.66 42.83 0.17 -0.62 3.67 1.59 1.50 1.49 1.49
0.13 -0.26 1.58 23.29 -4.16 17.01 0.30 -0.59 3.63 1.60 1.50 1.50 1.50
0.22 -0.26 1.43 -5.05 9.81 -2.24 0.50 -0.60 3.27 1.58 1.50 1.50 1.49
0.29 -0.26 1.24 -18.20 21.16 -5.58 0.67 -0.59 2.84 1.59 1.50 1.50 1.49
0.37 -0.27 1.08 -12.89 19.32 1.34 0.85 -0.62 2.46 1.58 1.49 1.49 1.48
0.39 -0.24 1.03 2.73 7.56 10.63 0.88 -0.54 2.34 1.58 1.50 1.51 1.49
0.39 -0.22 1.02 13.53 5.15 11.94 0.89 -0.50 2.35 1.59 1.51 1.50 1.50
0.40 -0.21 1.02 14.18 7.85 6.29 0.96 -0.46 2.35 1.59 1.52 1.50 1.49
0.42 -0.22 1.00 0.84 12.56 -5.11 0.97 -0.50 2.30 1.59 1.51 1.50 1.50
0.44 -0.20 0.96 -12.89 18.02 -16.84 1.01 -0.44 2.19 1.58 1.52 1.49 1.50
0.44 -0.18 0.88 -21.78 18.35 -22.01 1.00 -0.41 1.99 1.60 1.50 1.51 1.49
0.44 -0.16 0.79 -16.98 12.55 -19.44 1.01 -0.37 1.80 1.58 1.50 1.50 1.50
0.45 -0.17 0.77 -6.20 2.08 -12.80 0.99 -0.31 1.77 1.59 1.50 1.50 1.49
0.40 -0.17 0.83 4.72 -2.83 -7.75 0.92 -0.38 1.91 1.58 1.50 1.50 1.50
0.42 -0.21 0.90 7.12 1.39 -8.65 0.96 -0.49 2.07 1.60 1.49 1.51 1.49
0.46 -0.25 0.92 0.43 2.63 -13.26 1.05 -0.60 2.10 1.59 1.50 1.51 1.49
0.43 -0.24 0.94 -8.41 6.70 -20.49 0.99 -0.56 2.15 1.58 1.52 1.50 1.50
0.41 -0.27 0.95 -17.22 13.91 -28.34 0.93 -0.58 2.18 1.59 1.50 1.52 1.49
0.37 -0.28 0.94 -24.95 16.88 -29.36 0.85 -0.64 2.17 1.60 1.50 1.50 1.50
0.36 -0.22 0.94 -22.34 16.65 -23.09 0.83 -0.50 2.15 1.59 1.51 1.50 1.50
0.32 -0.19 0.96 -13.09 19.81 -15.06 0.75 -0.41 2.20 1.61 1.50 1.52 1.49
0.33 -0.19 0.98 -6.02 22.26 -12.15 0.76 -0.43 2.25 1.60 1.49 1.51 1.49
0.28 -0.17 1.07 -6.00 24.10 -16.17 0.64 -0.37 2.47 1.59 1.51 1.52 1.50
0.24 -0.15 1.15 -14.94 34.78 -31.20 0.56 -0.34 2.65 1.58 1.51 1.51 1.50
0.20 -0.14 1.18 -26.23 50.85 -50.17 0.46 -0.28 2.76 1.59 1.51 1.50 1.50
0.17 -0.13 1.25 -34.07 70.43 -67.47 0.38 -0.34 2.84 1.60 1.49 1.52 1.50
0.21 -0.21 1.15 -46.91 72.21 -72.39 0.48 -0.49 2.64 1.61 1.52 1.52 1.49
0.23 -0.18 1.18 -54.43 71.07 -76.75 0.55 -0.41 2.70 1.60 1.51 1.52 1.49
0.24 -0.16 1.18 -58.97 83.74 -91.73 0.55 -0.36 2.71 1.60 1.51 1.52 1.49
0.21 -0.06 1.09 -56.06 95.74 -103.36 0.51 -0.16 2.51 1.60 1.51 1.53 1.50
0.25 -0.04 1.22 -49.93 124.88 -123.72 0.55 -0.08 2.77 1.59 1.51 1.52 1.50
0.25 -0.17 1.18 -61.98 158.24 -152.07 0.57 -0.39 2.70 1.60 1.50 1.53 1.50
0.30 -0.30 1.08 -94.82 155.18 -176.86 0.73 -0.66 2.53 1.61 1.50 1.53 1.50
0.33 -0.32 1.10 -133.96 158.31 -204.52 0.76 -0.73 2.54 1.61 1.51 1.55 1.50
0.40 -0.39 0.97 -167.03 145.28 -224.32 0.94 -0.84 2.03 1.61 1.50 1.54 1.50
0.39 -0.19 0.90 -177.25 143.20 -235.96 0.89 -0.44 2.07 1.62 1.52 1.54 1.50
0.37 -0.11 0.73 -135.45 186.78 -229.68 0.86 -0.29 1.73 1.62 1.52 1.56 1.51
0.38 -0.03 0.78 -101.33 233.73 -224.74 0.82 -0.13 1.76 1.61 1.51 1.55 1.52
0.53 -0.44 0.89 -102.01 212.20 -219.44 1.22 -1.01 2.05 1.60 1.53 1.57 1.52
0.64 -0.59 0.75 -142.60 189.78 -218.37 1.48 -1.40 1.73 1.62 1.53 1.57 1.53
0.73 -0.83 0.91 -211.74 170.90 -238.03 1.67 -1.92 2.10 1.62 1.54 1.60 1.53
0.71 -0.94 0.75 -278.43 167.59 -268.90 1.65 -2.21 1.74 1.61 1.54 1.63 1.54
0.67 -0.76 0.57 -286.72 166.05 -286.72 1.53 -1.74 1.31 1.63 1.54 1.65 1.55
0.58 -0.44 0.31 -286.72 183.23 -286.72 1.32 -1.02 0.71 1.63 1.56 1.66 1.59
0.54 -0.27 0.32 -280.88 207.79 -285.69 1.25 -0.60 0.79 1.63 1.58 1.67 1.61
0.61 -0.42 0.46 -233.99 214.24 -254.36 1.40 -0.97 1.05 1.62 1.60 1.70 1.65
0.77 -0.63 0.51 -223.72 192.03 -213.68 1.79 -1.49 1.20 1.62 1.64 1.72 1.65
0.85 -0.80 0.69 -255.20 158.93 -194.07 1.96 -1.83 1.58 1.64 1.66 1.73 1.65
0.83 -0.77 0.67 -285.58 133.53 -197.53 1.83 -1.75 1.40 1.65 1.68 1.77 1.67
0.64 -0.66 0.56 -286.55 122.99 -222.85 1.48 -1.52 1.28 1.64 1.68 1.76 1.67
0.47 -0.66 0.51 -263.38 149.16 -229.00 1.07 -1.51 1.16 1.64 1.70 1.77 1.67
0.38 -0.67 0.60 -250.85 185.10 -214.41 0.83 -1.64 1.39 1.66 1.72 1.80 1.67
0.55 -1.11 0.72 -271.29 191.04 -175.93 1.26 -2.55 1.65 1.66 1.73 1.85 1.69
0.92 -1.36 0.68 -286.72 176.66 -119.78 2.12 -3.11 1.53 1.66 1.77 1.87 1.71
0.93 -1.29 0.55 -286.72 148.92 -58.39 2.13 -2.97 1.27 1.66 1.79 1.90 1.73
0.80 -0.91 0.49 -286.72 131.42 -31.12 1.84 -2.02 1.13 1.66 1.82 1.93 1.76
0.55 -0.50 0.52 -286.72 117.69 -31.62 1.27 -1.15 1.19 1.67 1.84 1.97 1.78
0.41 -0.23 0.52 -286.72 128.60 -65.12 0.94 -0.53 1.20 1.65 1.87 1.98 1.80
0.33 -0.21 0.67 -286.28 155.16 -79.58 0.68 -0.47 1.55 1.67 1.90 2.01 1.83
0.49 -0.56 0.87 -233.89 190.51 -47.15 1.13 -1.28 1.99 1.65 1.94 2.04 1.84
0.70 -0.77 0.87 -243.92 220.87 -16.75 1.58 -1.78 2.03 1.66 1.97 2.08 1.88
0.80 -0.83 0.61 -259.51 216.68 27.84 1.83 -1.90 1.39 1.66 2.01 2.12 1.93
0.95 -0.51 0.50 -264.70 202.22 63.46 2.18 -1.16 1.14 1.67 2.05 2.12 1.97
0.72 -0.24 0.44 -231.84 181.06 71.99 1.63 -0.52 0.96 1.66 2.07 2.15 2.00
0.69 0.06 0.29 -175.44 180.35 58.60 1.59 0.14 0.67 1.66 2.08 2.16 2.02
0.78 0.10 0.31 -108.79 179.32 41.37 1.76 0.13 0.72 1.67 2.10 2.20 2.02
0.77 -0.09 0.28 -49.82 161.12 31.18 1.76 -0.22 0.63 1.67 2.13 2.20 2.05
0.87 -0.27 0.40 -19.20 150.80 36.92 1.99 -0.72 0.88 1.68 2.14 2.22 2.06
0.82 -0.33 0.35 -32.63 160.82 49.35 1.91 -0.79 0.84 1.68 2.17 2.23 2.08
0.76 -0.37 0.42 -31.31 160.62 60.20 1.74 -0.86 0.95 1.69 2.16 2.23 2.10
0.76 -0.32 0.31 -47.38 163.90 74.08 1.75 -0.68 0.65 1.69 2.18 2.25 2.10
0.84 0.01 0.04 -51.60 175.17 78.42 1.92 0.03 0.08 1.69 2.18 2.24 2.10
0.97 0.14 -0.04 -25.66 165.45 65.88 2.22 0.42 -0.26 1.68 2.20 2.26 2.13
0.90 0.14 -0.11 2.77 144.65 48.12 2.13 0.37 -0.28 1.72 2.20 2.26 2.13
0.86 0.03 -0.13 25.66 125.97 37.00 1.98 0.07 -0.30 1.73 2.21 2.24 2.13
0.77 -0.03 -0.05 30.25 110.70 33.51 1.77 -0.07 -0.15 1.76 2.20 2.25 2.13
0.78 0.05 -0.10 21.43 109.87 38.60 1.79 0.11 -0.23 1.76 2.20 2.25 2.12
0.88 0.08 -0.21 26.74 124.35 50.85 2.05 0.24 -0.51 1.80 2.21 2.25 2.11
0.97 0.22 -0.31 53.01 128.28 55.63 2.25 0.48 -0.76 1.81 2.21 2.26 2.13
1.07 0.18 -0.49 102.14 102.73 48.68 2.46 0.42 -1.13 1.83 2.21 2.25 2.12
1.06 0.10 -0.56 96.34 57.95 50.71 2.34 0.15 -1.26 1.84 2.19 2.26 2.11
0.88 0.13 -0.41 48.36 31.38 48.62 2.02 0.31 -0.93 1.87 2.21 2.24 2.11
0.71 0.20 -0.27 24.64 32.73 42.38 1.53 0.44 -0.64 1.88 2.19 2.25 2.12
0.66 0.24 -0.26 11.84 68.34 36.42 1.55 0.56 -0.58 1.91 2.20 2.24 2.12
0.80 0.30 -0.36 11.46 91.74 36.37 1.84 0.70 -0.82 1.93 2.19 2.22 2.11
0.95 0.25 -0.51 7.45 92.40 41.89 2.27 0.58 -1.16 1.95 2.19 2.23 2.11
1.06 0.37 -0.58 -0.92 71.36 40.50 2.43 0.85 -1.33 1.95 2.19 2.24 2.10
0.97 0.45 -0.55 3.76 53.48 36.67 2.22 1.01 -1.28 1.97 2.19 2.24 2.09
0.83 0.46 -0.50 6.28 45.42 29.16 1.88 1.06 -1.12 1.98 2.19 2.24 2.10
0.74 0.46 -0.49 13.76 51.95 22.32 1.70 1.06 -1.12 1.99 2.18 2.25 2.09
0.73 0.31 -0.47 13.32 60.07 19.56 1.67 0.68 -1.11 1.99 2.19 2.23 2.08
0.81 0.30 -0.53 -3.91 64.27 19.97 1.86 0.70 -1.21 2.00 2.18 2.23 2.09
0.95 0.45 -0.62 -13.57 59.82 25.09 2.17 1.03 -1.45 2.00 2.18 2.24 2.10
0.95 0.54 -0.64 -6.56 41.22 22.45 2.18 1.24 -1.45 2.00 2.17 2.22 2.09
0.90 0.60 -0.62 0.57 31.61 11.08 2.07 1.37 -1.42 2.01 2.18 2.23 2.09
0.86 0.64 -0.46 12.39 24.74 -1.40 2.02 0.82 -1.36 2.00 2.17 2.23 2.09
0.79 0.33 -0.48 12.76 18.53 -10.53 1.82 0.75 -1.10 1.99 2.17 2.23 2.10
0.78 0.25 -0.47 6.08 16.11 -6.81 1.78 0.58 -1.09 2.01 2.18 2.22 2.10
0.81 0.24 -0.49 -0.46 19.38 2.02 1.87 0.57 -1.14 2.00 2.16 2.23 2.08
0.88 0.30 -0.53 -9.48 19.60 5.13 2.01 0.68 -1.21 2.01 2.17 2.22 2.09
0.86 0.32 -0.51 -10.70 10.26 5.48 1.99 0.74 -1.16 2.00 2.18 2.21 2.08
0.85 0.34 -0.49 -7.15 3.94 4.54 1.93 0.75 -1.12 2.00 2.17 2.24 2.10
0.82 0.33 -0.45 -4.40 1.72 1.08 1.87 0.77 -1.04 2.01 2.17 2.23 2.07
0.83 0.31 -0.44 0.44 2.18 -0.13 1.92 0.70 -1.00 2.00 2.18 2.22 2.08
0.84 0.26 -0.42 1.51 0.73 2.23 1.93 0.59 -0.97 2.00 2.17 2.23 2.08
0.80 0.28 -0.37 -1.04 -0.40 5.57 1.84 0.64 -0.86 2.00 2.17 2.23 2.07
0.83 0.32 -0.39 -3.07 2.46 6.68 1.92 0.75 -0.90 2.00 2.17 2.22 2.07
0.87 0.37 -0.40 -5.21 1.36 3.24 2.00 0.85 -0.93 1.99 2.17 2.22 2.06
0.88 0.36 -0.41 -2.13 0.52 -0.83 2.01 0.82 -0.93 1.99 2.16 2.23 2.08
0.91 0.32 -0.42 -1.69 -2.93 -5.68 2.08 0.73 -0.97 1.99 2.17 2.22 2.08
0.87 0.31 -0.39 -0.09 -6.81 -7.88 2.00 0.72 -0.89 1.99 2.17 2.22 2.07
0.81 0.29 -0.36 3.00 -6.89 -8.89 1.86 0.66 -0.82 1.99 2.17 2.23 2.08
0.81 0.24 -0.35 3.41 -3.95 -6.25 1.88 0.53 -0.82 1.99 2.16 2.23 2.07
0.83 0.26 -0.38 -1.83 -2.75 -4.24 1.90 0.60 -0.88 1.98 2.17 2.23 2.06
0.82 0.27 -0.38 -5.90 -2.90 -2.02 1.88 0.63 -0.89 1.98 2.17 2.21 2.07
0.86 0.33 -0.42 -8.94 -3.26 -0.22 1.97 0.75 -0.97 1.99 2.16 2.22 2.07
0.90 0.37 -0.44 -6.84 -6.74 -3.87 2.07 0.86 -1.01 1.99 2.16 2.22 2.07
0.91 0.36 -0.43 -1.52 -15.33 -11.25 2.08 0.81 -0.99 1.99 2.16 2.21 2.07
0.84 0.33 -0.37 1.34 -19.93 -16.34 1.94 0.75 -0.85 2.00 2.16 2.21 2.07
0.79 0.26 -0.31 4.87 -17.07 -16.01 1.81 0.57 -0.68 1.98 2.17 2.20 2.07
0.80 0.15 -0.28 1.30 -9.62 -7.58 1.84 0.34 -0.64 1.97 2.17 2.20 2.08
0.89 0.22 -0.36 -9.70 -5.01 0.99 2.04 0.51 -0.82 1.99 2.17 2.22 2.07
0.92 0.35 -0.40 -12.37 -8.17 3.29 2.12 0.81 -0.92 1.98 2.16 2.22 2.07
0.91 0.38 -0.41 -7.88 -13.63 -3.82 2.08 0.88 -0.95 1.97 2.16 2.21 2.07
0.90 0.33 -0.42 -2.53 -18.17 -11.22 2.08 0.77 -0.95 1.98 2.16 2.21 2.07
0.85 0.28 -0.37 -1.82 -20.62 -14.00 1.94 0.63 -0.83 1.98 2.16 2.21 2.07
0.84 0.29 -0.35 -0.92 -16.81 -12.79 1.94 0.66 -0.79 1.98 2.15 2.21 2.08
0.87 0.30 -0.34 1.08 -15.41 -12.44 1.99 0.68 -0.78 1.99 2.16 2.20 2.08
0.85 0.28 -0.31 2.51 -13.13 -13.73 1.95 0.63 -0.71 1.99 2.15 2.21 2.07
0.89 0.24 -0.31 0.69 -10.26 -13.19 2.05 0.55 -0.72 2.00 2.14 2.21 2.07
0.95 0.29 -0.35 -2.42 -10.52 -10.57 2.21 0.65 -0.81 1.98 2.15 2.20 2.06
0.93 0.24 -0.34 -4.36 -17.34 -9.80 2.12 0.56 -0.78 1.99 2.16 2.20 2.06
0.87 0.30 -0.32 -9.61 -16.51 -10.61 1.99 0.70 -0.75 1.98 2.16 2.21 2.07
0.88 0.35 -0.36 -7.58 -13.09 -12.92 2.01 0.81 -0.83 1.96 2.15 2.21 2.08
0.86 0.34 -0.39 -4.66 -11.86 -17.49 1.98 0.79 -0.89 1.97 2.14 2.20 2.06
0.90 0.38 -0.47 -2.14 -12.85 -21.84 2.08 0.88 -1.10 1.97 2.17 2.20 2.07
0.91 0.42 -0.53 3.30 -19.90 -28.77 2.08 0.97 -1.21 1.97 2.14 2.20 2.06
0.86 0.46 -0.58 7.15 -27.90 -40.41 2.00 1.08 -1.34 1.95 2.15 2.23 2.06
0.87 0.52 -0.64 9.95 -34.73 -56.76 1.96 1.21 -1.46 1.96 2.15 2.20 2.07
0.82 0.43 -0.62 14.63 -44.43 -70.70 1.89 1.00 -1.42 1.95 2.15 2.20 2.06
0.77 0.32 -0.59 9.10 -52.00 -76.63 1.75 0.78 -1.34 1.94 2.14 2.21 2.06
0.75 0.43 -0.59 4.16 -57.11 -78.82 1.73 0.99 -1.35 1.93 2.13 2.20 2.06
0.76 0.37 -0.59 8.03 -60.83 -81.34 1.72 0.81 -1.40 1.90 2.16 2.20 2.06
0.77 0.44 -0.62 8.24 -66.87 -84.21 1.75 1.02 -1.42 1.89 2.14 2.21 2.07
0.79 0.49 -0.60 9.33 -59.47 -92.56 1.82 1.12 -1.39 1.86 2.14 2.21 2.05
0.79 0.55 -0.63 15.75 -70.08 -122.18 1.79 1.29 -1.44 1.84 2.13 2.20 2.04
0.78 0.55 -0.66 30.64 -86.33 -146.63 1.79 1.26 -1.52 1.82 2.11 2.18 2.04
0.81 0.39 -0.69 38.69 -107.11 -161.56 1.86 0.86 -1.57 1.80 2.10 2.17 2.01
0.78 0.23 -0.58 46.78 -129.28 -174.94 1.77 0.57 -1.33 1.80 2.06 2.17 2.00
0.73 0.08 -0.48 54.42 -131.35 -177.76 1.67 0.19 -1.11 1.79 2.04 2.13 1.97
0.70 -0.04 -0.42 71.30 -133.73 -173.70 1.71 -0.08 -0.93 1.76 2.02 2.12 1.94
0.69 -0.13 -0.44 85.46 -130.23 -161.54 1.58 -0.29 -1.01 1.76 1.99 2.09 1.94
0.64 -0.31 -0.33 88.17 -117.31 -144.64 1.48 -0.77 -0.72 1.76 1.96 2.07 1.89
0.63 -0.31 -0.35 76.09 -120.78 -139.11 1.44 -0.71 -0.79 1.76 1.93 2.04 1.86
0.79 -0.68 -0.06 102.56 -187.62 -160.61 1.80 -1.26 -0.49 1.74 1.91 2.00 1.84
0.71 -0.55 -0.26 146.08 -283.25 -151.32 1.64 -1.34 -0.62 1.73 1.88 1.96 1.80
0.64 -0.71 -0.25 135.91 -286.72 -139.61 1.48 -1.63 -0.57 1.72 1.85 1.89 1.78
0.67 -0.83 -0.12 144.41 -286.72 -117.86 1.37 -2.02 -0.33 1.71 1.84 1.86 1.74
0.72 -1.01 -0.06 205.62 -286.72 -73.11 1.65 -2.33 -0.13 1.68 1.80 1.84 1.70
0.60 -0.99 -0.07 284.86 -286.72 -9.15 1.40 -2.37 -0.13 1.67 1.78 1.79 1.66
0.46 -1.26 0.33 286.68 -286.72 68.04 1.05 -2.88 0.76 1.66 1.71 1.76 1.63
0.34 -1.82 0.45 286.68 -286.72 95.30 0.77 -4.17 0.93 1.66 1.67 1.72 1.59