-0.25 0.25 1.24 -108.58 -218.16 -44.26 -0.58 0.58 2.85 1.68 1.53 1.50 1.53
-0.44 0.05 1.68 -150.31 -258.93 -53.65 -0.90 0.30 3.94 1.61 1.60 1.55 1.49
-0.44 0.06 2.00 -201.65 -265.12 -70.65 -1.01 0.15 4.59 1.65 1.56 1.57 1.53
-0.25 0.12 2.00 -269.82 -242.68 -83.56 -0.47 0.30 4.59 1.65 1.53 1.54 1.54
0.20 0.21 2.00 -286.72 -213.98 -103.48 0.47 0.47 4.59 1.61 1.51 1.49 1.48
0.58 0.35 2.00 -286.72 -213.47 -111.08 1.32 0.61 4.59 1.64 1.50 1.58 1.47
0.77 0.24 2.00 -286.72 -166.37 -93.95 1.77 0.55 4.59 1.64 1.52 1.54 1.50
0.68 0.31 2.00 -286.72 -98.74 -80.19 1.56 0.74 4.59 1.63 1.57 1.49 1.55
0.51 0.43 2.00 -286.72 32.47 -69.32 0.80 0.23 4.17 1.65 1.50 1.56 1.48
0.38 0.42 0.77 -166.35 -184.70 -83.88 0.88 0.97 1.77 1.65 1.52 1.51 1.55
0.48 0.40 0.73 -93.04 -72.21 -17.29 0.96 0.91 1.56 1.62 1.56 1.54 1.51
0.56 0.49 0.56 -59.04 6.10 58.84 1.28 1.12 1.29 1.65 1.50 1.54 1.54
0.38 0.52 0.48 21.13 18.66 176.13 1.17 1.46 1.26 1.64 1.53 1.54 1.54
0.38 0.93 0.77 110.37 145.51 226.64 0.87 2.13 1.76 1.68 1.53 1.58 1.52
0.41 0.90 0.86 171.16 218.37 119.46 0.93 2.07 1.98 1.59 1.51 1.52 1.50
0.30 0.92 0.82 171.41 216.88 46.31 0.66 2.03 1.97 1.67 1.51 1.52 1.48
0.45 0.80 1.03 158.08 221.21 -38.00 1.03 1.85 2.37 1.68 1.55 1.53 1.54
0.32 0.82 1.10 139.12 175.46 -93.76 0.67 1.79 2.48 1.68 1.56 1.51 1.54
0.46 0.57 1.12 129.21 175.66 -115.13 1.06 1.31 2.57 1.67 1.52 1.53 1.56
0.43 0.54 1.15 131.62 125.97 -128.33 0.99 1.23 2.72 1.66 1.57 1.51 1.53
0.50 0.46 1.22 152.09 79.81 -117.99 1.15 1.06 2.79 1.59 1.54 1.59 1.55
0.32 0.62 1.18 149.02 46.38 -93.07 0.74 1.43 2.70 1.65 1.58 1.61 1.54
0.07 0.38 1.25 92.56 32.84 -45.05 0.22 0.96 2.87 1.62 1.59 1.61 1.55
0.06 0.39 1.29 9.02 114.35 -8.78 0.14 0.89 2.95 1.65 1.59 1.59 1.55
0.31 0.24 1.15 -19.56 175.91 -1.35 0.67 0.60 2.59 1.68 1.61 1.64 1.52
0.28 0.38 1.02 -116.21 153.16 -1.50 0.64 0.88 2.34 1.60 1.62 1.81 1.54
0.21 0.49 1.01 -163.04 126.53 -28.51 0.44 1.13 2.38 1.61 1.70 1.82 1.62
0.15 0.43 0.57 -84.38 152.85 -62.63 0.25 0.90 1.20 1.61 1.79 1.91 1.67
0.40 0.19 0.45 -21.53 202.19 -77.37 0.92 0.43 1.03 1.62 1.82 1.95 1.74
0.73 0.01 0.47 63.66 180.83 -68.25 1.69 -0.10 1.01 1.65 1.89 2.05 1.78
0.80 -0.06 0.26 77.44 118.54 -22.42 1.83 -0.15 0.59 1.67 2.05 2.12 1.82
0.35 0.02 0.14 83.54 95.43 26.46 0.68 0.06 0.37 1.60 2.05 2.18 2.00
0.33 0.42 -0.14 125.05 138.37 57.21 0.84 0.96 -0.32 1.68 2.08 2.20 2.00
0.70 0.65 -0.33 190.61 177.06 61.15 1.61 1.49 -0.75 1.65 2.15 2.18 2.09
0.64 0.52 -0.51 284.42 144.36 52.22 1.50 1.08 -1.24 1.70 2.19 2.26 2.07
1.06 0.23 -0.97 286.68 59.95 47.61 2.44 0.54 -2.24 1.76 2.21 2.27 2.06
1.17 -0.13 -0.92 286.68 -17.08 55.71 2.55 -0.45 -2.08 1.85 2.24 2.27 2.13
0.93 0.18 -1.15 187.04 -15.72 70.76 2.14 0.42 -2.63 1.91 2.21 2.26 2.12
0.83 0.45 -0.72 96.43 32.63 70.53 1.94 1.21 -1.61 1.93 2.15 2.22 2.09
0.97 0.88 -0.69 70.83 58.82 62.34 1.99 2.44 -1.59 1.98 2.15 2.30 2.10
1.14 1.12 -0.73 104.82 48.50 51.27 2.61 2.56 -1.67 1.97 2.12 2.24 2.08
1.25 0.92 -0.80 103.25 55.92 50.62 2.79 2.17 -1.92 1.92 2.13 2.18 2.07
1.21 0.81 -0.75 64.05 49.48 22.23 2.78 1.86 -1.73 1.96 2.24 2.25 2.03
0.98 0.94 -0.52 39.11 27.97 -1.56 2.34 2.15 -1.39 2.00 2.21 2.24 2.06
0.91 1.05 -0.38 29.57 31.65 -0.67 2.09 2.40 -0.88 1.97 2.23 2.24 2.10
1.05 0.92 -0.25 29.22 48.55 -6.49 2.40 2.10 -0.57 1.99 2.18 2.17 2.10
1.09 0.70 -0.14 27.78 44.78 0.25 2.61 1.48 -0.49 1.97 2.13 2.26 2.03
1.08 0.74 -0.12 10.99 42.76 8.28 2.47 1.70 -0.28 1.94 2.12 2.18 2.05
0.96 0.77 -0.15 4.45 39.38 9.51 2.46 1.80 -0.35 1.99 2.20 2.17 2.07
1.04 0.77 -0.25 -0.61 42.31 6.52 2.39 1.76 -0.58 1.95 2.13 2.15 2.09
0.96 0.72 -0.26 -7.39 36.31 -0.70 2.19 1.66 -0.59 1.98 2.19 2.25 2.11
0.91 0.66 -0.30 -11.18 34.40 0.01 2.05 1.51 -0.72 2.00 2.11 2.24 2.10
0.99 0.65 -0.31 -14.53 25.71 -4.69 2.26 1.49 -0.72 1.98 2.16 2.17 2.01
0.86 0.59 -0.21 -15.35 10.23 -12.06 1.97 1.34 -0.46 2.00 2.16 2.16 2.09
0.84 0.44 -0.17 -13.96 5.76 -14.31 1.97 1.01 -0.39 2.00 2.18 2.17 2.08
0.80 0.44 -0.08 -20.44 -1.91 -14.44 1.83 1.00 -0.18 1.98 2.12 2.21 2.05