0.25 0.49 -0.25 98.09 146.20 286.68 0.56 1.12 -0.57 1.64 1.56 1.54 1.52
0.45 0.75 0.25 236.64 286.61 268.04 1.11 1.99 0.58 1.65 1.50 1.55 1.55
0.49 1.06 0.75 286.68 286.68 156.41 1.13 2.43 1.72 1.67 1.50 1.56 1.51
0.73 0.64 0.74 279.32 286.68 9.98 1.58 1.44 1.62 1.63 1.61 1.51 1.49
0.65 0.74 0.95 179.71 154.44 -74.48 1.47 1.70 2.18 1.63 1.58 1.52 1.50
0.73 0.54 1.00 206.23 178.08 -140.45 1.67 1.24 2.28 1.61 1.52 1.55 1.54
0.79 0.41 1.09 183.63 121.97 -138.73 1.82 0.90 2.56 1.59 1.55 1.51 1.55
0.74 0.37 1.27 221.99 63.10 -136.68 1.70 0.85 2.93 1.62 1.51 1.54 1.52
0.53 0.10 1.27 193.48 20.19 -95.11 1.52 0.45 2.94 1.62 1.57 1.57 1.54
0.38 -0.06 1.32 162.44 31.70 -40.01 0.88 -0.15 3.04 1.60 1.60 1.52 1.58
0.43 -0.07 1.42 18.35 45.87 12.22 0.98 -0.15 3.26 1.65 1.60 1.56 1.55
0.39 0.03 1.43 -138.89 96.78 61.53 0.91 0.32 3.20 1.64 1.56 1.57 1.54
0.35 0.39 1.34 -231.57 122.24 68.32 0.81 0.89 3.08 1.62 1.55 1.54 1.52
0.57 0.37 1.17 -286.72 140.06 42.71 1.31 0.76 2.65 1.60 1.61 1.55 1.53
0.60 0.41 1.39 -286.72 120.02 -24.18 1.37 0.95 3.19 1.61 1.55 1.62 1.55
0.41 0.14 1.09 -245.11 119.29 -76.91 0.92 0.84 2.36 1.65 1.62 1.65 1.58
0.38 0.60 0.96 -108.61 -18.43 -70.69 0.87 1.37 2.19 1.59 1.63 1.71 1.52
0.42 0.29 0.82 -33.06 64.19 -74.52 0.97 0.67 1.87 1.64 1.63 1.74 1.56
0.44 0.28 0.62 -63.17 84.55 -84.65 0.55 0.03 1.31 1.60 1.66 1.80 1.65
0.38 0.47 0.67 -25.69 159.38 -62.16 0.87 1.08 1.53 1.63 1.70 1.83 1.69
0.37 0.83 0.05 0.04 175.67 -49.37 0.82 1.85 0.02 1.66 1.80 1.84 1.71
0.54 0.64 -0.14 82.39 216.31 -44.35 1.24 1.48 -0.32 1.67 1.81 1.95 1.72
0.79 0.53 -0.34 120.78 235.82 -52.97 1.81 1.21 -0.78 1.65 1.95 1.97 1.79
0.92 0.34 -0.53 172.79 226.56 -51.72 2.16 0.80 -1.26 1.66 1.95 2.06 1.86
0.69 0.16 -0.61 197.21 256.54 -29.58 1.59 0.37 -1.41 1.61 2.11 2.04 1.96
0.69 0.00 -0.50 200.92 242.95 -24.43 1.58 0.04 -1.18 1.66 2.05 2.16 1.94
0.80 0.16 -0.47 203.65 182.47 -29.40 1.85 0.37 -1.08 1.65 2.14 2.20 2.07
0.77 0.35 -0.57 214.46 101.31 -2.90 1.84 1.24 -1.39 1.70 2.12 2.26 2.04
0.41 0.66 -0.79 269.26 -9.20 11.91 1.23 1.54 -1.82 1.73 2.21 2.20 2.06
0.56 0.56 -1.21 218.67 -35.44 14.46 1.29 1.29 -2.77 1.81 2.21 2.25 2.09
0.70 0.30 -1.10 200.39 45.19 21.85 1.66 0.56 -2.47 1.88 2.25 2.18 2.18
1.08 0.47 -1.61 115.40 70.08 15.56 2.49 1.08 -3.69 2.01 2.13 2.30 2.06
1.21 0.39 -1.34 61.76 102.97 43.85 2.77 0.68 -3.16 1.99 2.24 2.25 2.08
1.36 0.70 -1.22 -13.38 116.24 46.16 3.13 1.60 -2.81 1.98 2.25 2.26 2.16
0.95 1.38 -1.10 47.00 -15.09 18.47 2.04 2.90 -2.34 1.98 2.22 2.26 2.13
0.76 0.99 -0.83 75.64 -8.66 4.87 1.86 2.31 -1.92 2.04 2.14 2.28 2.08
0.96 0.65 -0.70 58.30 15.86 1.53 2.21 1.50 -1.61 1.96 2.20 2.22 2.11
1.10 0.41 -0.64 26.69 27.50 6.93 2.59 0.98 -1.43 1.99 2.24 2.16 2.17
1.13 0.52 -0.46 -8.26 29.93 14.44 2.59 1.20 -1.06 2.03 2.15 2.19 2.14
1.01 0.61 -0.39 -17.57 25.80 8.50 2.33 1.43 -0.86 1.94 2.23 2.18 2.09
1.08 0.61 -0.30 -4.04 1.65 -4.80 2.47 1.37 -0.65 2.00 2.11 2.21 2.12
0.90 0.41 -0.12 7.12 -13.40 -9.47 2.06 0.93 -0.27 1.97 2.14 2.19 2.08
0.83 0.27 -0.07 1.29 -4.37 -8.09 1.95 0.65 -0.17 2.00 2.20 2.16 2.16