0.54 0.69 0.10 286.68 260.20 224.56 1.24 1.57 0.23 1.63 1.55 1.54 1.53
0.98 0.59 0.63 286.68 179.16 80.95 2.05 1.32 1.73 1.60 1.52 1.54 1.55
0.53 0.62 0.98 286.63 74.28 -51.76 1.22 1.41 2.25 1.62 1.54 1.50 1.54
0.41 0.45 1.17 236.03 96.47 -102.02 0.94 1.04 2.53 1.60 1.54 1.54 1.55
0.59 0.22 1.22 188.32 140.02 -122.55 1.38 0.50 2.78 1.61 1.58 1.53 1.55
0.63 0.10 1.13 161.23 124.19 -108.62 1.44 0.23 2.60 1.60 1.56 1.58 1.52
0.66 0.13 1.23 152.05 77.29 -69.68 1.53 0.20 2.85 1.61 1.59 1.56 1.54
0.69 0.03 1.32 111.25 50.92 -34.12 1.58 0.07 3.03 1.64 1.55 1.56 1.53
0.54 -0.03 1.33 11.91 13.19 10.13 1.19 -0.01 3.08 1.59 1.55 1.54 1.54
0.39 0.12 1.89 -180.13 -36.31 75.91 0.90 0.28 4.33 1.64 1.54 1.58 1.56
-0.55 0.50 2.00 -286.72 -40.72 41.49 -1.26 1.14 4.59 1.63 1.58 1.60 1.57
-0.79 0.34 1.62 -191.24 106.49 -47.85 -1.72 0.42 3.58 1.62 1.59 1.55 1.52
0.21 0.32 1.66 -199.46 223.76 -61.89 0.48 0.73 3.82 1.66 1.61 1.68 1.56
0.36 0.60 1.45 -140.63 205.35 -71.64 1.09 1.41 3.14 1.62 1.64 1.70 1.54
0.30 0.78 1.18 -121.83 89.16 -75.16 0.70 1.78 2.71 1.63 1.68 1.87 1.63
0.55 0.78 0.97 21.36 185.96 -71.00 1.48 1.88 2.11 1.64 1.78 1.96 1.69
0.64 0.73 0.22 99.36 164.88 -103.35 1.47 1.68 0.50 1.63 1.93 1.98 1.74
0.51 0.47 0.25 161.81 154.02 -92.16 1.16 1.07 0.58 1.62 1.98 2.10 1.82
0.12 0.11 -0.11 179.57 125.73 -49.92 0.44 0.01 -0.27 1.62 2.03 2.13 1.88
0.55 0.06 -0.20 157.03 219.40 -1.53 1.27 0.13 -0.45 1.67 2.06 2.22 1.90
0.83 0.16 -0.09 143.22 286.68 57.26 1.93 0.46 -0.35 1.64 2.17 2.14 2.06
0.90 0.50 -0.46 163.47 286.68 61.72 2.07 1.15 -1.07 1.68 2.21 2.17 2.08
0.92 0.64 -0.91 215.78 286.65 47.78 2.17 1.41 -2.18 1.71 2.13 2.23 2.05
1.07 0.59 -1.12 249.02 222.39 29.20 2.55 1.36 -2.58 1.72 2.17 2.33 2.06
1.09 0.62 -1.18 245.05 113.03 3.92 2.50 1.43 -2.72 1.80 2.14 2.19 2.12
1.10 0.66 -0.96 241.60 -68.33 -32.31 2.38 1.49 -2.24 1.85 2.17 2.26 2.14
0.89 1.06 -1.34 190.33 -157.85 -21.49 2.03 2.43 -3.07 1.87 2.25 2.23 2.12
0.80 0.60 -1.11 157.25 -30.47 22.92 1.83 1.50 -2.61 1.99 2.14 2.31 2.09
1.09 0.57 -1.10 72.35 75.07 16.35 2.49 1.32 -2.53 1.91 2.24 2.22 2.09
1.04 0.52 -1.11 29.01 96.29 12.02 2.16 1.59 -2.52 1.97 2.17 2.26 2.14
0.90 0.76 -1.03 -9.84 119.23 17.36 2.26 2.01 -2.32 1.97 2.20 2.25 2.13
0.98 0.90 -0.79 -27.19 97.72 13.84 2.25 2.07 -1.82 2.00 2.20 2.20 2.16
0.93 1.15 -0.74 22.84 6.38 -4.26 2.06 2.30 -1.63 2.00 2.16 2.25 2.13
1.01 0.81 -0.58 34.12 10.68 -12.71 2.32 1.85 -1.33 2.04 2.11 2.25 2.15
1.03 0.49 -0.50 14.52 6.64 -16.42 2.33 1.06 -1.07 1.96 2.24 2.19 2.15
0.93 0.51 -0.41 -11.42 23.52 -0.14 2.15 1.18 -0.94 1.97 2.12 2.20 2.12
0.94 0.47 -0.38 -19.08 24.22 2.68 2.16 1.07 -0.86 1.98 2.20 2.24 2.07
0.95 0.56 -0.35 -23.74 19.67 3.46 2.19 1.28 -0.78 2.02 2.20 2.17 2.09
0.98 0.48 -0.31 -4.60 -1.46 -2.82 2.25 1.10 -0.71 2.04 2.11 2.27 2.07
0.95 0.34 -0.20 -4.83 -12.38 -10.29 2.18 0.75 -0.41 2.01 2.16 2.23 2.10
0.88 0.24 -0.07 -2.02 -19.91 -11.68 2.02 0.54 -0.13 1.99 2.18 2.18 2.08
0.82 0.19 0.03 -7.39 -16.81 -8.59 1.89 0.44 0.06 2.04 2.11 2.24 2.09
0.84 0.21 0.11 -10.40 -6.88 0.49 1.93 0.47 0.24 1.98 2.19 2.23 2.08
0.95 0.30 0.02 -7.42 0.54 7.44 2.18 0.68 0.04 2.01 2.12 2.21 2.06
1.02 0.34 -0.03 -1.37 -4.05 7.72 2.34 0.78 -0.07 1.98 2.21 2.16 2.12
0.97 0.36 -0.01 4.70 -13.27 3.04 2.24 0.81 0.01 2.06 2.12 2.28 2.03
0.89 0.28 0.10 7.95 -19.67 -1.47 2.05 0.65 0.23 2.00 2.11 2.23 2.11
0.82 0.30 0.18 5.91 -11.76 -0.74 1.88 0.70 0.42 2.01 2.18 2.19 2.09
0.83 0.27 0.16 5.40 0.79 2.44 1.93 0.63 0.39 2.00 2.14 2.23 2.10
0.94 0.32 0.07 -1.39 10.09 2.18 2.16 0.74 0.15 2.01 2.21 2.15 2.09
0.97 0.38 -0.03 0.68 5.19 2.49 2.24 0.86 -0.07 2.00 2.16 2.21 2.06
0.93 0.41 -0.04 1.58 -2.29 -0.11 2.14 0.94 -0.09 1.97 2.17 2.17 2.09
0.91 0.39 -0.04 7.03 -6.21 -0.32 2.10 0.89 -0.10 2.04 2.13 2.20 2.10
0.90 0.36 -0.06 6.42 -8.72 -3.78 2.07 0.82 -0.13 2.01 2.19 2.22 2.08
0.85 0.36 -0.01 3.82 -10.40 -4.95 1.96 0.83 -0.01 2.00 2.12 2.21 2.04
0.86 0.34 0.03 -0.17 -6.19 -5.22 1.98 0.79 0.08 1.96 2.17 2.19 2.06
0.91 0.33 0.06 -3.28 -3.21 -4.59 2.10 0.77 0.13 2.00 2.19 2.23 2.09
0.96 0.35 0.03 -3.04 -5.14 -2.90 2.21 0.81 0.08 2.00 2.12 2.21 2.05
0.96 0.35 0.03 -1.41 -9.32 -2.65 2.16 0.82 0.05 1.98 2.15 2.16 2.08
0.92 0.38 0.01 -0.45 -12.28 -4.57 2.12 0.87 0.02 2.03 2.11 2.22 2.12
0.88 0.35 0.02 2.36 -13.48 -3.61 2.02 0.80 0.06 2.01 2.18 2.21 2.08
0.86 0.32 0.04 1.80 -10.70 -3.32 1.98 0.73 0.09 1.99 2.10 2.21 2.04
0.87 0.33 0.06 -2.41 -5.02 -3.47 1.99 0.75 0.13 2.01 2.14 2.21 2.05
0.94 0.32 0.04 -3.67 -1.56 -2.15 2.17 0.74 0.08 1.99 2.10 2.19 2.09
1.01 0.36 0.00 -5.21 -5.94 -2.62 2.33 0.79 0.01 1.99 2.11 2.20 2.09
1.00 0.36 0.03 -3.37 -13.61 -2.60 2.30 0.83 0.06 1.93 2.17 2.21 2.05
0.94 0.38 0.06 -2.27 -17.01 -5.70 2.14 0.87 0.15 2.03 2.10 2.23 2.06
0.90 0.34 0.07 0.61 -13.02 -5.51 2.06 0.77 0.17 1.95 2.10 2.19 2.10
0.87 0.30 0.10 -0.89 -7.72 -2.84 1.98 0.68 0.26 1.94 2.15 2.22 2.06
0.88 0.30 0.11 -5.11 3.33 1.07 2.03 0.70 0.25 1.97 2.09 2.20 2.05
0.98 0.37 0.03 -7.11 7.60 1.64 2.26 0.84 0.07 1.98 2.16 2.22 2.08
1.02 0.39 -0.01 -3.55 1.72 1.00 2.34 0.88 -0.03 1.98 2.13 2.16 2.04
0.99 0.37 -0.01 0.36 -6.89 -0.68 2.28 0.85 -0.01 1.99 2.19 2.24 2.05
0.93 0.35 0.05 1.45 -12.85 -2.16 2.13 0.79 0.10 1.99 2.10 2.21 2.09
0.88 0.34 0.09 0.75 -10.09 -3.15 2.02 0.77 0.20 2.00 2.09 2.20 2.11
0.89 0.32 0.09 0.76 -4.69 -2.48 2.04 0.73 0.21 1.99 2.12 2.20 2.08
0.90 0.31 0.10 -1.61 -0.26 -1.37 2.08 0.71 0.22 1.98 2.18 2.21 2.07
0.93 0.35 0.08 -3.51 1.36 -1.22 2.15 0.80 0.17 1.97 2.14 2.19 2.04