0.54 1.00 0.69 180.89 286.68 145.10 1.24 2.29 1.57 1.65 1.58 1.56 1.55
0.40 0.82 0.85 184.10 286.68 64.29 1.03 1.88 2.17 1.60 1.60 1.50 1.55
0.34 0.85 0.89 150.10 211.79 -30.00 0.78 1.95 2.04 1.62 1.55 1.56 1.50
0.31 0.72 1.00 126.66 231.66 -74.26 0.72 1.64 2.30 1.62 1.52 1.54 1.50
0.53 0.60 1.04 120.79 204.14 -119.69 1.20 1.27 2.33 1.62 1.52 1.55 1.50
0.63 0.43 1.11 99.74 157.58 -125.52 1.44 0.99 2.55 1.60 1.52 1.53 1.52
0.65 0.49 1.30 134.51 92.57 -128.93 1.49 1.14 2.99 1.66 1.54 1.58 1.48
0.38 0.61 1.29 123.40 34.13 -110.62 0.88 1.41 2.97 1.66 1.59 1.61 1.55
0.26 0.51 1.27 88.72 37.08 -63.94 0.67 1.20 2.91 1.60 1.59 1.59 1.59
0.27 0.51 1.16 6.72 82.51 -28.03 0.61 1.14 2.66 1.66 1.55 1.61 1.50
0.27 0.25 1.04 -7.06 149.97 -15.19 0.62 0.58 2.39 1.59 1.60 1.71 1.57
0.40 0.19 1.03 -59.83 177.02 -10.78 0.95 0.50 2.43 1.64 1.65 1.68 1.60
0.32 0.28 0.80 -125.74 163.44 -31.48 0.73 0.65 1.84 1.62 1.67 1.82 1.64
0.28 0.43 0.99 -117.81 202.19 -57.17 0.86 1.11 2.17 1.61 1.76 1.89 1.68
0.58 0.37 0.65 -6.21 225.57 -77.94 1.33 0.84 1.50 1.59 1.91 1.90 1.78
0.51 0.34 0.49 38.36 176.97 -96.75 1.16 0.75 1.03 1.64 1.95 2.01 1.77
0.60 0.23 0.17 105.32 158.49 -76.50 1.46 0.40 0.45 1.58 2.06 2.06 1.85