start recording
-0.29 -0.22 1.30 216.44 -223.69 229.99 -0.65 -0.53 3.13 1.58 1.50 1.50 1.49
-0.36 -0.29 1.74 169.95 -163.64 159.49 -0.82 -0.67 4.00 1.59 1.50 1.51 1.50
-0.33 -0.28 1.82 84.88 -141.79 110.48 -0.75 -0.64 4.17 1.58 1.50 1.49 1.49
-0.29 -0.17 1.70 22.29 -106.19 70.47 -0.66 -0.32 3.86 1.59 1.51 1.50 1.49
-0.24 -0.07 1.46 21.53 -75.91 63.75 -0.56 -0.15 3.34 1.58 1.50 1.50 1.49
-0.11 -0.09 1.41 44.74 -51.67 71.93 -0.25 -0.22 3.23 1.58 1.50 1.50 1.49
-0.04 -0.22 1.46 62.92 -39.78 75.55 -0.10 -0.51 3.34 1.58 1.51 1.50 1.49
0.01 -0.30 1.54 59.47 -39.66 66.54 0.04 -0.69 3.56 1.59 1.51 1.50 1.49
0.07 -0.27 1.60 42.88 -25.66 42.83 0.17 -0.62 3.67 1.59 1.50 1.49 1.49
0.13 -0.26 1.58 23.29 -4.16 17.01 0.30 -0.59 3.63 1.60 1.50 1.50 1.50
0.22 -0.26 1.43 -5.05 9.81 -2.24 0.50 -0.60 3.27 1.58 1.50 1.50 1.49
0.29 -0.26 1.24 -18.20 21.16 -5.58 0.67 -0.59 2.84 1.59 1.50 1.50 1.49
0.37 -0.27 1.08 -12.89 19.32 1.34 0.85 -0.62 2.46 1.58 1.49 1.49 1.48
0.39 -0.24 1.03 2.73 7.56 10.63 0.88 -0.54 2.34 1.58 1.50 1.51 1.49
0.39 -0.22 1.02 13.53 5.15 11.94 0.89 -0.50 2.35 1.59 1.51 1.50 1.50
0.40 -0.21 1.02 14.18 7.85 6.29 0.96 -0.46 2.35 1.59 1.52 1.50 1.49
0.42 -0.22 1.00 0.84 12.56 -5.11 0.97 -0.50 2.30 1.59 1.51 1.50 1.50
0.44 -0.20 0.96 -12.89 18.02 -16.84 1.01 -0.44 2.19 1.58 1.52 1.49 1.50
0.44 -0.18 0.88 -21.78 18.35 -22.01 1.00 -0.41 1.99 1.60 1.50 1.51 1.49
0.44 -0.16 0.79 -16.98 12.55 -19.44 1.01 -0.37 1.80 1.58 1.50 1.50 1.50
0.45 -0.17 0.77 -6.20 2.08 -12.80 0.99 -0.31 1.77 1.59 1.50 1.50 1.49
0.40 -0.17 0.83 4.72 -2.83 -7.75 0.92 -0.38 1.91 1.58 1.50 1.50 1.50
0.42 -0.21 0.90 7.12 1.39 -8.65 0.96 -0.49 2.07 1.60 1.49 1.51 1.49
0.46 -0.25 0.92 0.43 2.63 -13.26 1.05 -0.60 2.10 1.59 1.50 1.51 1.49
0.43 -0.24 0.94 -8.41 6.70 -20.49 0.99 -0.56 2.15 1.58 1.52 1.50 1.50
0.41 -0.27 0.95 -17.22 13.91 -28.34 0.93 -0.58 2.18 1.59 1.50 1.52 1.49
0.37 -0.28 0.94 -24.95 16.88 -29.36 0.85 -0.64 2.17 1.60 1.50 1.50 1.50
0.36 -0.22 0.94 -22.34 16.65 -23.09 0.83 -0.50 2.15 1.59 1.51 1.50 1.50
0.32 -0.19 0.96 -13.09 19.81 -15.06 0.75 -0.41 2.20 1.61 1.50 1.52 1.49
0.33 -0.19 0.98 -6.02 22.26 -12.15 0.76 -0.43 2.25 1.60 1.49 1.51 1.49
0.28 -0.17 1.07 -6.00 24.10 -16.17 0.64 -0.37 2.47 1.59 1.51 1.52 1.50
0.24 -0.15 1.15 -14.94 34.78 -31.20 0.56 -0.34 2.65 1.58 1.51 1.51 1.50
0.20 -0.14 1.18 -26.23 50.85 -50.17 0.46 -0.28 2.76 1.59 1.51 1.50 1.50
0.17 -0.13 1.25 -34.07 70.43 -67.47 0.38 -0.34 2.84 1.60 1.49 1.52 1.50
0.21 -0.21 1.15 -46.91 72.21 -72.39 0.48 -0.49 2.64 1.61 1.52 1.52 1.49
0.23 -0.18 1.18 -54.43 71.07 -76.75 0.55 -0.41 2.70 1.60 1.51 1.52 1.49
0.24 -0.16 1.18 -58.97 83.74 -91.73 0.55 -0.36 2.71 1.60 1.51 1.52 1.49
0.21 -0.06 1.09 -56.06 95.74 -103.36 0.51 -0.16 2.51 1.60 1.51 1.53 1.50
0.25 -0.04 1.22 -49.93 124.88 -123.72 0.55 -0.08 2.77 1.59 1.51 1.52 1.50
0.25 -0.17 1.18 -61.98 158.24 -152.07 0.57 -0.39 2.70 1.60 1.50 1.53 1.50
0.30 -0.30 1.08 -94.82 155.18 -176.86 0.73 -0.66 2.53 1.61 1.50 1.53 1.50
0.33 -0.32 1.10 -133.96 158.31 -204.52 0.76 -0.73 2.54 1.61 1.51 1.55 1.50
0.40 -0.39 0.97 -167.03 145.28 -224.32 0.94 -0.84 2.03 1.61 1.50 1.54 1.50
0.39 -0.19 0.90 -177.25 143.20 -235.96 0.89 -0.44 2.07 1.62 1.52 1.54 1.50
0.37 -0.11 0.73 -135.45 186.78 -229.68 0.86 -0.29 1.73 1.62 1.52 1.56 1.51
0.38 -0.03 0.78 -101.33 233.73 -224.74 0.82 -0.13 1.76 1.61 1.51 1.55 1.52
0.53 -0.44 0.89 -102.01 212.20 -219.44 1.22 -1.01 2.05 1.60 1.53 1.57 1.52
0.64 -0.59 0.75 -142.60 189.78 -218.37 1.48 -1.40 1.73 1.62 1.53 1.57 1.53
0.73 -0.83 0.91 -211.74 170.90 -238.03 1.67 -1.92 2.10 1.62 1.54 1.60 1.53
0.71 -0.94 0.75 -278.43 167.59 -268.90 1.65 -2.21 1.74 1.61 1.54 1.63 1.54
0.67 -0.76 0.57 -286.72 166.05 -286.72 1.53 -1.74 1.31 1.63 1.54 1.65 1.55
0.58 -0.44 0.31 -286.72 183.23 -286.72 1.32 -1.02 0.71 1.63 1.56 1.66 1.59
0.54 -0.27 0.32 -280.88 207.79 -285.69 1.25 -0.60 0.79 1.63 1.58 1.67 1.61
0.61 -0.42 0.46 -233.99 214.24 -254.36 1.40 -0.97 1.05 1.62 1.60 1.70 1.65
0.77 -0.63 0.51 -223.72 192.03 -213.68 1.79 -1.49 1.20 1.62 1.64 1.72 1.65
0.85 -0.80 0.69 -255.20 158.93 -194.07 1.96 -1.83 1.58 1.64 1.66 1.73 1.65
0.83 -0.77 0.67 -285.58 133.53 -197.53 1.83 -1.75 1.40 1.65 1.68 1.77 1.67
0.64 -0.66 0.56 -286.55 122.99 -222.85 1.48 -1.52 1.28 1.64 1.68 1.76 1.67
0.47 -0.66 0.51 -263.38 149.16 -229.00 1.07 -1.51 1.16 1.64 1.70 1.77 1.67
0.38 -0.67 0.60 -250.85 185.10 -214.41 0.83 -1.64 1.39 1.66 1.72 1.80 1.67
0.55 -1.11 0.72 -271.29 191.04 -175.93 1.26 -2.55 1.65 1.66 1.73 1.85 1.69
0.92 -1.36 0.68 -286.72 176.66 -119.78 2.12 -3.11 1.53 1.66 1.77 1.87 1.71
0.93 -1.29 0.55 -286.72 148.92 -58.39 2.13 -2.97 1.27 1.66 1.79 1.90 1.73
0.80 -0.91 0.49 -286.72 131.42 -31.12 1.84 -2.02 1.13 1.66 1.82 1.93 1.76
0.55 -0.50 0.52 -286.72 117.69 -31.62 1.27 -1.15 1.19 1.67 1.84 1.97 1.78
0.41 -0.23 0.52 -286.72 128.60 -65.12 0.94 -0.53 1.20 1.65 1.87 1.98 1.80
0.33 -0.21 0.67 -286.28 155.16 -79.58 0.68 -0.47 1.55 1.67 1.90 2.01 1.83
0.49 -0.56 0.87 -233.89 190.51 -47.15 1.13 -1.28 1.99 1.65 1.94 2.04 1.84
0.70 -0.77 0.87 -243.92 220.87 -16.75 1.58 -1.78 2.03 1.66 1.97 2.08 1.88
0.80 -0.83 0.61 -259.51 216.68 27.84 1.83 -1.90 1.39 1.66 2.01 2.12 1.93
0.95 -0.51 0.50 -264.70 202.22 63.46 2.18 -1.16 1.14 1.67 2.05 2.12 1.97
0.72 -0.24 0.44 -231.84 181.06 71.99 1.63 -0.52 0.96 1.66 2.07 2.15 2.00
0.69 0.06 0.29 -175.44 180.35 58.60 1.59 0.14 0.67 1.66 2.08 2.16 2.02
0.78 0.10 0.31 -108.79 179.32 41.37 1.76 0.13 0.72 1.67 2.10 2.20 2.02
0.77 -0.09 0.28 -49.82 161.12 31.18 1.76 -0.22 0.63 1.67 2.13 2.20 2.05
0.87 -0.27 0.40 -19.20 150.80 36.92 1.99 -0.72 0.88 1.68 2.14 2.22 2.06
0.82 -0.33 0.35 -32.63 160.82 49.35 1.91 -0.79 0.84 1.68 2.17 2.23 2.08
0.76 -0.37 0.42 -31.31 160.62 60.20 1.74 -0.86 0.95 1.69 2.16 2.23 2.10
0.76 -0.32 0.31 -47.38 163.90 74.08 1.75 -0.68 0.65 1.69 2.18 2.25 2.10
0.84 0.01 0.04 -51.60 175.17 78.42 1.92 0.03 0.08 1.69 2.18 2.24 2.10
0.97 0.14 -0.04 -25.66 165.45 65.88 2.22 0.42 -0.26 1.68 2.20 2.26 2.13
0.90 0.14 -0.11 2.77 144.65 48.12 2.13 0.37 -0.28 1.72 2.20 2.26 2.13
0.86 0.03 -0.13 25.66 125.97 37.00 1.98 0.07 -0.30 1.73 2.21 2.24 2.13
0.77 -0.03 -0.05 30.25 110.70 33.51 1.77 -0.07 -0.15 1.76 2.20 2.25 2.13
0.78 0.05 -0.10 21.43 109.87 38.60 1.79 0.11 -0.23 1.76 2.20 2.25 2.12
0.88 0.08 -0.21 26.74 124.35 50.85 2.05 0.24 -0.51 1.80 2.21 2.25 2.11
0.97 0.22 -0.31 53.01 128.28 55.63 2.25 0.48 -0.76 1.81 2.21 2.26 2.13
1.07 0.18 -0.49 102.14 102.73 48.68 2.46 0.42 -1.13 1.83 2.21 2.25 2.12
1.06 0.10 -0.56 96.34 57.95 50.71 2.34 0.15 -1.26 1.84 2.19 2.26 2.11
0.88 0.13 -0.41 48.36 31.38 48.62 2.02 0.31 -0.93 1.87 2.21 2.24 2.11
0.71 0.20 -0.27 24.64 32.73 42.38 1.53 0.44 -0.64 1.88 2.19 2.25 2.12
0.66 0.24 -0.26 11.84 68.34 36.42 1.55 0.56 -0.58 1.91 2.20 2.24 2.12
0.80 0.30 -0.36 11.46 91.74 36.37 1.84 0.70 -0.82 1.93 2.19 2.22 2.11
0.95 0.25 -0.51 7.45 92.40 41.89 2.27 0.58 -1.16 1.95 2.19 2.23 2.11
1.06 0.37 -0.58 -0.92 71.36 40.50 2.43 0.85 -1.33 1.95 2.19 2.24 2.10
0.97 0.45 -0.55 3.76 53.48 36.67 2.22 1.01 -1.28 1.97 2.19 2.24 2.09
0.83 0.46 -0.50 6.28 45.42 29.16 1.88 1.06 -1.12 1.98 2.19 2.24 2.10
0.74 0.46 -0.49 13.76 51.95 22.32 1.70 1.06 -1.12 1.99 2.18 2.25 2.09
0.73 0.31 -0.47 13.32 60.07 19.56 1.67 0.68 -1.11 1.99 2.19 2.23 2.08
0.81 0.30 -0.53 -3.91 64.27 19.97 1.86 0.70 -1.21 2.00 2.18 2.23 2.09
0.95 0.45 -0.62 -13.57 59.82 25.09 2.17 1.03 -1.45 2.00 2.18 2.24 2.10
0.95 0.54 -0.64 -6.56 41.22 22.45 2.18 1.24 -1.45 2.00 2.17 2.22 2.09
0.90 0.60 -0.62 0.57 31.61 11.08 2.07 1.37 -1.42 2.01 2.18 2.23 2.09
0.86 0.64 -0.46 12.39 24.74 -1.40 2.02 0.82 -1.36 2.00 2.17 2.23 2.09
0.79 0.33 -0.48 12.76 18.53 -10.53 1.82 0.75 -1.10 1.99 2.17 2.23 2.10
0.78 0.25 -0.47 6.08 16.11 -6.81 1.78 0.58 -1.09 2.01 2.18 2.22 2.10
0.81 0.24 -0.49 -0.46 19.38 2.02 1.87 0.57 -1.14 2.00 2.16 2.23 2.08
0.88 0.30 -0.53 -9.48 19.60 5.13 2.01 0.68 -1.21 2.01 2.17 2.22 2.09
0.86 0.32 -0.51 -10.70 10.26 5.48 1.99 0.74 -1.16 2.00 2.18 2.21 2.08
0.85 0.34 -0.49 -7.15 3.94 4.54 1.93 0.75 -1.12 2.00 2.17 2.24 2.10
0.82 0.33 -0.45 -4.40 1.72 1.08 1.87 0.77 -1.04 2.01 2.17 2.23 2.07
0.83 0.31 -0.44 0.44 2.18 -0.13 1.92 0.70 -1.00 2.00 2.18 2.22 2.08
0.84 0.26 -0.42 1.51 0.73 2.23 1.93 0.59 -0.97 2.00 2.17 2.23 2.08
0.80 0.28 -0.37 -1.04 -0.40 5.57 1.84 0.64 -0.86 2.00 2.17 2.23 2.07
0.83 0.32 -0.39 -3.07 2.46 6.68 1.92 0.75 -0.90 2.00 2.17 2.22 2.07
0.87 0.37 -0.40 -5.21 1.36 3.24 2.00 0.85 -0.93 1.99 2.17 2.22 2.06
0.88 0.36 -0.41 -2.13 0.52 -0.83 2.01 0.82 -0.93 1.99 2.16 2.23 2.08
0.91 0.32 -0.42 -1.69 -2.93 -5.68 2.08 0.73 -0.97 1.99 2.17 2.22 2.08
0.87 0.31 -0.39 -0.09 -6.81 -7.88 2.00 0.72 -0.89 1.99 2.17 2.22 2.07
0.81 0.29 -0.36 3.00 -6.89 -8.89 1.86 0.66 -0.82 1.99 2.17 2.23 2.08
0.81 0.24 -0.35 3.41 -3.95 -6.25 1.88 0.53 -0.82 1.99 2.16 2.23 2.07
0.83 0.26 -0.38 -1.83 -2.75 -4.24 1.90 0.60 -0.88 1.98 2.17 2.23 2.06
0.82 0.27 -0.38 -5.90 -2.90 -2.02 1.88 0.63 -0.89 1.98 2.17 2.21 2.07
0.86 0.33 -0.42 -8.94 -3.26 -0.22 1.97 0.75 -0.97 1.99 2.16 2.22 2.07
0.90 0.37 -0.44 -6.84 -6.74 -3.87 2.07 0.86 -1.01 1.99 2.16 2.22 2.07
0.91 0.36 -0.43 -1.52 -15.33 -11.25 2.08 0.81 -0.99 1.99 2.16 2.21 2.07
0.84 0.33 -0.37 1.34 -19.93 -16.34 1.94 0.75 -0.85 2.00 2.16 2.21 2.07
0.79 0.26 -0.31 4.87 -17.07 -16.01 1.81 0.57 -0.68 1.98 2.17 2.20 2.07
0.80 0.15 -0.28 1.30 -9.62 -7.58 1.84 0.34 -0.64 1.97 2.17 2.20 2.08
0.89 0.22 -0.36 -9.70 -5.01 0.99 2.04 0.51 -0.82 1.99 2.17 2.22 2.07
0.92 0.35 -0.40 -12.37 -8.17 3.29 2.12 0.81 -0.92 1.98 2.16 2.22 2.07
0.91 0.38 -0.41 -7.88 -13.63 -3.82 2.08 0.88 -0.95 1.97 2.16 2.21 2.07
0.90 0.33 -0.42 -2.53 -18.17 -11.22 2.08 0.77 -0.95 1.98 2.16 2.21 2.07
0.85 0.28 -0.37 -1.82 -20.62 -14.00 1.94 0.63 -0.83 1.98 2.16 2.21 2.07
0.84 0.29 -0.35 -0.92 -16.81 -12.79 1.94 0.66 -0.79 1.98 2.15 2.21 2.08
0.87 0.30 -0.34 1.08 -15.41 -12.44 1.99 0.68 -0.78 1.99 2.16 2.20 2.08
0.85 0.28 -0.31 2.51 -13.13 -13.73 1.95 0.63 -0.71 1.99 2.15 2.21 2.07
0.89 0.24 -0.31 0.69 -10.26 -13.19 2.05 0.55 -0.72 2.00 2.14 2.21 2.07
0.95 0.29 -0.35 -2.42 -10.52 -10.57 2.21 0.65 -0.81 1.98 2.15 2.20 2.06
0.93 0.24 -0.34 -4.36 -17.34 -9.80 2.12 0.56 -0.78 1.99 2.16 2.20 2.06
0.87 0.30 -0.32 -9.61 -16.51 -10.61 1.99 0.70 -0.75 1.98 2.16 2.21 2.07
0.88 0.35 -0.36 -7.58 -13.09 -12.92 2.01 0.81 -0.83 1.96 2.15 2.21 2.08
0.86 0.34 -0.39 -4.66 -11.86 -17.49 1.98 0.79 -0.89 1.97 2.14 2.20 2.06
0.90 0.38 -0.47 -2.14 -12.85 -21.84 2.08 0.88 -1.10 1.97 2.17 2.20 2.07
0.91 0.42 -0.53 3.30 -19.90 -28.77 2.08 0.97 -1.21 1.97 2.14 2.20 2.06
0.86 0.46 -0.58 7.15 -27.90 -40.41 2.00 1.08 -1.34 1.95 2.15 2.23 2.06
0.87 0.52 -0.64 9.95 -34.73 -56.76 1.96 1.21 -1.46 1.96 2.15 2.20 2.07
0.82 0.43 -0.62 14.63 -44.43 -70.70 1.89 1.00 -1.42 1.95 2.15 2.20 2.06
0.77 0.32 -0.59 9.10 -52.00 -76.63 1.75 0.78 -1.34 1.94 2.14 2.21 2.06
0.75 0.43 -0.59 4.16 -57.11 -78.82 1.73 0.99 -1.35 1.93 2.13 2.20 2.06
0.76 0.37 -0.59 8.03 -60.83 -81.34 1.72 0.81 -1.40 1.90 2.16 2.20 2.06
0.77 0.44 -0.62 8.24 -66.87 -84.21 1.75 1.02 -1.42 1.89 2.14 2.21 2.07
0.79 0.49 -0.60 9.33 -59.47 -92.56 1.82 1.12 -1.39 1.86 2.14 2.21 2.05
0.79 0.55 -0.63 15.75 -70.08 -122.18 1.79 1.29 -1.44 1.84 2.13 2.20 2.04
0.78 0.55 -0.66 30.64 -86.33 -146.63 1.79 1.26 -1.52 1.82 2.11 2.18 2.04
0.81 0.39 -0.69 38.69 -107.11 -161.56 1.86 0.86 -1.57 1.80 2.10 2.17 2.01
0.78 0.23 -0.58 46.78 -129.28 -174.94 1.77 0.57 -1.33 1.80 2.06 2.17 2.00
0.73 0.08 -0.48 54.42 -131.35 -177.76 1.67 0.19 -1.11 1.79 2.04 2.13 1.97
0.70 -0.04 -0.42 71.30 -133.73 -173.70 1.71 -0.08 -0.93 1.76 2.02 2.12 1.94
0.69 -0.13 -0.44 85.46 -130.23 -161.54 1.58 -0.29 -1.01 1.76 1.99 2.09 1.94
0.64 -0.31 -0.33 88.17 -117.31 -144.64 1.48 -0.77 -0.72 1.76 1.96 2.07 1.89
0.63 -0.31 -0.35 76.09 -120.78 -139.11 1.44 -0.71 -0.79 1.76 1.93 2.04 1.86
0.79 -0.68 -0.06 102.56 -187.62 -160.61 1.80 -1.26 -0.49 1.74 1.91 2.00 1.84
0.71 -0.55 -0.26 146.08 -283.25 -151.32 1.64 -1.34 -0.62 1.73 1.88 1.96 1.80
0.64 -0.71 -0.25 135.91 -286.72 -139.61 1.48 -1.63 -0.57 1.72 1.85 1.89 1.78
0.67 -0.83 -0.12 144.41 -286.72 -117.86 1.37 -2.02 -0.33 1.71 1.84 1.86 1.74
0.72 -1.01 -0.06 205.62 -286.72 -73.11 1.65 -2.33 -0.13 1.68 1.80 1.84 1.70
0.60 -0.99 -0.07 284.86 -286.72 -9.15 1.40 -2.37 -0.13 1.67 1.78 1.79 1.66
0.46 -1.26 0.33 286.68 -286.72 68.04 1.05 -2.88 0.76 1.66 1.71 1.76 1.63
0.34 -1.82 0.45 286.68 -286.72 95.30 0.77 -4.17 0.93 1.66 1.67 1.72 1.59
0.44 -1.93 0.17 286.68 -273.66 140.21 1.09 -4.49 0.30 1.66 1.62 1.71 1.58
0.61 -2.00 0.13 286.68 -244.26 198.13 1.41 -4.59 0.30 1.63 1.60 1.67 1.56
0.53 -2.00 0.26 286.68 -229.88 252.84 1.25 -4.59 0.73 1.64 1.56 1.67 1.53
0.51 -2.00 0.40 286.68 -212.55 256.15 1.17 -4.59 0.92 1.64 1.55 1.64 1.53
0.67 -2.00 0.30 286.68 -194.76 244.38 1.56 -4.56 0.56 1.64 1.54 1.63 1.51
0.67 -1.38 0.06 270.00 -200.75 258.12 1.54 -3.17 0.14 1.62 1.53 1.60 1.50
0.72 -1.25 -0.19 286.68 -193.08 285.84 1.66 -2.88 -0.43 1.62 1.53 1.58 1.50
0.75 -1.32 -0.15 286.68 -210.57 286.68 1.73 -3.07 -0.34 1.62 1.52 1.55 1.49
0.65 -1.52 0.04 286.68 -240.79 286.68 1.49 -3.50 0.10 1.61 1.52 1.55 1.51
0.40 -1.56 0.19 275.30 -257.77 286.68 0.82 -3.51 0.50 1.62 1.51 1.52 1.49
0.46 -1.49 0.39 196.04 -264.26 278.96 1.06 -3.42 0.88 1.61 1.51 1.51 1.49
0.28 -0.85 0.48 141.57 -245.04 251.32 0.62 -2.04 1.17 1.61 1.50 1.52 1.50
0.38 -0.62 0.44 125.68 -229.81 251.21 0.86 -1.42 1.02 1.61 1.50 1.52 1.49
0.35 -0.47 0.56 151.86 -204.55 252.86 0.80 -1.07 1.28 1.59 1.51 1.50 1.49
0.23 -0.57 0.73 159.78 -203.69 251.26 0.54 -1.35 1.65 1.60 1.50 1.51 1.49
0.11 -0.52 0.90 161.71 -179.24 244.57 0.25 -1.19 2.06 1.59 1.51 1.51 1.49
0.01 -0.38 1.04 139.54 -167.23 229.47 0.05 -0.84 2.43 1.59 1.50 1.50 1.49
-0.05 -0.06 1.24 105.10 -135.01 199.46 -0.12 -0.15 2.84 1.59 1.49 1.50 1.49
-0.05 0.03 1.32 77.64 -104.58 165.25 -0.00 0.26 3.06 1.59 1.50 1.50 1.50
-0.03 0.19 1.49 65.59 -79.15 134.17 -0.13 0.54 3.47 1.59 1.50 1.49 1.48
-0.16 0.20 1.52 57.83 -60.21 114.92 -0.37 0.46 3.49 1.59 1.50 1.50 1.49
-0.19 0.39 1.50 57.24 -47.96 100.84 -0.41 1.03 3.48 1.59 1.50 1.50 1.49
-0.16 0.49 1.63 68.43 -11.80 82.74 -0.38 1.14 3.74 1.60 1.51 1.50 1.49
-0.01 0.35 1.72 57.87 3.53 59.68 -0.09 0.69 3.94 1.60 1.50 1.50 1.49
0.07 0.25 1.77 23.76 13.68 24.95 0.29 0.59 4.05 1.59 1.49 1.49 1.49
0.21 0.18 1.60 -4.87 8.64 1.04 0.49 0.42 3.67 1.60 1.51 1.49 1.49
0.34 0.18 1.40 -13.27 8.64 -14.69 0.81 0.42 3.16 1.59 1.50 1.50 1.48
0.50 0.07 1.24 -7.67 15.94 -18.47 1.14 0.16 2.85 1.60 1.49 1.50 1.49
0.63 -0.04 1.12 0.74 24.60 -18.00 1.49 -0.11 2.56 1.59 1.50 1.49 1.49
0.70 -0.11 1.06 9.31 35.24 -17.13 1.62 -0.26 2.43 1.60 1.50 1.49 1.49
0.78 -0.25 1.00 9.16 46.24 -18.86 1.79 -0.57 2.31 1.59 1.50 1.49 1.49
0.88 -0.36 0.90 -2.67 39.92 -15.12 2.03 -0.83 2.04 1.61 1.51 1.50 1.49
0.95 -0.30 0.78 -14.17 19.40 -8.87 2.18 -0.68 1.78 1.60 1.51 1.50 1.49
0.91 -0.23 0.66 -13.27 4.28 -4.14 2.09 -0.51 1.51 1.61 1.50 1.50 1.49
0.85 -0.18 0.67 -4.93 -7.74 0.81 1.93 -0.40 1.54 1.60 1.51 1.50 1.49
0.78 -0.17 0.71 1.23 -9.69 4.57 1.78 -0.39 1.63 1.60 1.49 1.51 1.49
0.72 -0.14 0.74 1.90 -10.39 6.87 1.64 -0.31 1.71 1.61 1.51 1.49 1.49
0.65 -0.11 0.74 -3.05 -5.84 3.15 1.49 -0.24 1.70 1.62 1.49 1.50 1.48
0.63 -0.07 0.77 -11.09 -5.73 -3.59 1.45 -0.15 1.77 1.60 1.51 1.50 1.49
0.61 -0.07 0.76 -18.38 -3.89 -10.84 1.40 -0.18 1.74 1.60 1.49 1.49 1.49
0.59 -0.09 0.74 -22.50 -7.16 -12.28 1.36 -0.21 1.69 1.60 1.51 1.50 1.50
0.62 -0.09 0.71 -17.67 -8.71 -8.76 1.42 -0.19 1.64 1.61 1.50 1.50 1.49
0.61 -0.07 0.72 -6.78 -8.21 -2.69 1.43 -0.16 1.64 1.61 1.49 1.50 1.50
0.64 -0.11 0.73 -2.80 -4.84 -2.00 1.47 -0.25 1.67 1.61 1.50 1.50 1.49
0.67 -0.13 0.74 -9.54 -3.21 -6.28 1.51 -0.29 1.71 1.60 1.50 1.51 1.49
0.64 -0.10 0.75 -18.40 -0.25 -11.67 1.47 -0.23 1.71 1.61 1.50 1.51 1.49
0.63 -0.11 0.73 -23.61 2.55 -14.52 1.44 -0.24 1.68 1.62 1.51 1.50 1.49
0.64 -0.07 0.72 -20.52 5.24 -12.68 1.48 -0.13 1.64 1.61 1.50 1.50 1.49
0.63 -0.03 0.69 -14.11 6.54 -6.55 1.45 -0.07 1.59 1.62 1.50 1.50 1.49
0.64 0.00 0.69 -5.38 5.37 -3.45 1.47 0.02 1.58 1.61 1.51 1.51 1.50
0.65 -0.01 0.72 -2.69 5.14 -5.55 1.47 -0.02 1.65 1.61 1.52 1.50 1.51
0.62 -0.01 0.79 -5.58 8.40 -12.36 1.43 -0.03 1.82 1.60 1.52 1.50 1.50
0.60 -0.04 0.81 -14.67 13.94 -21.46 1.39 -0.10 1.86 1.61 1.50 1.52 1.49
0.62 -0.00 0.84 -21.54 12.80 -26.54 1.42 -0.00 1.94 1.61 1.50 1.51 1.49
0.59 -0.03 0.89 -27.88 13.48 -33.43 1.38 -0.02 2.07 1.62 1.50 1.51 1.50
0.57 0.04 0.91 -31.11 15.54 -40.22 1.31 0.09 2.10 1.62 1.50 1.52 1.49
0.56 0.09 0.98 -24.63 20.41 -43.82 1.28 0.20 2.24 1.61 1.50 1.51 1.49
0.51 0.12 1.06 -20.81 35.65 -53.88 1.17 0.31 2.43 1.62 1.50 1.52 1.50
0.46 0.13 1.12 -22.76 60.81 -72.21 1.05 0.29 2.57 1.61 1.52 1.51 1.50
0.42 0.11 1.20 -34.17 80.26 -94.28 1.04 0.17 2.74 1.62 1.51 1.52 1.50
0.51 -0.13 0.99 -69.68 64.43 -108.91 1.19 -0.29 2.27 1.61 1.51 1.53 1.49
0.61 -0.09 0.95 -92.07 40.09 -109.66 1.41 -0.21 2.18 1.62 1.49 1.53 1.50
0.63 -0.01 0.87 -95.61 32.03 -119.28 1.47 -0.06 2.07 1.62 1.50 1.52 1.50
0.69 -0.04 0.95 -103.92 22.69 -135.21 1.59 -0.09 2.18 1.63 1.51 1.54 1.50
0.62 -0.12 1.05 -122.68 10.04 -169.90 1.49 -0.35 2.40 1.63 1.50 1.54 1.50
0.62 -0.02 1.19 -185.09 22.38 -234.44 1.42 -0.04 2.73 1.63 1.52 1.54 1.50
0.59 -0.28 1.17 -248.42 53.60 -281.36 1.36 -0.71 2.57 1.64 1.51 1.56 1.50
0.59 -0.18 0.68 -281.39 32.81 -286.72 1.35 -0.41 1.45 1.63 1.51 1.58 1.51
0.62 0.16 0.59 -255.27 47.03 -258.23 1.43 0.37 1.36 1.63 1.53 1.58 1.51
0.53 0.23 0.58 -185.43 76.41 -207.32 1.20 0.48 1.29 1.64 1.54 1.59 1.51
0.55 0.12 0.58 -105.80 98.78 -172.49 1.27 0.27 1.34 1.62 1.53 1.58 1.52
0.53 -0.06 0.78 -70.88 89.22 -159.54 1.22 -0.22 1.82 1.62 1.53 1.59 1.53
0.61 -0.34 0.94 -77.14 83.89 -174.88 1.37 -0.78 2.17 1.62 1.53 1.60 1.52
0.66 -0.65 1.09 -150.94 66.06 -203.43 1.52 -1.48 2.49 1.63 1.54 1.62 1.53
0.70 -0.71 0.95 -227.00 53.72 -231.00 1.55 -1.60 2.15 1.63 1.54 1.64 1.53
0.64 -0.25 0.63 -273.77 57.72 -253.01 1.46 -0.57 1.44 1.63 1.54 1.65 1.53
0.50 -0.06 0.50 -222.27 92.09 -230.70 1.12 -0.09 1.20 1.63 1.55 1.65 1.54
0.48 0.03 0.57 -169.99 138.74 -201.19 1.10 0.06 1.31 1.64 1.54 1.65 1.53
0.67 -0.29 0.75 -129.12 127.43 -170.81 1.50 -0.69 1.72 1.62 1.54 1.65 1.54
0.73 -0.71 1.08 -131.29 95.60 -150.21 1.63 -1.86 2.50 1.65 1.55 1.66 1.54
0.72 -1.20 1.24 -221.98 91.85 -148.72 1.64 -2.74 2.84 1.65 1.56 1.69 1.55
0.64 -1.24 1.07 -286.72 53.93 -173.62 1.44 -2.80 2.41 1.66 1.56 1.68 1.54
0.56 -1.01 0.84 -286.72 56.74 -208.04 1.27 -2.31 1.94 1.67 1.56 1.69 1.55
0.45 -0.66 0.59 -286.72 104.29 -235.37 1.08 -1.40 1.30 1.66 1.58 1.68 1.56
0.44 -0.34 0.56 -286.72 150.49 -222.65 1.02 -0.79 1.29 1.66 1.59 1.72 1.57
0.45 -0.47 0.60 -286.72 190.54 -204.62 1.03 -1.12 1.52 1.66 1.61 1.73 1.60
0.62 -0.85 0.96 -286.72 202.63 -157.53 1.39 -2.01 2.26 1.66 1.63 1.73 1.64
0.80 -0.96 1.06 -286.72 173.16 -126.41 1.83 -2.20 2.43 1.67 1.66 1.76 1.68
0.72 -0.91 0.92 -286.72 124.62 -104.01 1.65 -2.07 2.10 1.67 1.67 1.78 1.69
0.66 -0.66 0.86 -286.72 139.82 -86.96 1.52 -1.52 1.97 1.67 1.70 1.79 1.71
0.56 -0.44 0.80 -286.72 156.41 -82.28 1.23 -0.99 1.79 1.67 1.72 1.82 1.72
0.39 -0.07 0.58 -286.72 197.16 -62.26 0.90 -0.17 1.33 1.67 1.74 1.85 1.73
0.52 -0.15 0.67 -286.72 219.54 -41.51 1.19 -0.35 1.54 1.68 1.79 1.89 1.75
0.68 -0.32 0.62 -282.09 231.33 -24.97 1.53 -0.78 1.41 1.67 1.84 1.93 1.81
0.86 -0.45 0.53 -259.60 231.23 -1.61 1.98 -1.02 1.22 1.67 1.88 1.97 1.84
0.94 -0.36 0.43 -249.99 216.82 22.69 2.17 -0.84 0.93 1.67 1.93 2.01 1.86
0.87 -0.24 0.25 -222.63 199.35 41.36 1.99 -0.56 0.57 1.68 1.97 2.04 1.90
0.97 0.03 0.17 -201.44 186.88 42.01 2.21 0.10 0.41 1.68 2.00 2.10 1.94
0.86 0.25 0.13 -144.96 166.63 21.51 1.93 0.46 0.28 1.68 2.04 2.10 1.99
0.99 0.27 0.10 -72.12 161.54 0.94 2.27 0.62 0.22 1.68 2.07 2.14 2.01
0.80 0.23 0.26 -17.31 151.67 -26.79 1.90 0.47 0.62 1.68 2.10 2.16 2.04
0.82 -0.01 0.03 -0.73 154.20 -32.20 1.89 -0.01 0.07 1.68 2.13 2.15 2.07
1.01 -0.17 0.07 40.34 179.40 -17.35 2.25 -0.29 0.16 1.69 2.14 2.20 2.06
1.10 -0.07 -0.05 46.76 155.54 -3.74 2.52 -0.16 -0.12 1.67 2.15 2.20 2.09
1.04 0.02 -0.20 40.11 147.57 8.36 2.39 0.06 -0.45 1.67 2.18 2.21 2.10
0.96 0.12 -0.24 12.58 126.84 13.82 2.22 0.25 -0.62 1.68 2.18 2.21 2.12
0.92 0.02 -0.15 12.78 120.17 8.34 2.11 0.04 -0.34 1.68 2.20 2.23 2.12
0.80 0.09 -0.20 15.57 97.21 -2.37 1.81 0.23 -0.37 1.68 2.21 2.23 2.13
0.78 0.07 -0.13 38.24 104.07 -5.42 1.78 0.16 -0.29 1.69 2.19 2.25 2.14
0.83 0.00 -0.14 29.33 100.18 -3.31 1.90 0.00 -0.31 1.68 2.21 2.25 2.15
0.93 0.06 -0.22 1.37 82.02 4.46 2.25 0.20 -0.48 1.70 2.20 2.26 2.13
0.91 0.14 -0.22 -2.73 103.56 9.61 2.10 0.32 -0.50 1.70 2.20 2.25 2.15
0.86 0.09 -0.26 13.97 118.75 20.29 1.92 0.19 -0.64 1.73 2.21 2.26 2.15
0.87 0.15 -0.35 28.49 101.20 32.94 1.97 0.35 -0.79 1.75 2.21 2.24 2.15
0.77 0.24 -0.50 52.03 77.74 24.39 1.78 0.55 -1.14 1.78 2.22 2.24 2.15
0.89 0.19 -0.39 81.11 58.30 22.06 2.02 0.30 -1.04 1.80 2.21 2.24 2.15
0.89 0.09 -0.47 69.87 55.44 18.57 2.04 0.20 -1.08 1.83 2.22 2.26 2.15
0.86 0.09 -0.46 68.22 42.55 20.00 1.92 0.20 -1.07 1.85 2.22 2.24 2.15
0.83 0.19 -0.48 50.92 44.08 17.84 1.90 0.43 -1.10 1.90 2.20 2.24 2.13
0.79 0.24 -0.47 49.74 48.38 15.82 1.80 0.58 -1.11 1.93 2.20 2.25 2.15
0.81 0.28 -0.53 59.76 43.86 7.93 1.84 0.64 -1.25 1.97 2.20 2.24 2.15
0.78 0.24 -0.56 63.56 42.94 0.84 1.80 0.54 -1.29 2.00 2.20 2.23 2.12
0.80 0.21 -0.59 60.05 39.08 4.41 1.91 0.43 -1.31 2.01 2.20 2.24 2.13
0.89 0.26 -0.61 40.22 37.26 9.25 2.05 0.59 -1.40 2.03 2.19 2.24 2.12
0.91 0.34 -0.64 27.90 39.75 12.22 2.09 0.78 -1.47 2.04 2.20 2.25 2.11
0.85 0.36 -0.61 25.47 34.74 5.98 1.93 0.83 -1.38 2.05 2.19 2.22 2.12
0.73 0.24 -0.45 21.40 27.12 -0.79 1.69 0.55 -1.03 2.05 2.19 2.23 2.12
0.75 0.24 -0.45 11.11 35.93 -0.24 1.71 0.53 -1.05 2.05 2.20 2.22 2.11
0.81 0.20 -0.49 5.09 41.71 6.51 1.86 0.47 -1.12 2.06 2.19 2.23 2.11
0.97 0.33 -0.57 -6.90 41.93 9.38 2.22 0.75 -1.31 2.06 2.18 2.23 2.11
1.02 0.39 -0.64 -2.19 22.97 5.49 2.35 0.91 -1.48 2.07 2.19 2.23 2.11
0.95 0.42 -0.61 2.35 4.38 -8.33 2.18 0.96 -1.40 2.07 2.18 2.23 2.11
0.72 0.34 -0.42 16.60 -11.97 -19.37 1.55 0.88 -1.07 2.06 2.18 2.23 2.11
0.70 0.21 -0.42 20.66 0.50 -15.15 1.61 0.44 -0.93 2.06 2.18 2.22 2.11
0.75 0.12 -0.45 8.03 7.85 -5.62 1.72 0.28 -1.02 2.06 2.18 2.21 2.11
0.88 0.25 -0.51 -8.68 15.79 5.72 2.07 0.62 -1.21 2.06 2.19 2.22 2.10
0.94 0.39 -0.58 -7.52 2.45 6.90 2.16 0.90 -1.33 2.05 2.18 2.21 2.11
0.85 0.43 -0.48 -1.44 -9.29 -1.82 1.96 0.98 -1.11 2.05 2.18 2.23 2.10
0.84 0.35 -0.43 5.16 -11.74 -13.58 1.93 0.79 -0.98 2.04 2.19 2.21 2.09
0.80 0.19 -0.36 5.29 -8.22 -17.09 1.83 0.44 -0.83 2.07 2.18 2.23 2.10
0.78 0.14 -0.33 2.30 -3.41 -11.23 1.80 0.30 -0.78 2.06 2.19 2.21 2.09
0.87 0.11 -0.38 -1.58 1.22 0.84 2.01 0.27 -0.86 2.06 2.18 2.23 2.09
0.92 0.25 -0.42 -5.74 -0.28 6.09 2.11 0.56 -0.97 2.05 2.17 2.21 2.10
0.89 0.27 -0.39 -1.48 -4.52 4.86 2.03 0.62 -0.89 2.06 2.17 2.23 2.08
0.88 0.29 -0.37 0.70 -6.47 -1.09 2.03 0.68 -0.86 2.06 2.17 2.22 2.10
0.86 0.24 -0.35 3.83 -5.96 -4.48 1.98 0.54 -0.81 2.05 2.19 2.21 2.10
0.85 0.18 -0.33 2.28 -2.46 -4.97 1.95 0.42 -0.76 2.05 2.17 2.21 2.11
0.89 0.19 -0.36 -1.28 -1.88 -1.51 2.04 0.45 -0.82 2.05 2.18 2.20 2.11
0.90 0.25 -0.37 -2.97 -3.12 -0.11 2.06 0.57 -0.85 2.05 2.16 2.21 2.08
0.89 0.24 -0.36 -3.80 -3.76 0.08 2.04 0.55 -0.82 2.06 2.18 2.21 2.08
0.89 0.27 -0.38 -3.80 -4.70 -1.09 2.05 0.62 -0.87 2.06 2.16 2.22 2.08
0.87 0.26 -0.37 -3.26 -6.46 -3.61 2.00 0.61 -0.87 2.04 2.17 2.21 2.08
0.86 0.26 -0.39 -2.34 -6.41 -6.31 1.97 0.59 -0.90 2.05 2.17 2.20 2.09
0.83 0.24 -0.39 -4.49 -5.33 -6.89 1.92 0.55 -0.89 2.03 2.17 2.20 2.09
0.85 0.31 -0.43 -6.64 -3.25 -6.44 1.96 0.73 -1.01 2.04 2.17 2.22 2.08
0.88 0.35 -0.48 -4.23 -6.17 -8.26 2.02 0.81 -1.11 2.04 2.16 2.19 2.09
0.88 0.38 -0.53 -5.57 -11.39 -12.80 2.02 0.87 -1.25 2.04 2.17 2.21 2.09
0.87 0.38 -0.54 -3.95 -19.79 -18.11 2.00 0.85 -1.23 2.04 2.16 2.22 2.08
0.82 0.28 -0.53 -4.27 -26.24 -20.08 1.88 0.65 -1.21 2.04 2.17 2.20 2.08
0.85 0.35 -0.58 -11.19 -28.88 -21.10 1.95 0.79 -1.36 2.03 2.18 2.19 2.09
0.74 0.40 -0.54 -10.02 -33.18 -22.94 1.70 0.93 -1.24 2.03 2.16 2.22 2.08
0.73 0.38 -0.56 -5.42 -24.89 -25.46 1.68 0.90 -1.30 2.01 2.16 2.21 2.08
0.82 0.44 -0.67 -1.92 -22.32 -28.25 1.92 1.01 -1.52 2.01 2.15 2.21 2.08
0.84 0.46 -0.73 6.37 -32.23 -34.25 1.93 1.06 -1.68 2.00 2.17 2.19 2.08
0.86 0.48 -0.76 8.95 -46.63 -50.05 1.98 1.11 -1.76 1.98 2.16 2.23 2.08
0.86 0.56 -0.80 10.79 -61.65 -71.59 1.98 1.28 -1.83 1.97 2.15 2.21 2.08
0.84 0.53 -0.80 17.53 -77.04 -92.97 1.92 1.22 -1.82 1.95 2.16 2.21 2.08
0.78 0.34 -0.77 27.57 -96.96 -109.73 1.79 0.77 -1.76 1.92 2.14 2.22 2.08
0.76 0.29 -0.71 26.88 -104.79 -115.31 1.74 0.66 -1.62 1.88 2.13 2.20 2.08
0.77 0.28 -0.67 32.02 -109.32 -119.82 1.74 0.62 -1.56 1.86 2.14 2.18 2.07
0.82 0.10 -0.68 35.67 -119.33 -115.61 1.89 0.23 -1.57 1.82 2.12 2.18 2.04
0.76 0.09 -0.63 21.83 -140.16 -107.99 1.69 0.23 -1.40 1.81 2.10 2.16 2.04
0.66 0.23 -0.54 6.38 -145.50 -115.63 1.51 0.53 -1.25 1.79 2.06 2.14 2.00
0.74 0.35 -0.56 14.77 -138.02 -134.88 1.71 0.80 -1.32 1.77 2.04 2.11 1.99
0.78 0.26 -0.59 28.52 -133.69 -160.79 1.80 0.60 -1.36 1.77 2.02 2.08 1.95
0.69 0.10 -0.59 51.04 -138.55 -174.08 1.55 0.15 -1.37 1.76 1.98 2.05 1.93
0.67 -0.03 -0.40 60.09 -166.52 -167.68 1.60 -0.06 -0.89 1.73 1.95 2.03 1.88
0.54 -0.21 -0.28 82.53 -183.50 -162.50 1.24 -0.48 -0.65 1.72 1.92 1.98 1.85
0.40 -0.85 0.30 107.03 -278.47 -160.20 1.15 -1.58 0.54 1.70 1.88 1.94 1.81
0.53 -0.42 -0.01 144.51 -286.72 -177.29 1.22 -0.96 -0.03 1.69 1.87 1.89 1.76
0.56 -0.87 -0.11 189.10 -286.72 -139.42 1.39 -2.08 -0.18 1.67 1.85 1.86 1.72
0.59 -0.91 -0.15 221.50 -286.72 -78.29 1.35 -2.09 -0.35 1.66 1.82 1.84 1.68
0.56 -1.02 0.09 286.68 -286.72 -0.84 1.10 -2.54 0.12 1.66 1.77 1.81 1.65
0.34 -1.45 0.29 286.68 -286.72 60.00 0.76 -3.32 0.66 1.63 1.71 1.78 1.62
0.08 -1.67 0.21 286.68 -286.72 94.81 0.18 -3.84 0.49 1.65 1.67 1.74 1.60
-0.14 -2.00 0.22 286.68 -278.66 147.63 -0.30 -4.59 0.49 1.64 1.63 1.70 1.57
0.12 -2.00 0.54 286.68 -221.73 191.56 0.27 -4.59 1.23 1.62 1.61 1.68 1.57
0.54 -2.00 0.57 286.68 -192.33 237.81 1.36 -4.59 1.33 1.63 1.59 1.67 1.54
0.83 -2.00 0.43 286.68 -171.24 264.77 1.92 -4.59 0.98 1.62 1.56 1.66 1.52
0.80 -2.00 0.05 211.17 -197.93 270.91 1.89 -4.44 -0.01 1.63 1.56 1.63 1.53
0.65 -1.34 -0.38 235.83 -218.23 286.68 1.48 -3.08 -0.87 1.64 1.55 1.63 1.52
0.69 -1.32 -0.37 286.68 -206.35 286.68 1.56 -3.01 -0.86 1.63 1.54 1.60 1.52
0.55 -1.42 -0.37 286.68 -222.20 286.68 1.32 -3.25 -0.84 1.62 1.54 1.58 1.50
0.32 -1.63 0.06 286.68 -220.40 286.68 0.72 -3.73 0.14 1.63 1.54 1.59 1.50
0.33 -1.45 0.48 284.54 -214.67 286.68 0.75 -3.38 1.14 1.63 1.53 1.58 1.50
0.44 -1.17 0.48 180.81 -237.99 279.83 1.01 -2.69 1.10 1.61 1.52 1.55 1.50
0.46 -0.76 0.35 134.70 -253.81 269.39 0.98 -1.65 0.77 1.61 1.51 1.55 1.49
0.34 -0.51 0.20 180.15 -241.26 279.20 0.78 -1.17 0.47 1.60 1.52 1.54 1.50
0.28 -0.55 0.40 237.42 -219.49 286.68 0.73 -1.26 0.96 1.60 1.51 1.53 1.49
0.06 -0.49 0.82 265.30 -196.52 286.68 0.11 -1.12 1.89 1.61 1.52 1.54 1.49
-0.01 -0.58 1.30 231.83 -175.86 246.92 -0.02 -1.34 2.99 1.61 1.50 1.54 1.49
-0.08 -0.48 1.44 142.90 -173.77 196.64 -0.18 -1.09 3.36 1.60 1.52 1.51 1.50
-0.11 -0.18 1.44 82.72 -160.64 158.68 -0.25 -0.41 3.30 1.61 1.51 1.52 1.50
-0.09 0.04 1.37 77.71 -126.60 141.18 -0.14 0.15 3.17 1.60 1.51 1.52 1.50
-0.10 0.01 1.46 107.76 -85.89 136.39 -0.23 0.02 3.35 1.61 1.51 1.51 1.50
-0.07 -0.11 1.66 108.11 -63.95 120.02 -0.19 -0.32 3.87 1.61 1.51 1.53 1.50
-0.04 -0.11 1.89 81.32 -40.03 89.71 -0.08 -0.26 4.33 1.60 1.52 1.51 1.50
0.06 -0.12 1.90 29.37 -32.66 55.77 0.17 -0.27 4.35 1.61 1.51 1.51 1.49
0.13 0.08 1.81 -21.62 -28.81 22.57 0.30 0.25 4.09 1.61 1.50 1.51 1.49
0.20 0.22 1.63 -28.98 -11.58 6.11 0.46 0.50 3.73 1.61 1.51 1.52 1.50
0.26 0.21 1.47 -13.00 4.57 8.16 0.63 0.47 3.29 1.60 1.51 1.52 1.49
0.39 0.20 1.36 9.07 25.61 12.68 0.89 0.46 3.13 1.61 1.51 1.51 1.49
0.52 0.03 1.23 9.02 34.79 6.86 1.19 0.04 2.80 1.60 1.51 1.52 1.49
0.60 -0.07 1.12 -8.19 26.65 -7.53 1.35 -0.16 2.57 1.62 1.50 1.52 1.50
0.68 -0.15 1.02 -28.52 20.78 -25.42 1.55 -0.35 2.34 1.61 1.51 1.53 1.50
0.69 -0.16 0.88 -43.36 18.08 -35.20 1.60 -0.35 2.00 1.61 1.51 1.53 1.50
0.73 -0.13 0.72 -39.67 13.37 -28.54 1.68 -0.31 1.66 1.61 1.52 1.52 1.49
0.77 -0.11 0.64 -19.89 11.52 -13.87 1.78 -0.26 1.44 1.61 1.50 1.53 1.49
0.80 -0.15 0.61 1.12 5.99 -1.08 1.84 -0.35 1.40 1.60 1.50 1.52 1.50
0.78 -0.20 0.63 8.98 -1.81 3.01 1.80 -0.46 1.45 1.61 1.52 1.52 1.50
0.76 -0.25 0.71 2.87 -5.65 -2.10 1.72 -0.56 1.64 1.61 1.52 1.53 1.50
0.69 -0.19 0.72 -12.29 -7.13 -7.68 1.58 -0.43 1.65 1.61 1.50 1.53 1.50
0.65 -0.13 0.72 -17.02 -4.72 -9.02 1.49 -0.30 1.61 1.61 1.50 1.53 1.50
0.66 -0.10 0.70 -13.46 -3.08 -6.18 1.50 -0.24 1.61 1.62 1.50 1.54 1.49
0.62 -0.08 0.70 -9.32 -1.98 -4.37 1.41 -0.18 1.61 1.60 1.51 1.53 1.50
0.58 -0.09 0.74 -4.33 -0.17 -4.34 1.32 -0.21 1.70 1.61 1.50 1.52 1.50
0.59 -0.14 0.74 -6.09 2.45 -6.32 1.36 -0.32 1.71 1.63 1.51 1.52 1.50
0.62 -0.13 0.73 -11.07 -0.09 -6.84 1.43 -0.28 1.69 1.61 1.52 1.52 1.50
0.63 -0.10 0.72 -13.71 -0.27 -8.95 1.47 -0.22 1.64 1.62 1.51 1.54 1.50
0.66 -0.09 0.68 -14.29 1.68 -11.71 1.51 -0.22 1.57 1.61 1.51 1.53 1.50
0.67 -0.08 0.69 -11.13 4.89 -13.21 1.54 -0.20 1.60 1.61 1.51 1.54 1.49
0.67 -0.09 0.72 -8.13 6.89 -12.42 1.53 -0.20 1.65 1.61 1.52 1.53 1.49
0.68 -0.12 0.72 -7.17 4.19 -10.50 1.55 -0.27 1.65 1.62 1.50 1.53 1.50
0.67 -0.10 0.73 -5.05 -0.07 -9.47 1.53 -0.21 1.66 1.61 1.52 1.52 1.50
0.67 -0.08 0.75 -3.84 -0.05 -10.00 1.53 -0.19 1.71 1.62 1.51 1.54 1.49
0.66 -0.10 0.77 -6.25 0.78 -12.86 1.52 -0.23 1.81 1.62 1.50 1.52 1.50
0.64 -0.11 0.83 -15.40 3.00 -20.40 1.47 -0.25 1.91 1.62 1.51 1.53 1.50
0.59 -0.07 0.86 -23.72 7.88 -28.42 1.36 -0.17 1.96 1.62 1.51 1.54 1.49
0.58 -0.04 0.86 -25.17 9.77 -29.89 1.33 -0.08 1.97 1.62 1.52 1.54 1.50
0.56 -0.04 0.90 -22.58 12.92 -31.53 1.30 -0.09 2.05 1.62 1.51 1.53 1.51
0.56 0.00 0.91 -25.02 9.39 -34.95 1.26 0.01 2.07 1.62 1.51 1.53 1.50
0.50 -0.01 0.97 -30.82 5.80 -44.63 1.15 -0.03 2.22 1.62 1.52 1.54 1.49
0.52 0.03 1.02 -47.77 8.26 -61.80 1.21 0.07 2.35 1.62 1.51 1.53 1.50
0.46 0.08 1.02 -61.27 17.09 -83.70 1.04 0.19 2.33 1.62 1.52 1.53 1.51
0.40 0.15 1.11 -61.23 46.54 -103.76 0.91 0.35 2.54 1.61 1.51 1.54 1.50
0.38 0.11 1.16 -61.10 80.53 -124.43 0.88 0.24 2.63 1.63 1.52 1.55 1.50
0.45 0.04 1.16 -65.79 96.58 -143.84 1.04 0.09 2.67 1.63 1.51 1.56 1.51
0.45 -0.06 1.23 -85.47 102.28 -167.62 1.06 -0.27 2.80 1.62 1.53 1.54 1.50
0.54 -0.30 1.14 -135.41 92.87 -197.46 1.24 -0.68 2.63 1.64 1.53 1.56 1.50
0.52 -0.44 1.06 -203.82 63.73 -230.46 1.37 -0.94 2.57 1.63 1.53 1.59 1.52
0.62 -0.48 1.11 -271.69 46.89 -256.66 1.46 -1.10 2.56 1.62 1.54 1.59 1.53
0.60 -0.46 0.89 -286.72 25.42 -261.84 1.38 -1.06 2.04 1.63 1.53 1.62 1.53
0.62 -0.24 0.86 -286.72 22.30 -260.40 1.39 -0.58 1.96 1.64 1.53 1.65 1.54
0.65 -0.18 0.81 -286.72 36.33 -262.80 1.49 -0.42 1.87 1.63 1.53 1.65 1.53
0.66 -0.25 0.69 -286.72 42.28 -261.34 1.55 -0.64 1.48 1.64 1.55 1.63 1.54
0.74 -0.15 0.76 -286.72 63.69 -253.74 1.69 -0.34 1.75 1.65 1.54 1.66 1.54
0.70 -0.10 0.59 -286.72 78.03 -254.08 1.66 -0.20 1.35 1.66 1.56 1.66 1.55
0.69 -0.06 0.57 -286.72 91.10 -264.64 1.59 -0.14 1.30 1.66 1.56 1.66 1.56
0.65 0.01 0.52 -286.72 102.48 -269.99 1.48 0.07 1.15 1.67 1.57 1.66 1.58
0.60 0.03 0.56 -286.72 121.84 -268.36 1.33 0.03 1.28 1.68 1.58 1.65 1.59
0.60 0.08 0.69 -278.28 124.65 -266.75 1.38 0.19 1.58 1.68 1.58 1.67 1.60
0.61 0.01 0.76 -250.26 127.35 -261.25 1.39 0.01 1.78 1.68 1.60 1.66 1.61
0.58 -0.19 0.82 -239.81 144.03 -232.49 1.34 -0.43 1.88 1.69 1.60 1.67 1.62
0.64 -0.44 0.95 -257.01 150.67 -189.92 1.49 -1.01 2.22 1.69 1.61 1.67 1.62
0.68 -0.61 0.94 -286.72 148.17 -149.16 1.55 -1.41 2.16 1.67 1.61 1.69 1.62
0.80 -0.61 0.90 -286.72 141.09 -123.32 1.86 -1.35 2.03 1.69 1.62 1.70 1.65
0.83 -0.46 0.83 -286.72 114.27 -116.58 1.88 -1.06 1.91 1.69 1.64 1.71 1.65
0.75 -0.39 0.77 -286.72 78.29 -123.54 1.72 -0.89 1.77 1.69 1.65 1.73 1.66
0.74 -0.19 0.70 -286.72 63.62 -120.98 1.70 -0.50 1.69 1.71 1.65 1.74 1.68
0.69 -0.03 0.64 -286.72 47.00 -102.01 1.58 -0.08 1.48 1.68 1.68 1.73 1.70
0.74 -0.18 0.94 -286.72 70.89 -86.33 1.75 -0.36 2.06 1.68 1.68 1.76 1.69
0.78 -0.32 0.98 -286.72 59.20 -69.83 1.79 -0.74 2.25 1.69 1.70 1.77 1.71
0.80 -0.17 0.91 -280.58 39.64 -72.52 1.75 -0.38 2.16 1.68 1.72 1.79 1.72
0.72 -0.12 0.98 -268.24 63.65 -72.18 1.65 -0.28 2.25 1.70 1.76 1.84 1.75
0.61 -0.12 0.84 -257.79 79.73 -74.17 1.41 -0.27 1.93 1.68 1.79 1.89 1.79
0.70 -0.11 0.83 -218.85 107.46 -67.09 1.57 -0.30 1.82 1.70 1.84 1.94 1.81
0.67 -0.10 0.60 -188.03 108.98 -44.42 1.54 -0.23 1.38 1.69 1.89 1.96 1.85
0.84 -0.13 0.60 -155.34 135.47 14.19 1.96 -0.34 1.37 1.70 1.92 2.00 1.89
0.93 -0.30 0.59 -134.15 130.59 28.01 2.13 -0.69 1.35 1.69 1.96 2.03 1.90
0.92 -0.21 0.51 -130.02 127.10 31.88 2.00 -0.37 1.24 1.68 2.01 2.07 1.93
0.86 0.04 0.47 -100.73 143.16 15.77 1.98 0.08 1.08 1.69 2.04 2.10 1.97
0.67 0.19 0.55 -68.63 140.38 -22.84 1.55 0.44 1.27 1.69 2.08 2.12 2.01
0.62 0.14 0.43 -5.95 149.19 -62.49 1.33 0.40 0.90 1.69 2.10 2.16 2.04
0.87 -0.03 0.45 50.28 166.23 -77.22 2.00 -0.08 1.03 1.68 2.12 2.19 2.05
1.00 -0.13 0.37 25.29 145.78 -60.39 2.25 -0.27 0.82 1.68 2.16 2.19 2.07
1.05 -0.23 0.34 54.71 120.87 -48.71 2.41 -0.53 0.78 1.69 2.17 2.23 2.10
0.97 -0.20 0.27 4.81 93.60 -33.61 2.22 -0.46 0.67 1.69 2.18 2.22 2.11
0.82 -0.08 0.17 -18.91 91.00 -13.71 1.93 -0.10 0.40 1.68 2.20 2.24 2.13
0.82 0.07 0.14 -1.15 118.88 -2.61 1.88 0.16 0.32 1.68 2.21 2.26 2.13
0.78 0.12 0.16 19.24 135.53 -5.84 1.85 0.24 0.38 1.69 2.23 2.24 2.15
0.93 0.03 0.03 38.46 137.04 -5.22 2.14 0.07 0.07 1.72 2.22 2.28 2.16
1.04 -0.07 0.12 52.85 131.73 0.22 2.42 -0.18 0.26 1.72 2.25 2.26 2.16
0.98 -0.14 -0.11 54.71 89.84 10.05 2.18 -0.03 -0.11 1.75 2.24 2.28 2.16
0.97 -0.09 -0.04 48.21 80.40 23.11 2.22 -0.20 -0.08 1.78 2.23 2.29 2.16
0.81 -0.07 -0.18 65.47 89.41 29.98 1.87 -0.17 -0.38 1.79 2.24 2.26 2.17
0.84 0.04 -0.16 70.67 95.96 31.75 1.93 0.10 -0.36 1.81 2.23 2.27 2.16
0.78 -0.02 -0.24 93.76 97.26 32.84 1.89 0.11 -0.55 1.85 2.24 2.25 2.17
0.92 0.07 -0.27 103.40 93.80 28.79 2.12 0.16 -0.61 1.88 2.22 2.26 2.16
0.90 0.17 -0.43 75.32 84.74 38.61 2.07 0.40 -0.98 1.91 2.23 2.26 2.14
1.00 0.23 -0.44 71.65 74.49 38.33 2.38 0.52 -1.05 1.93 2.24 2.27 2.14
0.92 0.19 -0.48 68.23 58.98 29.86 2.11 0.44 -1.09 1.97 2.23 2.25 2.13
0.92 0.18 -0.40 63.40 50.32 23.63 2.17 0.44 -0.95 1.98 2.21 2.26 2.13
0.86 0.17 -0.46 57.55 41.46 25.52 1.98 0.38 -1.05 2.01 2.22 2.25 2.14
0.91 0.32 -0.50 55.30 30.21 29.59 2.01 0.75 -1.28 2.03 2.22 2.27 2.12
0.94 0.38 -0.53 52.08 35.35 29.24 2.16 0.85 -1.24 2.05 2.21 2.26 2.14
0.88 0.37 -0.51 40.76 50.85 21.17 2.01 0.86 -1.17 2.05 2.21 2.27 2.13
0.92 0.31 -0.48 36.10 53.86 21.84 2.13 0.95 -0.76 2.05 2.21 2.26 2.12
0.89 0.27 -0.45 27.47 47.58 22.50 2.05 0.62 -1.04 2.06 2.20 2.26 2.12
0.84 0.36 -0.48 16.56 46.76 23.67 1.93 0.84 -1.08 2.07 2.21 2.25 2.11
0.86 0.37 -0.48 9.48 46.74 20.51 1.98 0.85 -1.09 2.07 2.21 2.25 2.13
0.87 0.40 -0.51 2.15 46.73 15.07 1.99 0.89 -1.15 2.07 2.20 2.25 2.12
0.96 0.38 -0.52 -5.10 43.30 12.54 2.20 0.91 -1.22 2.06 2.21 2.26 2.12
1.05 0.42 -0.60 -6.79 28.63 12.08 2.41 0.96 -1.37 2.05 2.20 2.25 2.09
0.95 0.46 -0.51 -9.79 11.66 3.51 2.14 1.07 -1.17 2.06 2.20 2.24 2.11
0.85 0.45 -0.42 -6.05 4.09 -6.65 1.96 1.03 -0.96 2.05 2.21 2.24 2.11
0.74 0.32 -0.35 -0.69 5.66 -11.28 1.69 0.75 -0.73 2.04 2.20 2.25 2.11
0.77 0.22 -0.34 -0.68 15.72 -6.57 1.80 0.52 -0.81 2.04 2.21 2.24 2.11
0.94 0.13 -0.43 -10.83 15.91 4.65 2.15 0.30 -1.00 2.04 2.20 2.25 2.10
0.92 0.21 -0.47 -20.63 2.55 12.58 2.11 0.53 -1.07 2.05 2.20 2.24 2.10
0.86 0.32 -0.42 -17.85 -5.96 14.38 1.97 0.73 -0.97 2.06 2.19 2.24 2.11
0.87 0.36 -0.39 -11.38 -7.90 9.27 1.99 0.81 -0.87 2.05 2.19 2.24 2.10
0.78 0.31 -0.31 -6.05 -8.05 5.00 1.80 0.70 -0.69 2.04 2.19 2.23 2.09
0.82 0.27 -0.30 -6.20 -3.15 4.46 1.89 0.63 -0.69 2.05 2.18 2.25 2.09
0.88 0.30 -0.34 -9.44 -4.30 3.12 2.02 0.70 -0.79 2.05 2.18 2.25 2.09
0.88 0.33 -0.35 -9.51 -8.02 -0.38 2.02 0.76 -0.80 2.03 2.19 2.25 2.09
0.89 0.30 -0.34 -7.57 -10.54 -2.53 2.03 0.68 -0.78 2.02 2.21 2.23 2.08
0.90 0.26 -0.32 -7.63 -14.18 -3.43 2.05 0.60 -0.74 2.03 2.19 2.24 2.09
0.84 0.24 -0.26 -9.28 -14.97 -3.48 1.93 0.54 -0.60 2.04 2.20 2.23 2.11
0.85 0.23 -0.25 -11.56 -10.81 -1.99 1.95 0.57 -0.59 2.04 2.19 2.24 2.08
0.88 0.27 -0.27 -12.06 -4.16 -1.99 2.03 0.62 -0.63 2.03 2.19 2.25 2.10
0.88 0.24 -0.29 -8.14 -2.63 -1.78 2.01 0.55 -0.66 2.05 2.18 2.25 2.09
0.91 0.27 -0.33 -7.88 -5.47 -1.78 2.10 0.63 -0.76 2.04 2.18 2.24 2.10
0.89 0.34 -0.35 -4.46 -9.91 -4.67 2.05 0.77 -0.80 2.03 2.17 2.25 2.09
0.87 0.30 -0.35 -2.19 -10.90 -8.36 2.00 0.68 -0.80 2.03 2.18 2.23 2.10
0.91 0.29 -0.39 -5.00 -11.02 -9.90 2.08 0.66 -0.89 2.04 2.19 2.25 2.10
0.92 0.22 -0.33 -10.24 -14.73 -8.81 2.10 0.51 -0.76 2.03 2.17 2.24 2.10
0.88 0.24 -0.28 -20.87 -13.59 -5.52 2.03 0.56 -0.63 2.02 2.18 2.25 2.08
0.97 0.30 -0.31 -25.56 -7.41 -1.07 2.22 0.69 -0.72 2.01 2.18 2.24 2.09
1.14 0.36 -0.43 -26.80 -13.39 -3.09 2.60 0.83 -1.00 2.03 2.17 2.24 2.10
1.20 0.43 -0.49 -22.71 -37.46 -11.43 2.76 0.98 -1.12 2.02 2.18 2.22 2.10
0.99 0.40 -0.51 -17.26 -62.13 -20.62 2.28 0.92 -1.20 2.03 2.18 2.22 2.08
0.88 0.40 -0.48 -14.24 -73.75 -31.32 1.96 0.88 -1.10 2.00 2.17 2.23 2.09
0.76 0.29 -0.43 -15.07 -74.12 -37.04 1.75 0.65 -0.99 2.00 2.17 2.23 2.10
0.73 0.22 -0.47 -23.97 -66.82 -27.98 1.64 0.50 -1.11 1.98 2.17 2.23 2.08
0.65 0.35 -0.51 -35.76 -46.58 -18.71 1.50 0.80 -1.16 1.97 2.17 2.25 2.09
0.80 0.36 -0.56 -35.81 -24.25 -8.04 1.86 0.82 -1.34 1.97 2.17 2.24 2.08
0.98 0.46 -0.63 -37.21 -26.24 -14.78 2.26 1.05 -1.44 1.96 2.15 2.25 2.07
0.99 0.50 -0.65 -28.36 -48.17 -35.51 2.27 1.14 -1.49 1.92 2.14 2.24 2.08
0.92 0.38 -0.57 -13.06 -78.49 -55.95 2.10 0.87 -1.31 1.89 2.14 2.24 2.07
0.80 0.33 -0.52 -6.58 -95.30 -61.34 1.85 0.75 -1.20 1.87 2.12 2.23 2.06
0.83 0.36 -0.50 -2.05 -94.44 -54.15 1.83 1.04 -1.26 1.85 2.12 2.19 2.06
0.80 0.33 -0.55 17.75 -88.76 -53.10 1.83 0.76 -1.27 1.84 2.10 2.17 2.03
0.87 0.42 -0.63 36.34 -80.24 -66.56 1.98 0.95 -1.40 1.82 2.08 2.14 2.03
0.92 0.32 -0.63 61.33 -85.39 -83.56 2.10 0.73 -1.44 1.82 2.04 2.15 1.98
0.90 0.21 -0.58 84.08 -106.80 -95.44 2.07 0.48 -1.33 1.80 2.03 2.11 1.98
0.84 0.07 -0.39 91.03 -123.85 -103.62 1.89 0.14 -0.82 1.79 2.00 2.08 1.94
0.69 -0.07 -0.25 76.58 -138.59 -105.04 1.59 -0.17 -0.57 1.77 1.97 2.06 1.90
0.70 -0.08 -0.24 64.79 -139.13 -102.29 1.66 -0.21 -0.56 1.78 1.94 2.02 1.87
0.76 -0.11 -0.30 50.22 -140.30 -98.23 1.74 -0.26 -0.70 1.76 1.90 1.98 1.85
0.77 -0.35 -0.22 66.94 -157.80 -97.46 1.90 -0.78 -0.54 1.75 1.88 1.94 1.80
0.87 -0.00 -0.33 111.54 -282.13 -101.43 1.97 -0.01 -0.77 1.73 1.87 1.89 1.76
0.83 -0.20 -0.27 161.22 -286.72 -86.33 1.91 -0.47 -0.61 1.72 1.85 1.86 1.73
0.70 -0.17 -0.19 191.35 -286.72 -71.28 1.62 -0.44 -0.48 1.71 1.81 1.85 1.67
0.51 -0.38 -0.09 285.77 -286.72 -46.96 1.18 -0.88 -0.21 1.69 1.78 1.79 1.66
0.46 -0.80 0.10 286.68 -286.72 -12.49 1.05 -1.93 0.27 1.68 1.73 1.77 1.62
0.38 -0.90 0.32 286.68 -286.72 20.16 0.86 -2.06 0.73 1.66 1.68 1.72 1.61
0.41 -1.34 0.35 286.68 -286.72 59.53 0.76 -3.39 0.46 1.65 1.62 1.69 1.59
0.31 -1.73 0.30 286.68 -277.58 131.34 0.71 -3.98 0.70 1.65 1.58 1.65 1.56
0.44 -2.00 0.27 286.68 -241.54 195.08 1.01 -4.59 0.68 1.65 1.55 1.63 1.54
0.39 -2.00 0.19 286.68 -214.68 263.25 0.93 -4.59 0.43 1.63 1.54 1.63 1.51
0.59 -2.00 0.07 286.68 -208.78 286.68 1.35 -4.59 0.16 1.63 1.54 1.59 1.51
0.47 -2.00 0.10 286.68 -167.42 286.68 1.17 -4.59 0.21 1.63 1.53 1.58 1.50
0.69 -2.00 0.04 286.68 -150.51 286.68 1.59 -4.59 0.08 1.63 1.51 1.56 1.50
0.74 -2.00 -0.04 286.68 -150.77 286.68 1.77 -4.59 -0.05 1.63 1.52 1.53 1.50
0.74 -1.83 -0.13 286.68 -178.54 286.68 1.69 -4.19 -0.29 1.62 1.49 1.54 1.49
0.75 -1.68 -0.09 267.73 -209.16 286.68 1.90 -4.00 -0.23 1.62 1.50 1.54 1.50
0.64 -1.50 -0.08 238.17 -258.02 286.68 1.44 -3.44 -0.20 1.62 1.51 1.53 1.49
0.40 -1.01 0.13 229.29 -284.33 286.68 0.91 -2.32 0.29 1.62 1.49 1.52 1.50
0.22 -0.98 0.24 205.01 -281.49 286.68 0.42 -2.20 0.60 1.61 1.50 1.52 1.50
-0.04 -0.55 0.51 172.68 -273.63 286.68 -0.09 -1.27 1.16 1.61 1.51 1.50 1.50
-0.11 -0.51 0.77 153.34 -215.26 242.61 -0.32 -1.22 1.76 1.61 1.50 1.50 1.49
-0.03 -0.31 1.00 115.43 -165.11 204.66 -0.07 -0.71 2.30 1.60 1.50 1.50 1.50
-0.00 -0.34 1.13 83.98 -144.44 181.33 0.01 -0.72 2.62 1.61 1.52 1.50 1.49
-0.01 -0.20 1.26 81.81 -122.19 166.02 -0.02 -0.45 2.89 1.61 1.50 1.51 1.49
-0.13 0.05 1.40 88.10 -98.20 156.55 -0.29 0.11 3.20 1.60 1.50 1.49 1.49
-0.14 0.12 1.52 91.93 -70.11 139.10 -0.39 0.28 3.53 1.60 1.51 1.50 1.49
-0.17 0.00 1.77 70.76 -48.83 108.92 -0.39 0.01 4.07 1.60 1.51 1.51 1.49
-0.15 -0.06 1.88 33.08 -43.08 77.56 -0.32 -0.30 4.37 1.60 1.50 1.50 1.49
-0.07 0.17 1.87 10.36 -31.80 55.20 -0.16 0.39 4.28 1.60 1.50 1.52 1.48
-0.02 0.38 1.75 9.05 -10.45 49.60 -0.01 0.79 4.04 1.61 1.51 1.50 1.49
0.11 0.30 1.71 24.62 14.48 40.88 0.32 0.72 3.93 1.61 1.50 1.50 1.50
0.19 0.21 1.70 18.92 30.97 21.39 0.44 0.48 3.91 1.62 1.50 1.50 1.50
0.28 0.08 1.53 -2.25 53.44 -7.67 0.71 0.13 3.46 1.61 1.50 1.49 1.49
0.50 0.04 1.35 -23.53 54.49 -22.41 1.15 0.10 3.09 1.61 1.50 1.50 1.49
0.66 0.04 1.10 -35.28 43.44 -26.77 1.54 0.12 2.46 1.61 1.51 1.51 1.49
0.80 0.01 0.89 -23.49 33.87 -23.52 1.82 0.03 2.04 1.61 1.50 1.50 1.50
0.85 -0.01 0.76 -6.39 21.17 -13.84 1.95 -0.02 1.75 1.60 1.50 1.49 1.50
0.88 -0.06 0.72 4.73 14.11 -8.32 2.03 -0.13 1.65 1.61 1.51 1.49 1.49
0.90 -0.12 0.70 3.18 9.41 -8.00 2.06 -0.28 1.60 1.62 1.49 1.51 1.49
0.90 -0.12 0.63 -4.60 1.64 -9.15 2.06 -0.27 1.44 1.61 1.50 1.50 1.49
0.90 -0.13 0.63 -6.70 -5.21 -10.04 2.06 -0.29 1.45 1.61 1.50 1.50 1.50
0.86 -0.13 0.65 -8.78 -16.31 -8.57 1.97 -0.30 1.50 1.60 1.52 1.50 1.49
0.77 -0.07 0.68 -7.58 -24.82 -5.22 1.75 -0.16 1.56 1.62 1.49 1.52 1.49
0.68 -0.05 0.74 0.67 -21.45 -1.80 1.56 -0.11 1.69 1.61 1.50 1.50 1.50
0.62 -0.08 0.80 5.21 -12.68 -0.28 1.41 -0.17 1.82 1.60 1.50 1.51 1.49
0.60 -0.12 0.81 2.83 -6.26 -1.71 1.40 -0.27 1.86 1.61 1.50 1.51 1.49
0.62 -0.11 0.78 -3.75 -7.94 -2.94 1.43 -0.26 1.79 1.61 1.50 1.50 1.50
0.62 -0.08 0.74 -5.02 -11.23 -3.32 1.42 -0.18 1.68 1.61 1.51 1.51 1.50
0.62 -0.10 0.73 -6.47 -16.72 -6.30 1.42 -0.23 1.67 1.61 1.50 1.51 1.49
0.62 -0.12 0.75 -10.25 -19.42 -10.62 1.40 -0.27 1.71 1.62 1.50 1.52 1.49
0.60 -0.11 0.76 -12.04 -13.53 -13.97 1.39 -0.24 1.75 1.62 1.49 1.50 1.48
0.60 -0.06 0.75 -9.40 -6.60 -12.03 1.37 -0.13 1.72 1.62 1.51 1.52 1.49
0.63 -0.07 0.74 -1.95 2.33 -8.42 1.43 -0.18 1.71 1.62 1.51 1.50 1.49
0.66 -0.10 0.74 -1.58 5.21 -7.57 1.51 -0.23 1.69 1.61 1.51 1.51 1.49
0.69 -0.11 0.72 -6.48 4.48 -10.60 1.58 -0.27 1.67 1.62 1.50 1.51 1.50
0.69 -0.13 0.72 -12.51 -0.16 -13.97 1.58 -0.30 1.66 1.63 1.51 1.50 1.49
0.69 -0.12 0.74 -15.82 -3.69 -15.86 1.58 -0.27 1.69 1.61 1.51 1.51 1.50
0.66 -0.11 0.77 -17.53 -0.20 -17.45 1.51 -0.27 1.74 1.62 1.50 1.52 1.50
0.63 -0.06 0.75 -15.79 4.24 -16.86 1.45 -0.13 1.72 1.61 1.50 1.51 1.49
0.63 -0.03 0.81 -12.59 8.16 -18.83 1.42 -0.05 1.89 1.61 1.51 1.50 1.50
0.59 -0.04 0.92 -22.51 11.16 -30.51 1.34 -0.06 2.10 1.62 1.51 1.52 1.51
0.53 0.03 0.96 -38.25 8.30 -43.34 1.22 0.07 2.20 1.62 1.50 1.51 1.50
0.48 0.12 1.02 -44.79 7.62 -54.99 1.12 0.30 2.34 1.63 1.50 1.52 1.49
0.45 0.10 1.05 -49.26 12.82 -64.86 1.04 0.23 2.40 1.62 1.50 1.52 1.50
0.44 0.09 1.09 -53.99 16.06 -77.11 1.01 0.11 2.53 1.62 1.50 1.51 1.49
0.42 0.06 1.18 -71.91 33.35 -105.25 0.97 0.15 2.71 1.63 1.51 1.53 1.50
0.40 0.07 1.17 -91.45 60.66 -136.72 0.92 0.16 2.67 1.62 1.50 1.53 1.50
0.42 0.08 1.13 -93.31 100.41 -162.04 0.94 0.16 2.63 1.62 1.52 1.53 1.50
0.52 -0.05 1.18 -95.03 115.86 -173.34 1.20 -0.11 2.70 1.62 1.50 1.53 1.51
0.62 -0.24 0.92 -130.37 85.49 -170.56 1.52 -0.47 2.09 1.62 1.50 1.53 1.52
0.72 -0.16 0.99 -152.18 56.41 -166.86 1.66 -0.37 2.27 1.63 1.52 1.56 1.50
0.68 -0.12 0.90 -164.54 39.34 -178.90 1.55 -0.27 2.00 1.62 1.52 1.56 1.51
0.68 -0.24 0.94 -186.73 32.65 -198.78 1.57 -0.56 2.16 1.62 1.51 1.57 1.50
0.63 -0.15 1.11 -222.07 53.29 -228.16 1.44 -0.35 2.54 1.63 1.52 1.57 1.51
0.58 -0.27 1.02 -272.37 70.03 -265.50 1.33 -0.64 2.24 1.64 1.52 1.59 1.52
0.60 -0.29 0.90 -284.90 80.98 -277.60 1.37 -0.67 2.06 1.63 1.54 1.60 1.51
0.60 -0.11 0.69 -286.72 97.10 -283.56 1.41 -0.29 1.40 1.63 1.53 1.62 1.51
0.66 0.01 0.47 -286.72 84.31 -254.58 1.53 0.02 1.07 1.65 1.54 1.62 1.52
0.73 0.10 0.51 -259.49 77.25 -209.81 1.63 0.22 1.26 1.64 1.54 1.62 1.53
0.81 0.03 0.70 -195.11 70.53 -171.88 1.85 0.06 1.61 1.63 1.55 1.62 1.53
0.75 -0.13 0.76 -163.81 41.51 -162.15 1.71 -0.30 1.75 1.65 1.55 1.64 1.53
0.65 -0.41 1.02 -163.71 53.55 -172.95 1.52 -0.87 2.41 1.64 1.55 1.64 1.54
0.55 -0.41 1.00 -214.44 60.37 -211.09 1.25 -0.94 2.28 1.66 1.55 1.65 1.54
0.52 -0.40 0.88 -259.31 74.01 -256.07 1.17 -0.96 1.97 1.64 1.54 1.66 1.54
0.62 -0.42 0.60 -286.72 90.06 -272.07 1.43 -0.97 1.37 1.66 1.55 1.67 1.55
0.78 -0.34 0.46 -286.72 76.96 -238.07 1.77 -0.76 1.00 1.67 1.56 1.67 1.55
0.75 -0.21 0.54 -286.72 66.32 -187.68 1.73 -0.47 1.23 1.66 1.58 1.69 1.56
0.75 -0.45 0.69 -286.72 94.78 -138.22 1.82 -1.09 1.66 1.66 1.58 1.69 1.56
0.78 -0.49 0.95 -286.72 40.50 -119.95 1.73 -1.20 2.16 1.67 1.58 1.70 1.57
0.61 -0.57 0.96 -286.72 -8.31 -108.07 1.40 -1.32 2.21 1.66 1.58 1.69 1.57
0.48 -0.41 0.96 -286.72 -7.78 -119.18 1.06 -0.97 2.24 1.66 1.59 1.71 1.56
0.32 -0.27 0.96 -286.72 27.40 -144.95 0.74 -0.61 2.20 1.67 1.58 1.72 1.57
0.26 -0.22 0.99 -286.72 99.12 -164.08 0.60 -0.49 2.34 1.67 1.59 1.73 1.58
0.38 -0.28 0.80 -286.72 121.16 -145.53 0.87 -0.64 1.83 1.67 1.60 1.74 1.61
0.56 -0.18 0.93 -286.72 102.14 -116.56 1.31 -0.46 2.14 1.67 1.64 1.78 1.64
0.68 -0.44 1.01 -279.02 94.38 -84.90 1.53 -1.01 2.31 1.67 1.67 1.79 1.67
0.72 -0.48 0.99 -250.92 71.08 -54.72 1.65 -1.11 2.28 1.66 1.72 1.84 1.68
0.65 -0.50 1.01 -272.61 57.44 -40.61 1.53 -1.22 2.24 1.67 1.75 1.86 1.71
0.58 -0.36 0.89 -286.72 57.73 -44.04 1.33 -0.84 2.05 1.66 1.76 1.91 1.73
0.53 -0.10 0.83 -286.72 79.97 -59.29 1.13 -0.22 1.92 1.67 1.78 1.94 1.75
0.40 0.13 0.65 -273.22 109.33 -72.49 0.92 0.29 1.49 1.68 1.82 1.98 1.80
0.49 0.12 0.71 -218.28 156.77 -56.17 1.10 0.15 1.64 1.68 1.89 2.03 1.82
0.68 0.01 0.75 -155.07 194.36 -41.69 1.57 0.03 1.72 1.67 1.95 2.05 1.88
0.81 -0.19 0.66 -119.25 197.67 -31.68 1.86 -0.44 1.51 1.67 1.98 2.09 1.91
0.92 -0.21 0.50 -104.94 180.56 -13.30 1.97 -0.44 1.22 1.67 2.02 2.13 1.94
0.87 -0.15 0.48 -81.57 165.64 -13.46 2.01 -0.34 1.09 1.67 2.07 2.15 1.98
0.81 -0.03 0.30 -69.58 144.59 -19.42 1.90 0.04 0.67 1.67 2.10 2.17 2.02
0.79 0.17 0.33 -39.30 141.37 -31.59 1.82 0.38 0.76 1.67 2.11 2.20 2.04
0.68 0.21 0.27 6.07 139.79 -43.21 1.63 0.36 0.64 1.67 2.16 2.19 2.08
0.75 0.01 0.26 40.90 145.43 -50.00 1.75 -0.04 0.59 1.67 2.15 2.21 2.09
0.97 -0.15 0.27 43.22 140.42 -38.97 2.23 -0.35 0.61 1.68 2.18 2.23 2.11
0.91 -0.15 0.12 35.27 122.71 -23.56 2.12 -0.37 0.21 1.68 2.19 2.25 2.12
0.88 -0.08 -0.03 33.37 115.60 -7.95 2.02 -0.19 -0.07 1.70 2.20 2.26 2.14
0.82 -0.01 0.01 19.95 136.82 6.76 1.92 0.12 0.09 1.71 2.22 2.26 2.15
0.86 0.09 -0.12 20.95 149.06 16.48 1.98 0.21 -0.27 1.72 2.21 2.29 2.14
0.91 0.11 -0.06 28.96 155.91 19.65 2.09 0.24 -0.14 1.74 2.22 2.26 2.17
0.87 0.06 -0.07 54.12 153.93 20.53 1.98 0.17 -0.18 1.78 2.22 2.29 2.17
0.86 0.11 -0.05 61.04 141.28 25.06 1.98 0.24 -0.11 1.80 2.25 2.26 2.17
0.75 0.05 -0.08 68.36 146.63 26.49 1.65 0.06 -0.22 1.84 2.23 2.27 2.16
0.94 0.04 -0.23 54.78 160.40 40.53 2.16 0.10 -0.52 1.85 2.23 2.27 2.16
1.13 0.05 -0.31 45.95 154.08 55.15 2.64 0.07 -0.78 1.87 2.24 2.28 2.14
1.01 0.15 -0.36 52.02 123.57 56.67 2.31 0.36 -0.82 1.89 2.23 2.28 2.14
0.97 0.20 -0.42 43.48 104.56 51.00 2.23 0.46 -0.96 1.91 2.23 2.27 2.15
0.95 0.38 -0.50 45.46 94.81 37.43 2.11 0.88 -1.11 1.92 2.21 2.28 2.16
0.91 0.36 -0.52 48.03 88.93 26.79 2.09 0.83 -1.19 1.96 2.20 2.29 2.13
0.89 0.25 -0.48 48.19 78.72 20.03 2.04 0.56 -1.11 1.96 2.21 2.26 2.15
0.87 0.27 -0.49 43.85 70.56 21.45 2.01 0.62 -1.11 1.99 2.21 2.26 2.14
0.85 0.27 -0.50 37.51 70.36 23.08 2.02 0.71 -1.16 2.01 2.22 2.27 2.14
0.91 0.38 -0.54 38.12 61.59 22.24 2.08 0.85 -1.23 2.02 2.22 2.26 2.14
0.84 0.31 -0.54 45.48 48.92 22.40 1.94 0.71 -1.24 2.03 2.21 2.26 2.13
0.77 0.35 -0.48 40.55 46.03 17.19 1.70 0.79 -1.08 2.03 2.20 2.27 2.12
0.73 0.34 -0.46 34.72 46.41 10.56 1.67 0.77 -1.05 2.05 2.19 2.27 2.11
0.78 0.32 -0.47 34.55 54.87 11.57 1.90 0.82 -1.16 2.05 2.20 2.26 2.12
0.91 0.35 -0.56 27.65 53.27 9.90 2.10 0.79 -1.28 2.06 2.20 2.26 2.12
0.97 0.37 -0.58 22.98 45.31 11.30 2.23 0.88 -1.33 2.06 2.20 2.27 2.11
0.83 0.36 -0.52 29.93 29.95 11.37 1.93 0.91 -1.23 2.07 2.20 2.25 2.11
0.71 0.31 -0.39 32.76 27.32 12.20 1.62 0.71 -0.89 2.06 2.20 2.26 2.12
0.68 0.33 -0.38 29.80 35.68 12.88 1.57 0.79 -0.88 2.06 2.21 2.25 2.13
0.78 0.32 -0.46 25.15 44.62 17.01 1.79 0.74 -1.07 2.06 2.19 2.25 2.11
0.91 0.41 -0.57 16.66 42.15 18.38 2.12 0.97 -1.34 2.06 2.19 2.26 2.11
0.94 0.55 -0.62 14.98 25.54 14.19 2.16 1.27 -1.41 2.07 2.20 2.26 2.11
0.89 0.55 -0.59 21.11 12.72 4.21 2.01 1.23 -1.34 2.07 2.19 2.26 2.11
0.80 0.42 -0.49 18.67 2.59 -5.62 1.83 0.97 -1.09 2.07 2.20 2.24 2.12
0.73 0.41 -0.42 14.00 2.77 -6.39 1.68 0.94 -0.97 2.07 2.19 2.24 2.12
0.73 0.30 -0.39 11.23 11.07 1.60 1.68 0.69 -0.90 2.06 2.19 2.25 2.11
0.86 0.41 -0.49 -2.72 17.59 10.32 1.98 0.93 -1.13 2.06 2.20 2.24 2.12
0.92 0.51 -0.54 -3.64 10.67 11.29 2.11 1.20 -1.24 2.08 2.18 2.25 2.10
0.86 0.54 -0.49 5.45 -0.74 2.40 1.95 1.23 -1.13 2.08 2.18 2.25 2.11
0.82 0.42 -0.42 8.09 -2.56 -7.18 1.88 0.97 -0.97 2.07 2.19 2.25 2.12
0.81 0.38 -0.43 6.12 -2.90 -11.16 1.86 0.88 -0.97 2.06 2.20 2.24 2.10
0.80 0.30 -0.41 3.81 -0.73 -8.23 1.85 0.69 -0.95 2.08 2.18 2.23 2.11
0.81 0.32 -0.41 -2.44 2.47 -3.35 1.86 0.74 -0.99 2.05 2.19 2.25 2.10
0.84 0.33 -0.43 -5.09 1.10 0.88 1.93 0.77 -0.97 2.07 2.18 2.25 2.10
0.85 0.37 -0.41 -2.90 -1.73 1.43 1.95 0.85 -0.95 2.06 2.18 2.25 2.10
0.87 0.37 -0.41 0.73 -4.46 0.11 1.99 0.85 -0.94 2.06 2.18 2.25 2.11
0.83 0.35 -0.35 2.72 -8.02 -2.95 1.91 0.80 -0.81 2.06 2.18 2.24 2.11
0.79 0.33 -0.33 2.38 -6.15 -5.53 1.82 0.76 -0.75 2.07 2.18 2.24 2.10
0.78 0.32 -0.34 2.57 -1.64 -4.47 1.80 0.73 -0.78 2.05 2.19 2.24 2.10
0.81 0.31 -0.38 -0.77 2.13 0.56 1.86 0.72 -0.87 2.05 2.17 2.23 2.10
0.85 0.40 -0.47 -3.60 0.51 3.76 1.95 0.94 -1.07 2.04 2.17 2.24 2.11
0.82 0.45 -0.46 -0.38 -6.47 1.59 1.87 1.03 -1.04 2.06 2.17 2.24 2.10
0.79 0.43 -0.43 3.53 -8.74 -3.09 1.80 0.98 -1.00 2.05 2.18 2.23 2.10
0.84 0.41 -0.46 3.58 -9.53 -8.72 1.91 0.94 -1.06 2.05 2.17 2.25 2.08
0.83 0.39 -0.45 3.02 -13.61 -11.15 1.90 0.89 -1.04 2.04 2.18 2.24 2.10
0.77 0.39 -0.42 -0.29 -13.71 -10.65 1.78 0.90 -0.97 2.04 2.19 2.25 2.10
0.81 0.46 -0.45 -5.22 -11.83 -11.81 1.87 1.08 -1.05 2.05 2.18 2.22 2.09
0.79 0.43 -0.48 -2.88 -14.52 -14.53 1.81 0.98 -1.11 2.05 2.16 2.24 2.08
0.80 0.46 -0.56 -5.09 -15.55 -15.51 1.86 1.04 -1.30 2.03 2.18 2.23 2.10
0.82 0.51 -0.65 -3.39 -20.92 -17.10 1.89 1.17 -1.48 2.04 2.17 2.24 2.09
0.80 0.57 -0.71 -0.78 -28.12 -22.63 1.84 1.32 -1.64 2.04 2.18 2.23 2.08
0.79 0.71 -0.81 1.18 -36.25 -38.94 1.81 1.62 -1.85 2.03 2.17 2.23 2.09
0.78 0.70 -0.79 13.48 -48.12 -57.57 1.79 1.61 -1.81 2.00 2.19 2.22 2.11
0.69 0.65 -0.75 17.42 -58.54 -85.66 1.59 1.46 -1.70 2.01 2.17 2.23 2.08
0.74 0.54 -0.69 21.13 -64.69 -102.38 1.71 1.24 -1.59 1.99 2.17 2.22 2.09
0.75 0.33 -0.63 24.51 -78.08 -108.59 1.70 0.72 -1.41 1.99 2.17 2.24 2.09
0.75 0.32 -0.61 15.14 -85.03 -104.08 1.72 0.74 -1.40 1.95 2.17 2.23 2.09
0.78 0.35 -0.59 13.19 -82.04 -97.60 1.81 0.81 -1.34 1.93 2.15 2.23 2.08
0.79 0.43 -0.60 15.47 -84.78 -106.08 1.81 0.99 -1.37 1.92 2.16 2.23 2.07
0.82 0.45 -0.63 27.24 -86.62 -117.21 1.88 1.04 -1.45 1.87 2.15 2.23 2.08
0.86 0.42 -0.64 39.24 -96.08 -130.34 1.97 0.93 -1.47 1.86 2.13 2.21 2.06
0.83 0.39 -0.60 43.04 -116.31 -146.22 1.90 0.90 -1.38 1.82 2.12 2.21 2.05
0.76 0.40 -0.57 42.32 -131.62 -161.44 1.78 0.83 -1.33 1.80 2.10 2.18 2.03
0.72 0.33 -0.56 45.05 -145.52 -174.84 1.66 0.76 -1.29 1.78 2.07 2.18 1.99
0.74 0.25 -0.46 70.85 -131.01 -174.09 1.63 0.44 -1.07 1.77 2.03 2.13 1.98
0.70 -0.05 -0.43 82.34 -142.56 -174.73 1.64 -0.11 -0.98 1.77 2.00 2.12 1.94
0.64 -0.08 -0.40 90.82 -147.91 -175.78 1.48 -0.17 -0.92 1.76 1.98 2.08 1.92
0.61 -0.16 -0.29 97.72 -157.32 -166.99 1.31 -0.35 -0.68 1.74 1.97 2.05 1.89
0.46 -0.32 -0.21 93.50 -163.21 -160.98 1.05 -0.74 -0.48 1.73 1.92 2.00 1.86
0.75 -0.37 0.10 115.91 -283.72 -182.74 1.58 -1.04 -0.11 1.73 1.89 1.99 1.81
0.55 -0.58 -0.24 150.51 -286.72 -162.72 1.27 -1.32 -0.54 1.72 1.88 1.94 1.77
0.65 -0.86 -0.20 192.78 -286.72 -121.24 1.64 -2.12 -0.43 1.72 1.86 1.89 1.72
0.56 -0.88 -0.15 244.35 -286.72 -72.72 1.30 -2.03 -0.33 1.71 1.81 1.86 1.68
0.51 -0.99 -0.07 286.68 -286.72 -24.71 1.16 -2.28 -0.15 1.67 1.77 1.80 1.66
0.28 -1.36 -0.05 286.68 -286.72 30.84 0.60 -3.24 0.08 1.67 1.70 1.76 1.61
0.14 -2.00 0.07 286.68 -286.72 88.49 0.31 -4.59 0.17 1.66 1.66 1.73 1.61
-0.02 -2.00 0.16 286.68 -286.72 164.43 0.05 -4.59 0.40 1.65 1.62 1.70 1.56
0.24 -2.00 0.45 286.68 -244.30 228.99 0.56 -4.59 1.03 1.65 1.59 1.68 1.55
0.67 -2.00 0.47 286.68 -202.56 270.21 1.70 -4.59 1.02 1.65 1.58 1.65 1.52
0.73 -2.00 -0.03 253.50 -234.25 286.68 1.67 -4.59 -0.08 1.64 1.55 1.65 1.52
0.74 -1.98 -0.57 247.58 -249.51 286.68 1.69 -4.55 -1.30 1.63 1.54 1.60 1.52
0.83 -1.84 -0.69 286.68 -266.92 286.68 1.90 -4.25 -1.57 1.63 1.54 1.58 1.52
0.74 -1.75 -0.73 286.68 -286.72 286.68 1.71 -4.01 -1.68 1.63 1.53 1.57 1.51
0.43 -1.98 -0.37 286.68 -286.72 286.68 0.89 -4.43 -0.81 1.63 1.53 1.55 1.50
0.09 -2.00 0.10 286.68 -286.72 286.68 0.20 -4.59 0.22 1.63 1.52 1.52 1.50
-0.03 -1.51 0.48 277.44 -286.72 286.68 0.02 -3.35 1.16 1.62 1.52 1.53 1.49
-0.22 -0.93 0.41 202.22 -286.72 286.68 -0.51 -2.13 0.95 1.61 1.51 1.51 1.49
-0.23 -0.51 0.58 196.89 -286.72 286.68 -0.52 -0.98 1.42 1.61 1.50 1.50 1.49
-0.39 -0.43 0.76 243.70 -280.02 286.68 -1.08 -1.12 1.70 1.60 1.52 1.50 1.50
-0.61 -0.47 1.10 248.40 -260.11 286.68 -1.40 -1.08 2.52 1.61 1.52 1.50 1.49
-0.75 -0.53 1.61 233.98 -226.21 266.92 -1.68 -1.15 3.83 1.61 1.51 1.51 1.49
-0.72 -0.37 2.00 169.14 -180.29 203.54 -1.65 -0.84 4.59 1.60 1.51 1.50 1.49
-0.68 -0.30 2.00 86.26 -154.88 156.59 -1.44 -0.56 4.59 1.60 1.50 1.51 1.49
-0.62 -0.08 1.88 38.40 -125.92 119.53 -1.41 -0.18 4.33 1.62 1.50 1.52 1.49
-0.57 -0.00 1.87 43.19 -93.07 101.66 -1.33 -0.02 4.26 1.61 1.51 1.51 1.49
-0.53 -0.11 1.84 55.40 -65.61 86.74 -1.18 -0.23 4.19 1.61 1.51 1.50 1.50
-0.45 -0.22 1.96 46.99 -45.17 68.65 -1.03 -0.50 4.49 1.60 1.50 1.51 1.49
-0.29 -0.29 1.99 18.66 -22.29 36.36 -0.76 -0.56 4.51 1.60 1.52 1.51 1.50
-0.17 -0.24 1.83 -22.60 3.32 1.79 -0.39 -0.54 4.20 1.61 1.49 1.50 1.50
0.02 -0.20 1.63 -40.54 21.40 -18.42 0.07 -0.41 3.72 1.60 1.50 1.51 1.49
0.17 -0.08 1.34 -45.57 32.32 -22.99 0.40 -0.18 3.07 1.60 1.51 1.50 1.50
0.32 -0.05 1.19 -32.97 43.13 -17.66 0.72 -0.12 2.74 1.62 1.51 1.51 1.50
0.42 -0.12 1.06 -17.21 51.76 -10.86 0.97 -0.30 2.41 1.60 1.51 1.51 1.49
0.56 -0.21 0.96 -14.07 49.67 -9.14 1.29 -0.48 2.21 1.60 1.51 1.52 1.50
0.64 -0.17 0.87 -22.03 39.80 -13.33 1.50 -0.41 1.97 1.61 1.50 1.52 1.49
0.72 -0.17 0.73 -33.83 24.64 -21.48 1.65 -0.39 1.68 1.62 1.50 1.50 1.49
0.76 -0.16 0.64 -38.96 12.79 -27.33 1.73 -0.33 1.45 1.62 1.50 1.50 1.49
0.74 -0.09 0.59 -35.76 6.68 -26.92 1.71 -0.19 1.36 1.61 1.52 1.52 1.50
0.72 -0.04 0.58 -20.95 7.87 -19.01 1.65 -0.10 1.33 1.62 1.51 1.53 1.49
0.69 -0.07 0.59 -4.59 6.92 -7.46 1.59 -0.18 1.35 1.62 1.52 1.52 1.49
0.65 -0.13 0.66 5.59 2.05 -1.56 1.49 -0.31 1.52 1.62 1.51 1.51 1.50
0.60 -0.18 0.74 4.17 -3.65 -2.57 1.38 -0.40 1.71 1.61 1.52 1.50 1.50
0.57 -0.18 0.78 -1.61 -7.77 -6.23 1.29 -0.42 1.77 1.62 1.52 1.51 1.50
0.55 -0.19 0.82 -6.95 -8.51 -9.60 1.25 -0.43 1.89 1.61 1.52 1.51 1.50
0.50 -0.16 0.84 -12.25 -5.19 -12.08 1.15 -0.37 1.91 1.61 1.52 1.52 1.49
0.47 -0.13 0.82 -9.01 0.35 -10.11 1.09 -0.31 1.89 1.63 1.50 1.51 1.50
0.48 -0.16 0.84 -2.35 4.94 -6.47 1.09 -0.36 1.97 1.61 1.52 1.50 1.50
0.46 -0.17 0.85 1.98 4.10 -2.77 1.05 -0.39 1.96 1.62 1.52 1.50 1.50
0.48 -0.22 0.85 1.77 0.98 -3.46 1.09 -0.49 1.94 1.62 1.49 1.52 1.49
0.50 -0.21 0.86 -0.49 -0.36 -6.45 1.17 -0.48 1.99 1.62 1.52 1.52 1.50
0.51 -0.20 0.88 -3.80 2.03 -10.67 1.18 -0.45 2.02 1.62 1.52 1.52 1.50
0.52 -0.20 0.88 -8.09 7.61 -14.56 1.19 -0.46 2.03 1.63 1.50 1.52 1.50
0.54 -0.20 0.86 -10.89 12.04 -14.76 1.25 -0.45 1.95 1.62 1.51 1.52 1.49
0.55 -0.17 0.84 -6.64 14.52 -10.12 1.27 -0.39 1.93 1.61 1.52 1.51 1.50
0.56 -0.17 0.83 -0.42 14.16 -5.07 1.30 -0.40 1.89 1.61 1.51 1.52 1.50
0.54 -0.16 0.85 3.38 10.61 -3.13 1.24 -0.36 1.95 1.62 1.51 1.52 1.50
0.48 -0.15 0.92 2.15 8.41 -6.81 1.11 -0.34 2.11 1.63 1.51 1.52 1.50
0.42 -0.13 0.97 -3.61 12.75 -14.53 0.95 -0.29 2.22 1.63 1.52 1.51 1.50
0.37 -0.06 1.03 -6.13 25.06 -24.58 0.85 -0.15 2.37 1.62 1.51 1.53 1.50
0.31 -0.03 1.13 -5.17 49.41 -36.97 0.68 -0.09 2.62 1.63 1.51 1.53 1.50
0.33 -0.21 1.07 -18.94 59.86 -43.73 0.75 -0.40 2.49 1.62 1.52 1.53 1.50
0.36 -0.14 1.09 -28.12 55.34 -46.91 0.82 -0.33 2.51 1.62 1.50 1.52 1.49
0.38 -0.14 1.08 -35.16 62.40 -54.84 0.86 -0.36 2.46 1.63 1.52 1.52 1.50
0.40 -0.18 1.04 -38.67 65.28 -61.63 0.92 -0.41 2.38 1.63 1.51 1.53 1.50
0.41 -0.18 1.11 -40.46 74.61 -74.19 0.96 -0.38 2.57 1.62 1.52 1.54 1.50
0.40 -0.15 1.17 -52.11 100.19 -100.60 0.92 -0.35 2.70 1.62 1.53 1.53 1.52
0.39 -0.23 1.21 -76.56 122.80 -133.09 1.03 -0.42 2.82 1.63 1.52 1.54 1.51
0.37 -0.31 1.20 -109.10 127.24 -176.65 0.76 -0.63 2.76 1.65 1.53 1.55 1.51
0.36 -0.20 1.19 -144.46 139.96 -213.54 0.83 -0.46 2.72 1.63 1.52 1.55 1.52
0.42 -0.22 1.01 -169.50 143.66 -233.42 0.95 -0.35 2.35 1.65 1.53 1.56 1.52
0.49 -0.44 0.99 -183.51 159.25 -227.08 1.13 -1.01 2.27 1.65 1.52 1.58 1.52
0.54 -0.35 0.91 -209.80 137.59 -231.06 1.21 -0.87 2.11 1.66 1.54 1.60 1.53
0.55 -0.36 0.96 -234.38 129.05 -228.93 1.26 -0.82 2.21 1.65 1.54 1.61 1.54
0.51 -0.35 0.86 -241.81 132.95 -238.50 1.20 -0.89 1.98 1.65 1.55 1.63 1.53
0.51 -0.40 0.86 -259.98 130.87 -254.57 1.14 -0.91 1.97 1.66 1.53 1.63 1.54
0.51 -0.42 0.71 -282.07 129.35 -269.14 1.17 -0.97 1.64 1.66 1.56 1.65 1.55
0.53 -0.27 0.50 -284.45 137.15 -272.02 1.25 -0.64 1.12 1.66 1.56 1.66 1.56
0.69 -0.24 0.40 -265.96 123.20 -235.80 1.58 -0.55 0.91 1.66 1.56 1.68 1.57
0.81 -0.26 0.52 -247.38 102.39 -184.44 1.89 -0.65 1.20 1.66 1.59 1.70 1.58
0.79 -0.33 0.75 -232.35 89.86 -152.32 1.82 -0.75 1.72 1.66 1.60 1.68 1.61
0.65 -0.53 0.73 -246.79 91.75 -151.57 1.51 -1.25 1.68 1.66 1.59 1.71 1.61
0.56 -0.50 0.85 -250.47 105.41 -173.84 1.29 -1.15 1.96 1.67 1.60 1.70 1.61
0.44 -0.53 0.73 -266.07 138.26 -207.19 1.01 -1.21 1.65 1.67 1.61 1.71 1.62
0.53 -0.58 0.67 -278.80 175.42 -226.15 1.22 -1.35 1.46 1.68 1.62 1.72 1.64
0.73 -0.72 0.43 -286.72 159.11 -215.01 1.67 -1.65 0.99 1.69 1.65 1.74 1.67
0.94 -0.69 0.29 -286.72 142.13 -167.88 2.31 -1.46 0.91 1.69 1.69 1.76 1.67
0.92 -0.52 0.53 -286.72 114.30 -123.41 2.11 -1.18 1.21 1.69 1.70 1.76 1.69
0.86 -0.49 0.60 -286.72 119.82 -98.62 1.89 -1.05 1.42 1.70 1.71 1.76 1.69
0.64 -0.34 0.63 -286.72 92.76 -106.85 1.47 -0.79 1.45 1.68 1.71 1.77 1.70
0.61 -0.19 0.62 -286.72 89.02 -126.18 1.44 -0.41 1.47 1.68 1.73 1.77 1.69
0.61 -0.19 0.73 -285.61 94.33 -149.24 1.50 -0.54 1.65 1.68 1.73 1.77 1.71
0.67 -0.59 0.67 -266.03 94.13 -153.54 1.54 -1.36 1.55 1.69 1.75 1.78 1.72
0.86 -0.75 0.73 -285.77 98.80 -132.36 1.98 -1.72 1.69 1.71 1.75 1.80 1.73
0.88 -0.57 0.65 -286.72 85.09 -103.58 2.01 -1.31 1.49 1.70 1.78 1.82 1.74
0.88 -0.42 0.74 -286.72 95.49 -54.61 2.07 -0.84 1.57 1.69 1.80 1.86 1.77
0.79 -0.36 0.71 -286.72 112.93 -22.10 1.80 -0.82 1.62 1.70 1.83 1.87 1.78
0.71 -0.23 0.64 -284.88 132.36 -16.24 1.73 -0.51 1.40 1.69 1.85 1.89 1.80
0.73 -0.15 0.55 -256.86 143.82 -23.04 1.71 -0.34 1.26 1.69 1.87 1.91 1.82
0.78 -0.12 0.56 -220.77 162.34 -28.15 1.78 -0.28 1.28 1.69 1.90 1.93 1.85
0.75 -0.24 0.46 -205.72 153.55 -23.16 1.78 -0.51 1.04 1.71 1.92 1.96 1.87
0.90 -0.19 0.40 -192.63 140.69 -16.69 2.07 -0.43 0.92 1.70 1.94 2.00 1.89
0.92 -0.12 0.45 -168.36 136.85 -9.69 1.99 -0.30 1.07 1.69 1.97 2.02 1.91
0.83 -0.24 0.48 -142.70 128.78 -4.09 1.91 -0.54 1.10 1.68 2.00 2.05 1.94
0.92 -0.25 0.45 -131.21 114.10 0.02 2.09 -0.57 1.10 1.69 2.02 2.08 1.97
0.90 -0.25 0.42 -111.66 120.30 3.08 2.06 -0.55 0.97 1.69 2.04 2.10 1.98
0.93 -0.14 0.29 -101.17 115.10 7.67 2.13 -0.32 0.65 1.68 2.06 2.13 2.00
0.92 -0.05 0.18 -84.68 111.16 10.00 2.08 -0.11 0.43 1.67 2.08 2.14 2.01
0.82 0.03 0.13 -86.03 111.61 5.89 1.88 0.06 0.29 1.67 2.10 2.16 2.04
0.95 0.03 0.10 -77.52 119.32 2.97 2.15 0.09 0.24 1.67 2.12 2.15 2.06
0.87 0.03 0.08 -59.56 131.15 -2.47 2.00 0.07 0.18 1.67 2.13 2.17 2.08
1.00 0.03 -0.04 -52.88 129.18 -6.47 2.30 0.06 -0.08 1.68 2.13 2.19 2.07
1.01 0.05 0.04 -44.95 121.48 -8.57 2.28 0.11 0.08 1.66 2.15 2.19 2.08
0.94 0.01 0.00 -19.45 111.21 -5.50 2.16 0.02 0.01 1.66 2.16 2.21 2.10
0.98 -0.05 -0.02 0.49 107.56 4.28 2.22 -0.09 0.03 1.67 2.16 2.22 2.11
0.89 -0.02 0.01 10.66 107.70 10.61 2.05 -0.04 0.03 1.68 2.17 2.24 2.10
0.85 0.05 -0.13 13.60 103.54 14.21 1.94 0.12 -0.30 1.66 2.18 2.24 2.11
0.99 0.06 -0.18 18.77 114.97 12.31 2.33 0.11 -0.43 1.66 2.17 2.25 2.14
0.93 0.09 -0.26 11.46 107.56 10.11 2.13 0.21 -0.59 1.68 2.18 2.25 2.13
0.92 0.09 -0.36 20.58 95.31 12.64 2.19 0.22 -0.73 1.66 2.19 2.25 2.15
0.93 0.13 -0.26 28.96 90.26 10.90 2.14 0.30 -0.59 1.67 2.20 2.26 2.13
0.79 0.07 -0.30 24.67 82.69 11.36 1.84 0.15 -0.73 1.68 2.20 2.26 2.13
0.92 0.17 -0.32 13.54 93.91 13.68 2.14 0.39 -0.74 1.68 2.21 2.25 2.14
0.93 0.22 -0.35 17.60 95.58 15.68 2.12 0.51 -0.80 1.69 2.21 2.25 2.15
0.89 0.18 -0.40 37.04 91.87 16.56 2.06 0.38 -0.94 1.69 2.22 2.27 2.14
1.02 0.14 -0.44 47.77 77.32 23.34 2.34 0.33 -1.02 1.71 2.22 2.27 2.15
0.97 0.18 -0.45 49.82 57.12 24.60 2.16 0.40 -1.05 1.73 2.21 2.25 2.14
0.88 0.22 -0.43 54.49 38.06 20.33 2.01 0.51 -0.98 1.73 2.20 2.25 2.15
0.69 0.21 -0.36 62.62 33.44 19.98 1.53 0.41 -0.83 1.78 2.20 2.27 2.14
0.63 0.41 -0.53 72.48 41.26 17.33 2.04 0.58 -1.22 1.80 2.22 2.25 2.15
0.85 0.20 -0.44 55.81 64.26 13.54 1.96 0.47 -1.01 1.82 2.20 2.24 2.15
0.92 0.21 -0.56 57.91 60.51 15.39 2.15 0.44 -1.28 1.86 2.21 2.25 2.14
0.96 0.19 -0.53 58.77 46.16 18.55 2.20 0.45 -1.22 1.86 2.21 2.26 2.14
0.87 0.26 -0.47 58.55 20.26 16.48 1.98 0.57 -1.08 1.89 2.20 2.27 2.14
0.73 0.25 -0.38 64.30 5.32 11.33 1.67 0.58 -0.87 1.92 2.21 2.26 2.14
0.70 0.24 -0.40 66.68 14.73 12.28 1.62 0.40 -0.90 1.95 2.19 2.25 2.13
0.69 0.16 -0.49 57.01 31.93 13.82 1.68 0.50 -1.13 1.96 2.20 2.25 2.14
0.91 0.25 -0.56 38.84 42.77 17.42 2.09 0.57 -1.29 2.00 2.20 2.25 2.14
0.96 0.27 -0.61 25.69 31.65 17.55 2.17 0.53 -1.36 2.00 2.20 2.25 2.13
0.83 0.28 -0.46 29.46 13.69 14.62 1.91 0.65 -1.07 2.01 2.20 2.26 2.13
0.82 0.40 -0.39 25.80 12.34 6.76 1.88 0.94 -0.98 2.03 2.21 2.25 2.14
0.81 0.30 -0.40 27.91 17.41 3.39 1.85 0.70 -0.93 2.03 2.20 2.25 2.14
0.87 0.28 -0.44 22.31 20.76 5.41 2.00 0.65 -1.02 2.04 2.20 2.26 2.12
0.89 0.27 -0.45 16.22 22.98 9.19 2.02 0.62 -1.08 2.05 2.20 2.26 2.12
0.89 0.28 -0.45 1.86 25.92 12.33 2.04 0.63 -1.04 2.04 2.20 2.26 2.12
0.94 0.36 -0.52 -3.24 21.71 11.32 2.17 0.85 -1.21 2.05 2.19 2.25 2.13
0.95 0.42 -0.55 0.23 9.09 5.84 2.18 0.96 -1.26 2.04 2.19 2.26 2.12
0.88 0.41 -0.50 5.08 -2.61 -2.38 2.02 0.94 -1.15 2.05 2.19 2.26 2.12
0.78 0.34 -0.41 9.33 -4.54 -8.21 1.78 0.78 -0.94 2.04 2.18 2.25 2.12
0.79 0.30 -0.39 8.01 0.71 -10.38 1.81 0.69 -0.89 2.04 2.20 2.25 2.13
0.81 0.25 -0.39 5.49 6.45 -7.11 1.89 0.58 -0.88 2.04 2.19 2.26 2.12
0.85 0.23 -0.42 -0.96 9.22 -0.55 1.97 0.54 -0.93 2.04 2.20 2.24 2.11
0.91 0.29 -0.44 -8.51 9.26 3.69 2.08 0.68 -1.02 2.04 2.18 2.24 2.10
0.93 0.34 -0.48 -6.09 0.30 0.25 2.12 0.80 -1.09 2.03 2.20 2.24 2.12
0.87 0.35 -0.44 0.13 -8.90 -2.24 1.99 0.80 -1.01 2.04 2.18 2.25 2.12
0.84 0.31 -0.41 4.45 -9.84 -6.48 1.93 0.71 -0.95 2.03 2.18 2.25 2.10
0.85 0.27 -0.39 6.53 -9.16 -9.44 1.94 0.60 -0.90 2.03 2.19 2.25 2.11
0.82 0.22 -0.34 7.38 -8.45 -8.68 1.87 0.50 -0.79 2.03 2.19 2.23 2.11
0.84 0.21 -0.33 3.33 -4.93 -5.58 1.92 0.49 -0.77 2.03 2.18 2.24 2.11
0.87 0.24 -0.36 1.28 -4.05 -1.63 2.00 0.56 -0.82 2.02 2.18 2.24 2.11
0.89 0.26 -0.34 0.88 -4.84 0.46 2.04 0.60 -0.78 2.01 2.18 2.25 2.11
0.91 0.28 -0.36 1.82 -8.44 0.00 2.08 0.65 -0.81 2.01 2.18 2.25 2.10
0.89 0.30 -0.35 3.16 -11.46 -1.64 2.05 0.68 -0.81 2.02 2.17 2.23 2.11
0.87 0.29 -0.33 4.36 -12.22 -3.79 2.00 0.66 -0.75 2.04 2.19 2.25 2.12
0.81 0.27 -0.29 4.04 -10.77 -5.50 1.86 0.60 -0.68 2.03 2.18 2.24 2.11
0.83 0.24 -0.31 3.41 -5.42 -5.18 1.90 0.55 -0.70 2.02 2.16 2.25 2.10
0.87 0.24 -0.36 0.75 -3.25 -4.99 1.99 0.55 -0.82 2.01 2.18 2.23 2.12
0.88 0.24 -0.39 0.30 -4.72 -3.06 2.03 0.54 -0.89 2.02 2.17 2.24 2.11
0.89 0.23 -0.37 -1.12 -7.88 -1.79 2.04 0.53 -0.86 2.01 2.18 2.23 2.11
0.88 0.26 -0.36 -1.27 -11.05 -1.59 2.02 0.58 -0.83 2.02 2.18 2.23 2.11
0.90 0.26 -0.35 0.92 -12.61 -2.33 2.06 0.60 -0.81 2.01 2.17 2.24 2.10
0.89 0.26 -0.33 0.80 -14.36 -2.51 2.04 0.61 -0.73 2.01 2.18 2.24 2.10
0.87 0.28 -0.29 0.20 -12.59 -2.81 2.01 0.64 -0.66 2.00 2.19 2.23 2.10
0.90 0.29 -0.30 -1.06 -10.67 -2.79 2.07 0.66 -0.69 2.03 2.16 2.23 2.11
0.92 0.30 -0.32 -1.92 -10.79 -2.20 2.11 0.70 -0.74 2.03 2.16 2.21 2.08
0.89 0.30 -0.30 -2.11 -12.64 -2.17 2.04 0.70 -0.70 1.94 2.25 2.18 2.14
0.84 0.32 -0.30 -2.01 -12.37 -3.98 1.93 0.73 -0.70 2.08 2.12 2.30 2.08
0.86 0.31 -0.32 0.32 -10.07 -5.73 1.97 0.70 -0.74 2.03 2.21 2.19 2.08
0.89 0.29 -0.34 0.55 -11.05 -6.46 2.03 0.66 -0.79 2.06 2.10 2.31 2.05
0.88 0.29 -0.35 0.38 -12.30 -6.26 2.02 0.66 -0.82 2.08 2.10 2.24 2.08
0.87 0.25 -0.35 1.15 -14.11 -5.28 2.00 0.57 -0.80 2.06 2.14 2.16 2.10
0.86 0.24 -0.32 -1.05 -13.72 -3.57 1.96 0.57 -0.73 2.01 2.24 2.25 2.06
0.84 0.25 -0.30 -2.94 -11.09 -2.63 1.94 0.58 -0.68 2.04 2.19 2.18 2.05
0.87 0.29 -0.32 -4.64 -7.81 -4.51 2.00 0.67 -0.73 2.00 2.14 2.32 2.05
0.92 0.29 -0.35 -4.03 -6.06 -6.98 2.15 0.68 -0.80 2.03 2.19 2.21 2.06
0.97 0.29 -0.37 -2.60 -9.96 -9.35 2.22 0.68 -0.85 1.95 2.17 2.22 2.08
0.97 0.28 -0.36 0.56 -14.67 -11.80 2.20 0.62 -0.81 1.96 2.19 2.19 2.11
0.93 0.25 -0.31 0.87 -16.95 -13.76 2.17 0.60 -0.74 2.04 2.14 2.25 2.07
0.89 0.22 -0.29 3.43 -14.35 -13.12 2.05 0.51 -0.66 2.07 2.06 2.29 2.08
0.92 0.21 -0.27 -2.59 -5.78 -11.57 2.11 0.45 -0.59 2.07 2.11 2.31 2.04
0.94 0.23 -0.30 -4.83 -2.22 -9.60 2.16 0.53 -0.69 1.93 2.23 2.20 2.06
0.97 0.22 -0.30 -7.90 1.59 -6.28 2.24 0.51 -0.67 1.97 2.24 2.17 2.14
0.99 0.27 -0.32 -12.70 0.14 -7.07 2.27 0.63 -0.72 1.95 2.13 2.20 2.08
0.98 0.26 -0.30 -6.00 -4.82 -7.41 2.25 0.60 -0.69 1.94 2.21 2.18 2.08
0.95 0.24 -0.30 -3.08 -10.20 -9.81 2.22 0.52 -0.63 1.98 2.10 2.18 2.07
0.90 0.25 -0.25 -1.28 -11.20 -12.34 2.07 0.58 -0.58 1.99 2.12 2.29 2.06
0.88 0.23 -0.26 0.63 -4.47 -12.15 2.00 0.48 -0.60 2.03 2.16 2.16 2.07
0.90 0.18 -0.25 2.95 1.70 -11.29 2.07 0.41 -0.58 2.02 2.10 2.22 2.08
0.92 0.18 -0.27 2.37 3.50 -6.70 2.12 0.42 -0.62 2.03 2.10 2.24 2.16
0.91 0.22 -0.27 5.14 -1.09 -4.81 2.07 0.51 -0.64 1.97 2.24 2.15 2.09
0.89 0.23 -0.27 9.83 -3.86 -5.08 2.05 0.53 -0.62 2.03 2.18 2.24 2.10
0.91 0.23 -0.27 14.23 -2.35 -6.53 2.01 0.46 -0.64 1.96 2.10 2.23 2.13
0.94 0.21 -0.25 13.03 -2.97 -7.84 2.12 0.46 -0.59 2.01 2.12 2.23 2.14
0.91 0.22 -0.22 11.93 -4.78 -5.36 2.09 0.49 -0.50 2.06 2.17 2.17 2.06
0.89 0.23 -0.18 12.57 -2.33 -5.66 2.00 0.56 -0.44 2.04 2.10 2.24 2.14
0.84 0.19 -0.20 17.30 2.97 -7.74 1.93 0.44 -0.45 1.93 2.21 2.17 2.12
0.91 0.11 -0.19 14.18 7.06 -3.26 2.05 0.24 -0.48 2.01 2.20 2.17 2.11
0.88 0.06 -0.26 -2.16 8.32 14.24 2.03 0.11 -0.63 1.99 2.17 2.24 2.05
0.90 0.30 -0.35 -13.63 6.01 25.94 2.06 0.68 -0.81 2.04 2.10 2.26 2.06
0.94 0.42 -0.35 -12.77 3.16 16.81 2.16 0.97 -0.80 2.01 2.20 2.24 2.07
0.89 0.39 -0.28 -5.53 -4.16 1.33 2.05 0.88 -0.65 1.94 2.20 2.24 2.10
0.88 0.24 -0.25 13.37 -8.93 -3.52 2.05 0.57 -0.55 2.03 2.11 2.17 2.14
0.88 0.17 -0.23 7.39 -12.66 -0.46 2.06 0.37 -0.58 2.02 2.14 2.23 2.07
0.88 0.22 -0.21 -5.50 -6.93 6.36 2.03 0.51 -0.49 2.07 2.16 2.18 2.16
0.90 0.26 -0.21 -9.24 1.29 8.41 2.07 0.58 -0.50 2.02 2.16 2.21 2.05
0.94 0.26 -0.24 -1.16 -1.89 6.25 2.16 0.61 -0.56 2.03 2.15 2.18 2.10
0.98 0.27 -0.27 5.65 -5.58 5.22 2.24 0.61 -0.65 1.99 2.14 2.20 2.13
0.97 0.26 -0.29 7.68 -10.72 1.73 2.22 0.58 -0.64 1.97 2.17 2.25 2.07
0.93 0.19 -0.22 4.52 -9.26 1.72 2.14 0.43 -0.50 1.96 2.09 2.15 2.04
0.92 0.21 -0.22 3.08 -7.91 2.78 2.11 0.51 -0.51 2.03 2.18 2.17 2.06
0.93 0.22 -0.24 3.39 -6.93 4.34 2.13 0.51 -0.55 1.95 2.18 2.26 2.12
0.92 0.27 -0.24 2.96 -6.30 5.01 2.11 0.62 -0.56 2.00 2.17 2.17 2.12
0.95 0.29 -0.25 -0.50 -3.40 2.74 2.17 0.63 -0.59 2.06 2.12 2.20 2.15
0.96 0.26 -0.26 -1.26 -5.15 0.61 2.20 0.60 -0.60 2.01 2.10 2.22 2.13
0.93 0.25 -0.25 -1.51 -6.42 0.90 2.11 0.58 -0.55 2.03 2.18 2.26 2.06
0.92 0.26 -0.24 -3.61 -4.16 0.99 2.10 0.60 -0.55 2.05 2.11 2.20 2.13
0.94 0.25 -0.26 -2.91 -2.55 2.19 2.15 0.56 -0.59 2.05 2.07 2.28 2.03
0.95 0.25 -0.27 -5.16 -2.50 3.29 2.18 0.58 -0.60 1.94 2.11 2.17 2.04
0.92 0.27 -0.25 -4.81 -4.59 4.16 2.11 0.62 -0.57 1.96 2.16 2.27 2.13
0.92 0.28 -0.24 -3.80 -5.20 3.73 2.11 0.65 -0.56 2.01 2.10 2.24 2.06
0.92 0.29 -0.25 -2.13 -5.66 1.95 2.10 0.66 -0.57 2.01 2.15 2.18 2.09
0.91 0.29 -0.24 -1.01 -5.01 -0.14 2.09 0.67 -0.56 2.04 2.08 2.29 2.04
0.91 0.28 -0.24 0.29 -3.29 -1.34 2.08 0.63 -0.55 1.96 2.20 2.18 2.12
0.89 0.27 -0.23 1.53 -1.90 -1.77 2.04 0.63 -0.53 2.04 2.13 2.16 2.12
0.90 0.24 -0.24 2.50 1.44 -0.86 2.06 0.56 -0.56 2.01 2.19 2.23 2.08
0.92 0.23 -0.28 0.58 1.81 1.26 2.11 0.53 -0.63 1.93 2.22 2.16 2.15
0.94 0.25 -0.29 -3.65 1.14 3.92 2.15 0.57 -0.66 2.05 2.09 2.29 2.04
0.94 0.28 -0.30 -4.71 -1.61 4.79 2.15 0.65 -0.69 2.00 2.10 2.24 2.10
0.93 0.30 -0.30 -3.84 -3.30 4.29 2.14 0.68 -0.68 1.92 2.21 2.18 2.12
0.92 0.28 -0.28 -2.93 -4.66 3.45 2.11 0.64 -0.64 2.03 2.08 2.31 2.03
0.90 0.29 -0.26 -3.64 -4.80 3.18 2.07 0.67 -0.59 1.94 2.08 2.14 2.05
0.89 0.30 -0.24 -3.97 -2.33 2.07 2.04 0.68 -0.55 2.01 2.11 2.22 2.11
0.90 0.31 -0.25 -3.39 0.49 1.03 2.07 0.71 -0.58 1.97 2.20 2.18 2.14
0.92 0.31 -0.26 -1.89 1.11 0.02 2.11 0.69 -0.58 1.99 2.11 2.21 2.12
0.92 0.28 -0.26 0.46 0.88 -0.71 2.12 0.64 -0.59 2.00 2.18 2.23 2.10
0.94 0.25 -0.27 -0.74 0.27 -0.25 2.15 0.58 -0.61 1.92 2.20 2.17 2.11
0.94 0.26 -0.27 -2.75 -1.56 0.90 2.15 0.59 -0.62 2.06 2.09 2.24 2.12
0.91 0.27 -0.25 -3.82 -3.04 0.94 2.08 0.63 -0.58 2.01 2.18 2.25 2.09
0.87 0.27 -0.22 -2.30 -2.53 0.05 1.96 0.63 -0.51 1.93 2.23 2.16 2.08
0.86 0.25 -0.23 -0.21 1.83 -0.76 1.98 0.59 -0.53 1.99 2.13 2.20 2.15
0.91 0.24 -0.26 0.70 2.71 -0.56 2.09 0.55 -0.60 1.94 2.10 2.18 2.05
0.92 0.22 -0.27 0.99 -0.38 -0.41 2.09 0.52 -0.60 1.98 2.17 2.21 2.01
0.90 0.23 -0.25 1.31 -3.25 1.15 2.06 0.53 -0.57 1.94 2.17 2.21 2.04
0.91 0.24 -0.25 1.92 -3.94 1.88 2.08 0.56 -0.58 2.06 2.08 2.27 2.05
0.91 0.26 -0.25 1.31 -5.62 1.79 2.08 0.59 -0.57 1.94 2.22 2.20 2.05
0.89 0.27 -0.22 2.00 -6.22 1.79 2.03 0.63 -0.52 1.95 2.08 2.16 2.04
0.88 0.27 -0.20 3.53 -4.64 1.66 2.03 0.63 -0.46 1.99 2.21 2.19 2.05
0.90 0.28 -0.21 3.41 -2.03 0.16 2.07 0.64 -0.50 2.01 2.19 2.22 2.06
0.94 0.28 -0.23 4.16 -2.10 0.46 2.15 0.64 -0.53 1.94 2.12 2.22 2.06
0.94 0.28 -0.24 3.54 -4.94 1.12 2.15 0.64 -0.55 1.95 2.22 2.20 2.03
0.92 0.30 -0.22 1.48 -5.67 1.39 2.11 0.69 -0.50 1.92 2.14 2.24 2.12
0.92 0.30 -0.21 -0.41 -4.54 0.85 2.11 0.69 -0.49 1.95 2.15 2.25 2.07
0.93 0.31 -0.21 -2.61 -3.54 0.03 2.13 0.71 -0.49 1.94 2.11 2.24 2.12
0.93 0.30 -0.21 -2.65 -2.52 -0.14 2.13 0.70 -0.49 1.94 2.15 2.25 2.05
0.93 0.29 -0.21 -3.98 -1.23 -0.96 2.15 0.66 -0.49 1.93 2.23 2.20 2.05
0.94 0.29 -0.21 -5.00 -0.77 -1.66 2.16 0.66 -0.49 2.04 2.10 2.28 2.04
0.94 0.28 -0.22 -4.41 -0.94 -2.99 2.15 0.65 -0.50 2.04 2.11 2.16 2.13
0.94 0.26 -0.22 -3.98 -0.64 -3.67 2.16 0.59 -0.50 1.99 2.15 2.16 2.10
0.92 0.25 -0.20 -5.04 -1.23 -3.69 2.10 0.58 -0.46 1.95 2.13 2.19 2.06
0.90 0.25 -0.19 -5.57 1.15 -3.21 2.07 0.58 -0.44 1.99 2.09 2.28 2.01
0.91 0.25 -0.21 -6.24 3.84 -3.46 2.09 0.58 -0.48 1.98 2.11 2.17 2.04
0.91 0.25 -0.23 -7.44 4.29 -3.65 2.10 0.58 -0.52 2.02 2.10 2.26 2.04
0.93 0.25 -0.24 -7.43 4.31 -3.34 2.12 0.58 -0.55 2.05 2.09 2.23 2.08
0.92 0.27 -0.26 -6.93 3.45 -2.67 2.11 0.61 -0.60 1.90 2.21 2.18 2.07
0.91 0.25 -0.27 -6.62 2.20 -3.76 2.09 0.58 -0.61 2.03 2.10 2.23 2.07
