start recording
-0.27 -0.80 1.06 -27.32 67.67 -222.61 -0.63 -1.88 2.39 1.66 1.52 1.55 1.50
-0.29 -0.85 1.00 -59.67 154.63 -276.93 -0.65 -1.95 2.30 1.67 1.49 1.50 1.49
-0.25 -0.97 0.71 -91.27 205.70 -286.72 -0.65 -2.22 1.69 1.62 1.48 1.47 1.50
-0.18 -1.05 0.83 -91.02 250.29 -286.72 -0.41 -2.49 1.85 1.61 1.48 1.55 1.54
0.25 -1.20 0.75 -71.57 239.38 -286.72 0.57 -2.75 1.72 1.64 1.48 1.56 1.50
0.25 -1.14 0.92 -65.09 207.83 -229.43 0.44 -2.68 2.14 1.62 1.47 1.57 1.48
-0.04 -1.23 0.92 -82.91 194.09 -191.84 -0.10 -2.82 2.11 1.62 1.54 1.56 1.52
-0.26 -1.13 0.93 -111.77 203.68 -182.43 -0.59 -2.62 2.11 1.65 1.53 1.50 1.55
-0.35 -1.23 0.90 -117.71 251.20 -178.60 -0.80 -2.82 2.08 1.69 1.50 1.50 1.55
-0.29 -1.21 0.98 -134.88 286.68 -156.27 -0.77 -2.76 2.32 1.67 1.48 1.52 1.53
-0.38 -1.27 0.89 -179.99 286.68 -128.71 -0.69 -2.71 2.05 1.66 1.48 1.49 1.55
-0.28 -1.30 0.69 -199.41 286.68 -107.64 -0.65 -2.98 1.59 1.61 1.56 1.55 1.48
-0.19 -1.41 0.74 -235.57 286.68 -35.55 -0.27 -2.89 1.76 1.61 1.52 1.55 1.48
0.16 -0.54 0.46 -255.97 286.68 -11.11 0.36 -1.24 1.05 1.65 1.53 1.53 1.49
0.15 -0.99 0.66 -187.31 286.68 17.09 -0.02 -2.03 1.42 1.60 1.52 1.51 1.52
0.03 -0.85 -0.10 -228.34 286.68 66.35 0.06 -1.96 -0.22 1.65 1.54 1.49 1.56
0.62 -0.87 0.20 -124.31 286.68 20.83 1.42 -1.93 0.30 1.65 1.52 1.52 1.50
0.67 -0.87 -0.20 -83.43 286.68 65.43 1.49 -2.07 -0.41 1.64 1.50 1.57 1.48
0.87 -0.80 -0.20 -47.46 249.92 31.53 2.00 -1.85 -0.45 1.69 1.51 1.50 1.56
0.89 -0.75 -0.25 -28.66 171.07 7.41 2.03 -1.76 -0.55 1.63 1.53 1.51 1.53
0.89 -0.66 -0.19 -0.38 103.74 3.79 2.04 -1.52 -0.44 1.60 1.49 1.50 1.49
0.87 -0.55 -0.15 20.73 66.40 0.15 2.00 -1.22 -0.34 1.60 1.57 1.51 1.50
0.86 -0.43 -0.14 47.42 40.21 4.76 1.99 -0.95 -0.33 1.60 1.53 1.56 1.49
0.90 -0.45 -0.09 65.90 28.59 8.71 2.08 -1.03 -0.20 1.66 1.50 1.59 1.48
0.96 -0.51 -0.07 52.03 23.52 8.54 2.23 -1.16 -0.16 1.64 1.53 1.54 1.52
1.03 -0.45 -0.08 37.10 20.04 5.23 2.37 -1.04 -0.18 1.65 1.50 1.50 1.52
1.06 -0.52 -0.05 36.62 18.84 -4.32 2.43 -1.18 -0.12 1.63 1.53 1.58 1.55
1.01 -0.53 0.03 15.22 -1.49 -7.69 2.32 -1.19 0.09 1.68 1.54 1.50 1.52
0.95 -0.53 0.08 6.24 -13.98 -8.70 2.19 -1.22 0.19 1.65 1.56 1.52 1.49
0.87 -0.53 0.12 3.33 -17.57 -9.72 1.98 -1.26 0.30 1.61 1.54 1.58 1.54
0.81 -0.57 0.14 -7.74 -13.84 -5.59 1.85 -1.31 0.33 1.61 1.55 1.53 1.54
0.84 -0.59 0.19 -13.92 -5.15 -2.55 1.92 -1.36 0.44 1.70 1.50 1.49 1.52
0.86 -0.62 0.16 -16.60 -5.89 2.08 1.97 -1.40 0.36 1.59 1.56 1.51 1.50
0.84 -0.59 0.18 -19.18 -13.29 4.42 1.92 -1.34 0.42 1.62 1.50 1.52 1.49
0.87 -0.61 0.18 -15.11 -20.77 3.37 2.00 -1.41 0.39 1.68 1.50 1.60 1.48
0.86 -0.62 0.18 -15.08 -40.39 3.41 1.95 -1.42 0.40 1.70 1.51 1.55 1.54
0.83 -0.61 0.20 -1.38 -57.93 -0.62 1.92 -1.40 0.46 1.60 1.56 1.59 1.48
0.82 -0.60 0.17 12.35 -71.37 -2.18 1.87 -1.43 0.39 1.60 1.58 1.53 1.54
0.83 -0.63 0.18 39.92 -105.82 2.82 1.91 -1.44 0.40 1.70 1.50 1.54 1.53
0.85 -0.68 0.10 60.29 -123.86 9.27 1.96 -1.55 0.27 1.65 1.55 1.59 1.53
0.88 -0.74 0.16 60.80 -155.09 31.79 1.99 -1.75 0.48 1.64 1.50 1.54 1.58
0.69 -0.85 0.20 53.92 -186.10 43.08 1.59 -1.94 0.46 1.61 1.54 1.53 1.53
0.73 -0.78 0.20 50.67 -200.02 43.87 1.68 -1.75 0.48 1.67 1.54 1.53 1.53
0.80 -0.67 0.21 58.49 -215.77 65.94 1.84 -1.53 0.48 1.69 1.50 1.52 1.54
0.73 -0.67 0.22 79.52 -230.33 91.01 1.70 -1.59 0.47 1.61 1.53 1.56 1.56
0.82 -0.66 0.24 104.41 -242.65 120.03 1.86 -1.51 0.49 1.63 1.52 1.53 1.58
0.50 -0.75 0.21 115.98 -265.12 146.49 1.15 -1.73 0.48 1.66 1.48 1.52 1.53
0.43 -0.75 0.44 131.47 -270.66 139.54 0.95 -1.77 1.10 1.68 1.55 1.56 1.54
0.47 -0.81 0.50 111.97 -266.74 125.69 1.09 -1.85 1.14 1.67 1.58 1.53 1.49
0.60 -0.74 0.46 101.00 -265.37 131.23 1.42 -1.76 1.11 1.61 1.55 1.55 1.53
0.72 -0.71 0.54 93.71 -250.79 158.01 1.65 -1.63 1.23 1.60 1.54 1.56 1.52
0.64 -0.71 0.42 113.57 -257.61 191.61 1.47 -1.64 1.10 1.67 1.59 1.54 1.48
0.45 -0.63 0.42 150.51 -253.09 208.27 1.02 -1.41 0.99 1.66 1.58 1.55 1.53
0.18 -0.63 0.49 194.66 -245.88 210.17 0.41 -1.45 1.11 1.70 1.53 1.53 1.57
0.13 -0.64 0.65 209.74 -239.86 190.11 0.29 -1.61 1.51 1.69 1.55 1.51 1.55
0.23 -0.75 0.88 192.54 -221.84 165.43 0.54 -1.72 2.03 1.60 1.51 1.64 1.53
0.39 -0.82 0.91 176.15 -218.14 158.30 0.92 -2.07 2.16 1.60 1.53 1.63 1.54
0.48 -0.95 0.95 137.08 -205.68 181.48 1.12 -2.16 2.19 1.60 1.54 1.63 1.50
0.45 -1.00 0.92 102.44 -201.50 217.31 1.04 -2.30 2.10 1.68 1.52 1.56 1.55
0.30 -0.91 0.96 89.99 -182.88 239.83 0.64 -2.01 2.27 1.66 1.52 1.63 1.56
-0.11 -0.72 1.00 104.23 -133.24 214.79 -0.24 -1.65 2.30 1.69 1.50 1.66 1.51
-0.22 -0.61 0.84 113.36 -75.92 163.37 -0.45 -1.41 1.96 1.64 1.50 1.65 1.53
-0.09 -0.68 1.15 109.04 -38.54 121.60 -0.20 -1.56 2.63 1.63 1.49 1.58 1.52
0.14 -0.80 1.31 49.13 12.56 89.43 0.34 -1.83 3.06 1.60 1.62 1.59 1.61
0.34 -0.93 1.32 -54.32 52.33 62.79 0.86 -2.15 3.03 1.71 1.53 1.69 1.58
0.47 -0.98 1.36 -157.92 72.02 61.89 1.07 -2.25 3.12 1.60 1.59 1.78 1.55
0.56 -0.87 1.09 -240.56 94.04 76.35 1.17 -1.90 2.50 1.69 1.68 1.82 1.65
0.54 -0.63 1.12 -277.62 114.71 97.85 1.24 -1.44 2.57 1.60 1.75 1.76 1.69
0.25 -0.53 0.91 -244.15 126.19 90.05 0.47 -1.33 1.99 1.59 1.79 1.78 1.68
0.10 -0.25 0.66 -246.71 153.37 58.62 0.24 -0.58 1.51 1.67 1.77 1.83 1.73
0.25 -0.23 0.71 -250.06 160.17 23.77 0.58 -0.52 1.64 1.64 1.80 1.84 1.72
0.34 -0.20 0.54 -272.33 204.74 17.24 0.84 -0.32 1.20 1.64 1.76 1.79 1.72
0.60 -0.19 0.74 -286.57 236.21 35.39 1.39 -0.44 1.69 1.65 1.76 1.84 1.72
0.68 -0.22 0.66 -286.72 235.87 29.80 1.54 -0.50 1.43 1.65 1.86 1.97 1.81
0.63 -0.30 0.55 -286.72 249.39 40.39 1.44 -0.69 1.27 1.71 1.91 1.93 1.90
0.53 -0.30 0.39 -286.72 248.82 53.35 1.25 -0.55 0.83 1.69 2.00 1.98 1.85
0.52 0.13 -0.01 -286.72 274.57 64.46 1.21 0.31 -0.03 1.64 2.06 1.99 1.88
0.77 0.30 0.02 -286.72 283.31 57.29 1.76 0.69 0.05 1.63 2.04 2.12 1.99
0.78 0.68 -0.08 -286.72 263.01 28.16 1.83 1.59 -0.10 1.69 2.00 2.15 1.96
0.72 0.81 -0.02 -234.26 239.88 -4.93 1.65 1.87 -0.05 1.69 2.04 2.08 1.95
0.75 0.91 -0.03 -162.02 230.76 -37.10 1.77 2.07 -0.04 1.65 2.11 2.14 2.03
0.68 0.63 0.10 -62.03 213.16 -60.63 1.57 1.44 0.23 1.69 2.14 2.13 2.06
0.80 0.36 0.13 6.18 198.91 -59.26 1.84 0.82 0.20 1.70 2.14 2.14 2.04
0.99 -0.06 0.12 32.77 184.61 -36.80 2.30 -0.20 0.31 1.62 2.17 2.17 2.07
0.84 -0.16 0.24 17.76 174.42 -16.16 1.92 -0.36 0.54 1.61 2.12 2.19 2.11
0.69 0.04 0.03 -8.23 185.73 -4.26 1.63 0.18 0.01 1.63 2.16 2.31 2.05
0.84 0.42 -0.03 -7.85 228.49 15.88 1.93 0.95 -0.08 1.71 2.24 2.19 2.03
0.88 0.46 -0.33 17.08 237.69 7.66 2.02 1.02 -0.81 1.67 2.26 2.14 2.18
1.21 0.32 -0.48 39.35 208.41 2.77 2.88 0.70 -1.11 1.64 2.16 2.23 2.18
1.27 0.08 -0.50 57.90 148.87 0.14 2.91 0.19 -1.15 1.64 2.16 2.23 2.18
1.19 0.03 -0.51 47.84 98.29 1.76 2.72 0.10 -1.14 1.61 2.26 2.18 2.12
1.06 0.21 -0.33 47.11 68.45 5.85 2.44 0.48 -0.75 1.69 2.16 2.29 2.07
0.81 0.29 -0.15 60.32 61.65 -0.38 1.86 0.63 -0.35 1.72 2.18 2.20 2.08
0.82 0.32 -0.08 86.15 76.87 -2.85 1.92 0.76 -0.11 1.72 2.16 2.30 2.09
0.82 0.20 -0.24 101.17 74.40 9.42 1.87 0.46 -0.56 1.66 2.17 2.30 2.10
0.91 0.12 -0.37 105.02 53.67 28.24 2.09 0.25 -0.84 1.66 2.27 2.25 2.09
1.03 0.10 -0.47 79.59 26.00 34.36 2.37 0.22 -1.07 1.68 2.29 2.15 2.19
0.93 0.18 -0.44 55.02 14.45 33.40 2.14 0.49 -1.02 1.72 2.21 2.25 2.08
0.89 0.27 -0.37 46.02 17.64 32.20 2.04 0.62 -0.81 1.80 2.13 2.17 2.14
0.95 0.28 -0.35 48.64 18.33 27.25 2.19 0.63 -0.81 1.79 2.23 2.22 2.16
0.93 0.23 -0.47 55.82 -2.93 16.83 2.14 0.48 -1.09 1.80 2.23 2.25 2.08
0.89 0.13 -0.34 40.22 -9.59 13.05 2.05 0.30 -0.77 1.93 2.20 2.17 2.20
0.82 0.24 -0.29 28.67 -8.08 4.25 1.89 0.56 -0.68 1.90 2.17 2.18 2.06
0.90 0.24 -0.33 19.74 6.11 2.69 2.04 0.55 -0.72 2.00 2.16 2.25 2.12
0.95 0.20 -0.35 14.55 7.53 5.91 2.18 0.45 -0.80 1.91 2.18 2.28 2.11
0.92 0.21 -0.32 7.30 3.58 4.51 2.05 0.45 -0.73 1.97 2.23 2.14 2.12
0.86 0.24 -0.29 1.94 5.94 6.45 1.97 0.54 -0.65 1.93 2.25 2.16 2.17
0.92 0.27 -0.29 1.07 11.30 7.04 2.11 0.61 -0.67 2.01 2.24 2.28 2.17
0.94 0.25 -0.30 2.77 9.13 4.16 2.16 0.59 -0.70 1.92 2.28 2.14 2.16
1.04 0.31 -0.38 3.66 1.92 -0.24 2.38 0.71 -0.88 1.95 2.21 2.29 2.07
0.97 0.27 -0.30 4.14 -10.57 -4.87 2.18 0.62 -0.68 2.00 2.18 2.17 2.08
0.80 0.26 -0.18 -1.43 -9.87 -6.93 1.84 0.61 -0.36 2.03 2.15 2.16 2.11
0.83 0.21 -0.16 -3.74 5.02 -2.02 1.89 0.48 -0.37 2.05 2.13 2.16 2.14
0.92 0.20 -0.23 -8.02 9.95 3.65 2.12 0.48 -0.54 1.98 2.24 2.15 2.11
1.02 0.33 -0.33 -6.06 4.48 4.78 2.35 0.77 -0.76 2.04 2.17 2.17 2.12
0.95 0.34 -0.29 1.08 -6.05 -1.91 2.18 0.79 -0.66 2.05 2.13 2.22 2.08
0.95 0.33 -0.26 5.04 -9.35 -11.09 2.16 0.76 -0.57 2.02 2.21 2.26 2.11
0.81 0.20 -0.14 6.55 -7.93 -13.68 1.85 0.45 -0.32 2.00 2.24 2.18 2.04
0.90 0.17 -0.19 -0.20 1.78 -7.62 2.10 0.39 -0.44 2.05 2.13 2.26 2.09
0.94 0.22 -0.23 -6.17 1.95 -0.60 2.17 0.52 -0.53 2.02 2.20 2.19 2.09
0.94 0.32 -0.24 -4.51 0.52 0.39 2.16 0.73 -0.54 1.94 2.23 2.12 2.10
0.94 0.27 -0.23 1.24 -1.05 -2.85 2.16 0.60 -0.54 1.97 2.16 2.27 2.04
0.95 0.22 -0.23 3.80 -4.38 -3.12 2.15 0.51 -0.52 2.03 2.23 2.17 2.04
0.95 0.23 -0.23 4.07 -6.44 -1.65 2.18 0.53 -0.54 1.94 2.24 2.15 2.07
0.94 0.28 -0.21 4.48 -8.83 -5.14 2.14 0.63 -0.47 2.03 2.12 2.22 2.12
0.90 0.21 -0.17 6.44 -6.56 -5.57 2.07 0.48 -0.40 2.04 2.21 2.17 2.06
0.95 0.24 -0.22 6.03 -4.16 -4.60 2.22 0.56 -0.50 1.95 2.14 2.29 2.04
0.92 0.17 -0.18 8.44 -5.19 -0.94 2.10 0.37 -0.43 2.04 2.11 2.27 2.06
0.95 0.21 -0.23 4.97 -3.33 3.72 2.19 0.48 -0.52 1.98 2.14 2.21 2.10
1.02 0.33 -0.28 10.87 -7.11 6.25 2.33 0.74 -0.62 2.01 2.14 2.22 2.12
0.89 0.19 -0.19 22.15 -15.65 8.44 2.05 0.44 -0.44 1.95 2.25 2.16 2.08
0.93 0.31 -0.24 18.09 -13.92 5.51 2.14 0.71 -0.54 1.92 2.24 2.14 2.15
1.00 0.35 -0.30 26.82 -17.86 2.00 2.31 0.79 -0.67 1.95 2.21 2.27 2.10
0.97 0.21 -0.27 34.01 -27.50 1.06 2.22 0.49 -0.61 1.93 2.17 2.18 2.16
1.03 0.37 -0.33 29.62 -32.33 -0.21 2.41 0.87 -0.80 2.03 2.11 2.22 2.07
0.80 0.35 -0.49 43.45 -49.96 1.31 1.84 0.80 -1.13 1.96 2.12 2.18 2.09
0.78 0.12 -0.12 41.47 -58.43 -1.78 1.79 0.27 -0.28 2.03 2.11 2.23 2.11
0.82 0.35 -0.15 23.44 -42.92 -9.64 1.91 0.85 -0.39 1.94 2.16 2.23 2.05
1.05 0.50 -0.35 37.04 -42.60 -11.23 2.41 1.15 -0.80 1.92 2.25 2.12 2.15
1.17 0.63 -0.48 58.00 -55.76 -15.29 2.77 1.50 -1.12 1.99 2.12 2.21 2.04
1.33 0.73 -0.71 100.27 -85.54 -23.24 3.06 1.67 -1.62 1.94 2.14 2.17 2.15
1.33 0.43 -0.74 139.93 -134.35 -29.05 3.06 1.00 -1.75 1.96 2.11 2.27 2.00
1.23 0.35 -0.74 138.98 -193.58 -29.43 2.80 0.80 -1.68 1.92 2.09 2.13 2.03
0.85 0.21 -0.56 131.15 -243.04 -33.01 1.94 0.47 -1.29 1.86 2.18 2.25 2.12
0.67 0.35 -0.35 115.12 -270.09 -50.76 1.48 0.97 -0.84 1.81 2.17 2.27 2.06
0.53 0.65 -0.33 137.24 -278.27 -61.43 1.22 1.48 -0.76 1.86 2.14 2.22 2.07
0.43 0.84 -0.21 180.92 -275.77 -79.57 1.03 2.14 -0.58 1.85 2.07 2.25 1.98
0.55 0.80 -0.37 237.03 -276.30 -106.30 1.27 1.84 -0.84 1.74 2.14 2.24 2.01
0.41 0.67 -0.32 273.42 -286.72 -132.82 0.94 1.53 -0.74 1.79 2.15 2.13 1.99
0.25 0.42 -0.03 286.68 -286.72 -166.51 0.46 0.98 -0.05 1.84 1.99 2.12 1.98
-0.07 0.22 0.27 286.68 -286.72 -202.11 -0.16 0.51 0.63 1.78 2.04 2.00 2.00
0.13 0.07 0.45 284.18 -239.89 -216.66 0.30 0.05 0.99 1.78 1.93 2.00 1.98
0.20 -0.34 0.69 270.65 -189.73 -230.63 0.47 -0.78 1.58 1.73 1.92 1.97 1.86
0.10 -0.62 0.85 234.19 -182.98 -245.31 0.25 -1.49 2.18 1.69 1.96 1.91 1.87
0.24 -0.76 1.03 181.85 -168.29 -255.75 0.49 -1.75 2.31 1.69 1.80 1.92 1.86
0.21 -0.83 1.02 133.36 -127.45 -238.63 0.48 -1.89 2.35 1.75 1.86 1.79 1.80
0.19 -0.75 0.96 102.89 -70.39 -211.51 0.42 -1.71 2.16 1.67 1.81 1.80 1.70
0.22 -0.60 0.90 88.83 -31.85 -198.13 0.51 -1.38 2.07 1.72 1.71 1.79 1.66
0.18 -0.52 0.90 91.52 12.64 -192.61 0.46 -1.19 2.11 1.70 1.67 1.73 1.69
0.15 -0.64 0.93 119.32 23.23 -215.81 0.34 -1.47 2.14 1.65 1.68 1.72 1.72
0.15 -0.84 0.92 108.69 7.96 -239.72 0.34 -1.93 2.10 1.72 1.74 1.69 1.66
0.10 -1.12 0.94 53.35 -15.13 -268.87 0.23 -2.65 2.19 1.65 1.73 1.61 1.65
0.10 -1.38 0.97 -22.30 -56.90 -286.72 0.24 -3.17 2.23 1.75 1.63 1.63 1.59
0.14 -1.32 1.01 -104.39 -59.94 -286.72 0.30 -2.91 2.30 1.67 1.62 1.64 1.56
-0.06 -1.25 1.38 -144.93 19.19 -286.72 -0.14 -2.86 3.17 1.65 1.61 1.58 1.57
-0.10 -0.87 1.12 -144.70 161.77 -286.72 -0.24 -2.03 2.57 1.71 1.54 1.58 1.56
-0.08 -0.80 0.88 -111.30 237.66 -286.72 -0.20 -1.84 2.03 1.74 1.54 1.59 1.56
0.05 -0.77 0.98 -69.92 257.20 -269.02 0.12 -1.76 2.24 1.72 1.50 1.62 1.50
0.15 -0.81 0.92 -53.22 257.90 -225.55 0.32 -1.89 2.08 1.63 1.54 1.59 1.55
0.08 -0.92 0.91 -49.87 244.41 -211.00 0.17 -2.11 2.09 1.67 1.51 1.53 1.53
0.07 -1.07 0.89 -74.69 234.71 -206.10 0.12 -2.46 1.93 1.73 1.49 1.56 1.53
0.03 -1.12 0.99 -94.15 242.45 -196.66 0.06 -2.57 2.27 1.62 1.57 1.51 1.49
-0.19 -1.40 1.09 -119.48 286.61 -181.90 -0.59 -3.07 2.38 1.65 1.53 1.53 1.53
-0.32 -1.14 0.89 -166.77 286.68 -144.95 -0.73 -2.81 2.16 1.70 1.49 1.59 1.48
-0.23 -1.09 0.72 -211.76 286.68 -118.80 -0.54 -2.51 1.66 1.71 1.49 1.58 1.52
0.03 -0.87 0.73 -218.32 286.68 -69.19 0.03 -1.82 1.53 1.68 1.53 1.54 1.53
-0.19 -1.13 0.40 -228.50 286.68 20.31 -0.43 -2.60 0.92 1.65 1.56 1.49 1.55
0.53 -0.88 0.26 -234.53 286.68 -7.61 0.80 -1.88 0.22 1.61 1.55 1.58 1.56
0.72 -1.31 0.02 -195.45 286.68 52.82 1.65 -3.00 0.05 1.68 1.55 1.52 1.50
0.53 -1.07 -0.08 -170.19 286.68 95.32 1.22 -2.47 -0.00 1.70 1.52 1.58 1.48
0.71 -0.97 -0.04 -132.28 286.68 59.73 1.48 -2.04 -0.01 1.61 1.50 1.54 1.56
0.70 -0.54 -0.04 -82.43 230.10 37.92 1.61 -1.25 -0.09 1.67 1.50 1.56 1.54
0.74 -0.54 -0.10 -24.30 184.37 -2.02 1.79 -1.25 -0.29 1.61 1.58 1.50 1.53
0.78 -0.53 -0.11 23.54 146.63 -17.64 1.80 -1.22 -0.26 1.71 1.52 1.50 1.56
0.82 -0.51 -0.15 44.00 112.60 -18.57 1.98 -1.19 -0.35 1.61 1.52 1.55 1.56
0.81 -0.54 -0.17 56.88 79.78 -15.89 1.90 -1.25 -0.40 1.67 1.49 1.53 1.57
0.90 -0.55 -0.16 51.21 57.59 -13.34 2.06 -1.25 -0.38 1.62 1.53 1.54 1.51
0.88 -0.54 -0.18 49.92 36.72 -6.76 2.01 -1.25 -0.41 1.67 1.51 1.53 1.54
0.95 -0.57 -0.14 32.26 38.77 -6.38 2.18 -1.32 -0.31 1.73 1.50 1.60 1.49
0.92 -0.53 -0.08 13.78 21.98 -3.46 2.05 -1.19 -0.16 1.70 1.50 1.59 1.50
0.81 -0.49 0.01 1.58 11.45 -10.88 1.87 -1.13 0.01 1.63 1.50 1.58 1.54
0.83 -0.54 0.04 0.07 12.36 -15.44 1.91 -1.23 0.08 1.64 1.52 1.55 1.53
0.86 -0.62 0.03 -8.95 4.69 -11.91 1.97 -1.42 0.05 1.60 1.59 1.51 1.54
0.86 -0.60 0.02 -22.13 1.06 -3.12 1.98 -1.38 0.05 1.60 1.52 1.53 1.51
0.82 -0.57 0.02 -21.31 -4.71 4.18 1.88 -1.30 0.05 1.67 1.55 1.57 1.55
0.86 -0.58 0.04 -25.02 -5.69 4.02 2.00 -1.34 0.09 1.62 1.53 1.51 1.53
0.91 -0.56 0.03 -24.80 -15.13 1.72 2.08 -1.29 0.07 1.72 1.54 1.54 1.57
0.87 -0.57 0.06 -18.54 -28.04 -0.70 2.01 -1.32 0.11 1.70 1.49 1.61 1.52
0.76 -0.56 0.18 -7.02 -37.94 -4.20 1.75 -1.29 0.41 1.63 1.53 1.57 1.50
0.76 -0.65 0.26 8.82 -37.35 -8.64 1.75 -1.48 0.63 1.71 1.52 1.50 1.54
0.78 -0.75 0.31 15.27 -42.27 -2.15 1.78 -1.74 0.72 1.70 1.52 1.51 1.55
0.77 -0.76 0.33 7.55 -44.40 9.79 1.76 -1.74 0.76 1.66 1.52 1.51 1.50
0.76 -0.72 0.28 5.41 -39.65 20.96 1.73 -1.64 0.64 1.65 1.58 1.55 1.49
0.76 -0.72 0.25 7.80 -38.79 28.03 1.74 -1.66 0.58 1.68 1.56 1.50 1.59
0.77 -0.67 0.23 8.57 -44.52 28.55 1.78 -1.53 0.53 1.63 1.57 1.58 1.52
0.86 -0.63 0.18 13.68 -52.22 24.88 2.00 -1.44 0.39 1.61 1.55 1.58 1.56
0.92 -0.59 0.14 25.93 -68.44 29.12 2.11 -1.36 0.32 1.68 1.55 1.52 1.55
0.89 -0.68 0.20 37.70 -82.22 39.60 2.03 -1.60 0.46 1.69 1.54 1.53 1.51
0.90 -0.67 0.25 40.69 -91.82 54.20 2.06 -1.55 0.58 1.62 1.53 1.54 1.56
0.71 -0.68 0.29 36.49 -100.52 69.59 1.63 -1.59 0.69 1.68 1.50 1.61 1.49
0.68 -0.60 0.35 38.08 -94.83 59.62 1.57 -1.37 0.82 1.67 1.55 1.55 1.50
0.90 -0.58 0.23 44.97 -83.43 58.11 2.07 -1.32 0.54 1.63 1.58 1.53 1.52
1.02 -0.68 0.19 47.68 -83.07 71.53 2.34 -1.60 0.45 1.61 1.57 1.56 1.51
1.16 -0.70 0.30 73.63 -165.24 88.95 2.66 -1.61 0.69 1.70 1.53 1.52 1.54
0.62 -0.55 0.19 49.96 -230.96 114.21 1.19 -1.37 0.48 1.68 1.54 1.58 1.55
0.18 -0.63 0.55 61.63 -207.02 76.73 0.45 -1.43 1.26 1.68 1.51 1.60 1.50
0.55 -0.35 0.66 54.57 -144.65 42.67 1.26 -0.81 1.51 1.61 1.59 1.50 1.56
0.79 -0.51 0.53 39.73 -109.79 57.13 1.82 -1.24 1.17 1.66 1.55 1.57 1.58
1.00 -0.58 0.53 40.92 -90.37 84.18 2.29 -1.34 1.21 1.70 1.50 1.59 1.52
1.10 -0.58 0.49 42.57 -95.51 113.32 2.52 -1.32 1.09 1.68 1.55 1.50 1.59
1.02 -0.53 0.39 55.51 -120.81 147.55 2.33 -1.21 0.88 1.67 1.51 1.52 1.54
0.63 -0.38 0.52 67.24 -159.35 175.53 1.45 -0.88 1.02 1.63 1.51 1.53 1.53
0.20 -0.43 0.45 103.84 -184.47 122.02 0.51 -1.00 1.12 1.71 1.52 1.56 1.56
0.51 -0.38 0.70 127.52 -146.91 58.96 1.17 -0.88 1.60 1.71 1.53 1.51 1.55
0.78 -0.33 0.66 126.69 -132.84 43.85 1.84 -0.76 1.48 1.66 1.52 1.58 1.52
1.08 -0.58 0.67 139.90 -132.09 89.64 2.47 -1.34 1.54 1.72 1.54 1.58 1.58
1.12 -0.66 0.67 120.91 -135.34 150.88 2.68 -1.54 1.41 1.71 1.55 1.61 1.56
0.93 -0.58 0.32 110.03 -170.10 214.50 1.90 -1.32 0.73 1.69 1.59 1.59 1.51
-0.01 -0.51 0.32 115.59 -180.85 205.24 -0.01 -1.17 0.74 1.61 1.62 1.56 1.61
0.06 -0.62 0.68 171.27 -167.04 141.80 0.12 -1.35 1.78 1.68 1.58 1.61 1.56
0.24 -0.36 1.10 154.13 -89.36 78.75 0.55 -0.84 2.53 1.60 1.61 1.61 1.54
0.46 -0.43 1.01 134.51 -30.72 69.72 1.12 -0.88 2.33 1.69 1.53 1.71 1.59
0.82 -0.57 1.06 101.32 0.94 97.84 1.89 -1.31 2.44 1.67 1.56 1.74 1.58
0.82 -0.60 0.93 70.59 17.24 148.13 1.80 -1.39 2.15 1.66 1.63 1.77 1.62
0.87 -0.61 0.85 38.54 10.40 181.97 1.94 -1.29 1.95 1.71 1.72 1.73 1.64
0.46 -0.70 0.71 33.32 0.88 178.66 1.05 -1.60 1.62 1.70 1.77 1.77 1.67
0.22 -0.51 0.66 36.92 -6.01 151.93 0.56 -1.19 1.55 1.70 1.81 1.77 1.74
0.36 -0.49 0.70 16.26 -17.52 111.78 0.84 -1.12 1.62 1.66 1.75 1.81 1.73
0.52 -0.58 0.96 -42.01 0.69 93.86 1.15 -1.39 2.29 1.63 1.80 1.85 1.73
0.61 -0.60 1.09 -113.89 36.06 96.43 1.45 -1.36 2.50 1.72 1.79 1.84 1.81
0.72 -0.54 0.88 -145.96 67.57 109.46 1.65 -1.24 2.02 1.68 1.89 1.95 1.82
0.78 -0.27 0.82 -144.96 74.82 133.04 1.69 -0.96 1.75 1.63 1.84 1.89 1.79
0.51 -0.01 0.82 -178.58 126.91 153.11 1.17 -0.01 1.88 1.67 2.00 1.89 1.91
0.36 0.07 0.72 -158.37 134.78 123.65 0.76 0.13 1.68 1.69 1.93 2.04 1.90
0.44 0.03 0.59 -162.52 124.71 71.16 1.00 0.06 1.36 1.66 1.99 2.07 1.87
0.67 0.04 0.56 -193.88 133.37 62.73 1.53 0.09 1.28 1.71 1.97 2.01 1.92
0.86 -0.02 0.50 -209.03 155.57 69.72 2.06 0.02 1.18 1.72 1.94 2.01 1.97
0.89 0.12 0.48 -198.78 157.40 84.95 2.04 0.28 1.11 1.67 2.03 2.13 1.98
0.68 0.22 0.57 -169.68 165.72 75.10 1.48 0.52 1.26 1.75 2.04 2.13 2.00
0.64 0.32 0.48 -150.13 184.26 53.72 1.46 0.74 1.09 1.64 2.12 2.14 2.00
0.51 0.38 0.59 -137.01 216.49 36.30 1.16 0.88 1.25 1.68 2.10 2.19 2.04
0.63 0.42 0.36 -123.68 245.10 6.05 1.53 0.93 0.76 1.78 2.08 2.29 2.01
0.89 0.32 0.09 -115.77 237.33 -10.87 2.05 0.73 0.21 1.65 2.14 2.26 2.07
1.08 0.34 -0.02 -101.11 224.44 -8.14 2.42 0.73 -0.06 1.75 2.22 2.26 2.11
1.02 0.30 -0.03 -65.82 198.11 -0.88 2.34 0.69 -0.07 1.72 2.22 2.27 2.13
0.81 0.27 0.03 -46.53 181.55 -3.64 1.84 0.61 0.04 1.74 2.22 2.19 2.18
0.78 0.27 -0.02 -30.64 186.13 -11.59 1.84 0.61 -0.04 1.76 2.24 2.28 2.13
0.89 0.29 0.02 -12.95 195.55 -7.68 2.05 0.67 0.04 1.78 2.15 2.33 2.06
0.92 0.29 -0.06 10.07 194.75 -2.49 2.13 0.69 -0.12 1.76 2.30 2.21 2.06
1.00 0.29 -0.12 51.09 182.27 8.38 2.30 0.66 -0.28 1.75 2.22 2.24 2.18
1.02 0.24 -0.33 84.04 141.01 14.03 2.37 0.56 -0.76 1.73 2.32 2.19 2.15
1.03 0.20 -0.39 103.13 100.17 18.30 2.36 0.45 -0.90 1.83 2.16 2.28 2.13
1.04 0.17 -0.38 109.86 61.25 18.76 2.40 0.38 -0.87 1.75 2.33 2.19 2.17
0.93 0.13 -0.35 91.93 35.34 24.28 2.12 0.27 -0.78 1.80 2.19 2.21 2.08
0.86 0.10 -0.27 60.87 38.63 32.01 1.97 0.22 -0.61 1.90 2.25 2.19 2.10
0.81 0.08 -0.22 43.45 57.33 43.13 1.86 0.20 -0.51 1.83 2.20 2.30 2.09
0.92 0.14 -0.33 22.65 72.55 42.13 2.12 0.33 -0.77 1.92 2.24 2.20 2.10
1.02 0.23 -0.45 14.43 65.61 33.16 2.42 0.56 -1.07 1.98 2.16 2.32 2.05
1.04 0.23 -0.46 14.69 45.32 30.44 2.38 0.43 -1.02 1.90 2.18 2.29 2.06
0.88 0.22 -0.32 3.39 30.19 21.84 2.02 0.50 -0.74 1.97 2.17 2.21 2.09
0.82 0.28 -0.25 -3.50 34.30 15.57 1.88 0.67 -0.58 1.91 2.25 2.21 2.07
0.93 0.32 -0.34 -0.55 41.90 14.07 2.15 0.73 -0.77 2.03 2.12 2.33 2.06
1.04 0.25 -0.43 10.26 29.48 16.00 2.40 0.55 -0.98 2.00 2.18 2.19 2.08
0.97 0.19 -0.36 10.36 5.61 17.75 2.18 0.43 -0.80 2.00 2.23 2.18 2.13
0.87 0.24 -0.29 0.94 2.36 16.91 1.99 0.55 -0.67 2.01 2.15 2.30 2.07
0.89 0.38 -0.32 -3.12 8.31 9.21 2.05 0.87 -0.74 1.93 2.26 2.14 2.18
0.93 0.33 -0.33 4.08 12.22 2.59 2.12 0.75 -0.75 2.03 2.24 2.26 2.12
0.93 0.23 -0.32 7.35 5.01 -0.94 2.13 0.53 -0.74 2.00 2.17 2.30 2.07
0.94 0.21 -0.32 5.01 -4.96 -1.42 2.14 0.49 -0.73 2.01 2.18 2.22 2.12
0.90 0.21 -0.27 -0.60 -8.84 1.48 2.08 0.48 -0.63 1.95 2.18 2.23 2.15
0.84 0.23 -0.21 -4.28 -9.35 1.04 1.92 0.52 -0.46 2.04 2.22 2.20 2.11
0.82 0.25 -0.16 -10.45 0.08 -1.96 1.89 0.60 -0.39 1.97 2.27 2.14 2.18
0.92 0.27 -0.22 -8.37 6.34 -5.73 2.11 0.61 -0.50 2.03 2.19 2.25 2.11
0.98 0.24 -0.27 -5.16 4.37 -6.44 2.26 0.56 -0.63 2.00 2.21 2.17 2.14
1.00 0.28 -0.31 1.50 -4.55 -6.67 2.29 0.64 -0.72 1.95 2.26 2.14 2.17
0.96 0.26 -0.28 8.01 -12.20 -6.63 2.20 0.60 -0.65 2.03 2.16 2.21 2.08
0.82 0.19 -0.17 8.11 -15.35 -6.95 1.86 0.44 -0.36 1.97 2.14 2.19 2.04
0.85 0.24 -0.13 2.03 -4.31 -8.24 1.94 0.56 -0.30 2.04 2.14 2.15 2.04
0.97 0.22 -0.19 3.77 0.75 -8.57 2.23 0.48 -0.45 2.03 2.15 2.27 2.04
1.00 0.17 -0.20 0.55 -3.91 -6.84 2.29 0.40 -0.47 2.03 2.20 2.21 2.06
0.98 0.23 -0.19 0.28 -8.22 -5.50 2.26 0.54 -0.43 1.93 2.25 2.14 2.16
0.92 0.19 -0.13 2.62 -7.24 -4.60 2.10 0.42 -0.29 1.97 2.18 2.30 2.07
0.92 0.20 -0.15 -0.24 -0.71 -2.34 2.11 0.46 -0.34 1.95 2.21 2.21 2.11
0.97 0.24 -0.21 1.41 1.62 0.63 2.24 0.55 -0.49 1.97 2.19 2.18 2.08
0.96 0.25 -0.22 4.79 -2.90 0.29 2.19 0.55 -0.50 1.97 2.22 2.14 2.13
0.93 0.24 -0.19 3.33 -3.15 0.11 2.14 0.55 -0.45 2.05 2.12 2.29 2.03
0.97 0.26 -0.23 5.77 -4.01 0.20 2.24 0.59 -0.51 1.98 2.19 2.19 2.06
0.90 0.17 -0.15 6.30 -5.63 1.28 2.06 0.37 -0.33 2.01 2.16 2.19 2.08
0.92 0.23 -0.16 -1.16 0.68 2.64 2.12 0.53 -0.36 1.93 2.21 2.20 2.07
0.99 0.29 -0.23 2.30 2.49 1.27 2.27 0.65 -0.53 1.97 2.13 2.24 2.14
0.94 0.21 -0.19 6.89 -2.84 0.29 2.14 0.48 -0.44 1.99 2.14 2.26 2.03
0.94 0.26 -0.22 5.49 -2.35 1.03 2.16 0.59 -0.52 1.98 2.23 2.20 2.04
0.97 0.24 -0.22 9.89 -5.88 1.86 2.20 0.52 -0.49 2.02 2.21 2.14 2.11
0.89 0.13 -0.15 7.41 -9.10 7.75 2.03 0.30 -0.35 2.04 2.14 2.21 2.08
0.91 0.27 -0.20 0.09 -4.02 10.48 2.10 0.62 -0.50 2.02 2.21 2.13 2.07
0.96 0.32 -0.26 6.78 -4.70 8.91 2.19 0.73 -0.59 1.93 2.13 2.21 2.12
0.94 0.28 -0.28 11.02 -8.82 4.73 2.16 0.64 -0.63 1.91 2.22 2.19 2.10
1.01 0.37 -0.36 9.30 -13.40 -0.45 2.33 0.87 -0.84 2.02 2.16 2.16 2.08
1.08 0.41 -0.47 22.92 -28.07 -3.26 2.50 0.96 -1.07 1.91 2.20 2.22 2.03
1.19 0.55 -0.63 41.08 -53.03 -8.86 2.72 1.26 -1.44 1.92 2.12 2.26 2.02
1.25 0.63 -0.73 74.25 -90.89 -21.65 2.85 1.40 -1.68 1.90 2.26 2.16 2.10
1.11 0.43 -0.71 102.66 -146.84 -33.87 2.55 0.98 -1.62 1.87 2.18 2.27 2.01
1.01 0.51 -0.66 107.20 -182.18 -45.62 2.34 1.20 -1.52 1.85 2.19 2.24 2.13
0.93 0.57 -0.67 125.99 -215.16 -68.92 2.14 1.32 -1.53 1.89 2.19 2.15 2.07
0.81 0.62 -0.67 146.41 -235.79 -84.81 1.86 1.43 -1.48 1.93 2.11 2.21 2.05
0.63 0.56 -0.63 182.34 -274.61 -116.25 1.49 1.41 -1.62 1.85 2.12 2.18 2.10
0.44 0.75 -0.67 219.50 -286.72 -137.28 1.01 1.71 -1.53 1.79 2.18 2.10 2.06
0.29 0.65 -0.54 253.21 -286.72 -159.62 0.73 1.46 -1.29 1.82 2.03 2.12 2.08
0.22 0.66 -0.37 284.19 -286.72 -195.24 0.50 1.53 -0.85 1.78 2.00 2.14 2.04
0.06 0.48 -0.19 286.68 -286.72 -229.17 0.18 0.93 -0.38 1.72 2.06 2.11 1.98
0.02 0.09 0.20 286.68 -286.72 -280.27 0.04 0.20 0.45 1.75 2.00 2.02 1.96
-0.07 -0.17 0.46 286.68 -286.72 -286.72 -0.16 -0.39 1.05 1.79 2.00 2.08 1.91
-0.20 -0.46 0.70 286.68 -286.72 -286.72 -0.40 -1.13 1.66 1.81 1.90 1.95 1.93
-0.20 -0.70 0.87 286.68 -233.87 -286.72 -0.47 -1.61 1.99 1.68 1.88 1.97 1.79
-0.11 -0.85 1.13 262.46 -166.75 -282.07 -0.22 -1.95 2.65 1.71 1.88 1.95 1.82
-0.14 -0.89 1.25 223.30 -113.77 -286.67 -0.32 -2.04 2.86 1.76 1.77 1.88 1.73
-0.27 -1.00 1.24 201.60 -52.53 -286.72 -0.58 -2.42 2.74 1.67 1.74 1.84 1.66
-0.07 -1.78 1.09 138.28 -40.99 -286.72 -0.17 -4.09 2.50 1.63 1.80 1.71 1.65
0.14 -1.93 1.09 34.01 -32.72 -233.70 0.32 -4.42 2.50 1.68 1.70 1.68 1.69
0.11 -1.84 0.91 -82.92 -29.35 -185.96 0.22 -4.19 2.12 1.66 1.66 1.70 1.66
0.22 -1.51 1.04 -153.20 11.16 -166.92 0.50 -3.46 2.39 1.72 1.67 1.62 1.59
-0.26 -1.02 1.40 -200.46 83.68 -185.04 -0.49 -2.38 3.11 1.62 1.60 1.61 1.56
0.11 -0.78 1.11 -188.62 193.14 -229.30 0.24 -1.79 2.55 1.63 1.56 1.57 1.59
-0.21 -0.39 0.69 -149.62 237.93 -266.81 -0.51 -0.87 1.62 1.69 1.54 1.62 1.52
0.08 -0.75 0.77 -66.07 286.68 -278.66 0.18 -1.71 1.76 1.60 1.58 1.58 1.52
0.35 -1.06 0.92 -54.91 286.68 -258.40 0.81 -2.43 2.11 1.60 1.54 1.60 1.55
0.32 -1.30 0.83 -109.16 272.44 -221.06 0.78 -2.99 1.83 1.60 1.58 1.52 1.56
0.18 -1.14 0.68 -177.79 268.57 -182.51 0.41 -2.63 1.55 1.65 1.54 1.56 1.53
0.03 -0.87 0.70 -191.92 286.68 -161.93 0.13 -2.09 1.58 1.66 1.55 1.55 1.53
0.01 -0.76 0.57 -178.81 286.68 -150.54 0.03 -1.74 1.32 1.60 1.53 1.55 1.53
-0.09 -1.03 0.54 -159.75 286.68 -146.22 0.11 -2.29 1.31 1.59 1.53 1.58 1.49
0.24 -1.11 0.59 -158.26 286.68 -103.43 0.56 -2.56 1.35 1.63 1.57 1.50 1.55
0.11 -1.02 0.29 -160.06 286.68 -51.47 0.26 -2.35 0.66 1.67 1.51 1.53 1.55
0.64 -1.02 0.72 -153.33 286.68 -71.80 1.30 -2.22 1.43 1.65 1.58 1.50 1.53
0.51 -0.84 0.28 -159.13 286.68 -28.23 1.18 -1.93 0.64 1.63 1.54 1.56 1.53
0.59 -1.13 0.25 -148.92 286.68 48.12 1.79 -2.42 0.70 1.63 1.55 1.53 1.49
0.55 -0.69 0.04 -126.94 252.28 -10.88 1.27 -1.58 0.10 1.61 1.56 1.56 1.51
0.60 -0.83 0.14 -70.13 238.30 -15.86 1.42 -1.97 0.30 1.67 1.54 1.56 1.53
0.82 -0.75 0.16 -39.38 225.91 -0.09 1.76 -1.59 0.33 1.64 1.55 1.49 1.57
0.70 -0.70 0.03 -36.19 173.77 -10.11 1.61 -1.60 0.06 1.64 1.52 1.52 1.51
0.89 -0.78 0.21 -17.11 157.10 -4.67 2.04 -1.72 0.52 1.65 1.53 1.57 1.53
0.73 -0.71 0.11 -20.88 116.34 -18.47 1.67 -1.62 0.26 1.66 1.49 1.61 1.47
0.77 -0.69 0.10 -3.55 98.21 -18.44 1.74 -1.59 0.21 1.58 1.57 1.53 1.52
0.76 -0.70 0.02 9.62 82.70 -15.23 1.72 -1.60 0.06 1.64 1.53 1.55 1.53
0.82 -0.73 0.01 20.76 68.06 -12.98 1.87 -1.68 0.02 1.61 1.53 1.56 1.52
0.78 -0.77 -0.06 34.64 51.60 -8.58 1.81 -1.74 -0.08 1.62 1.53 1.56 1.52
0.80 -0.75 -0.03 34.91 19.77 -12.87 1.83 -1.71 -0.07 1.60 1.54 1.58 1.56
0.76 -0.73 0.05 32.55 -4.17 -11.22 1.75 -1.64 0.13 1.58 1.54 1.55 1.52
0.74 -0.70 0.12 20.36 -5.30 -2.54 1.71 -1.61 0.27 1.58 1.59 1.52 1.54
0.71 -0.66 0.16 13.99 3.02 5.59 1.62 -1.50 0.37 1.62 1.52 1.59 1.50
0.72 -0.62 0.15 -3.81 11.74 15.58 1.67 -1.41 0.35 1.64 1.53 1.53 1.55
0.75 -0.55 0.09 -11.73 18.33 17.65 1.72 -1.27 0.21 1.64 1.52 1.54 1.55
0.84 -0.50 0.06 -11.22 19.25 16.55 1.93 -1.15 0.13 1.60 1.57 1.51 1.57
0.89 -0.48 0.02 -8.75 6.64 14.34 2.04 -1.10 0.05 1.61 1.53 1.53 1.53
0.86 -0.48 0.06 -4.39 -8.80 8.51 1.98 -1.10 0.13 1.67 1.49 1.61 1.49
0.82 -0.52 0.12 -7.92 -20.68 0.36 1.88 -1.20 0.29 1.67 1.50 1.62 1.50
0.78 -0.51 0.17 -11.59 -30.42 -5.57 1.79 -1.17 0.39 1.62 1.52 1.53 1.54
0.74 -0.52 0.22 -4.32 -32.39 -7.33 1.63 -1.27 0.51 1.69 1.50 1.55 1.55
0.71 -0.60 0.25 1.64 -26.69 -6.68 1.52 -1.24 0.61 1.63 1.55 1.59 1.52
0.65 -0.62 0.37 10.98 -19.37 -9.40 1.50 -1.42 0.84 1.61 1.51 1.62 1.53
0.72 -0.72 0.36 6.84 -13.27 -9.68 1.67 -1.67 0.82 1.59 1.59 1.51 1.53
0.74 -0.77 0.35 -3.45 -15.09 -2.87 1.69 -1.76 0.80 1.66 1.53 1.50 1.54
0.75 -0.77 0.33 -9.73 -13.25 4.15 1.71 -1.74 0.75 1.66 1.59 1.51 1.53
0.71 -0.74 0.32 -11.16 -11.81 10.50 1.63 -1.70 0.72 1.60 1.52 1.54 1.52
0.72 -0.71 0.30 -9.87 -8.89 11.05 1.66 -1.62 0.69 1.64 1.55 1.54 1.54
0.76 -0.66 0.26 -7.74 -9.47 12.71 1.72 -1.51 0.59 1.66 1.50 1.55 1.55
0.73 -0.63 0.27 -3.19 -13.55 11.88 1.67 -1.44 0.62 1.68 1.58 1.59 1.56
0.74 -0.65 0.25 2.41 -14.77 7.74 1.70 -1.50 0.54 1.68 1.50 1.61 1.50
0.78 -0.69 0.22 4.24 -18.78 7.16 1.79 -1.59 0.50 1.65 1.54 1.54 1.54
0.80 -0.72 0.18 10.89 -25.59 11.30 1.84 -1.66 0.41 1.61 1.54 1.57 1.56
0.77 -0.75 0.16 16.52 -35.65 15.08 1.75 -1.70 0.36 1.62 1.53 1.53 1.53
0.78 -0.72 0.16 17.68 -45.95 18.60 1.80 -1.66 0.37 1.67 1.56 1.58 1.53
0.81 -0.70 0.13 21.99 -55.78 23.84 1.86 -1.61 0.29 1.66 1.53 1.55 1.55
0.80 -0.67 0.09 28.17 -73.88 29.68 1.84 -1.52 0.22 1.65 1.53 1.53 1.55
0.87 -0.68 0.03 45.57 -93.62 35.21 2.00 -1.55 0.07 1.68 1.54 1.56 1.55
0.94 -0.74 0.08 55.29 -129.18 48.79 2.07 -1.67 0.00 1.63 1.56 1.58 1.55
0.92 -0.78 0.01 58.40 -177.61 65.25 2.12 -1.79 0.02 1.64 1.55 1.55 1.53
0.87 -0.70 0.04 55.04 -225.71 84.71 1.92 -1.63 0.14 1.66 1.56 1.53 1.54
0.61 -0.76 0.01 63.74 -253.69 80.95 1.51 -1.74 0.22 1.65 1.52 1.55 1.56
0.62 -0.60 0.23 86.34 -261.55 70.20 1.41 -1.38 0.52 1.66 1.55 1.58 1.53
0.35 -0.56 0.29 105.76 -253.33 62.95 0.72 -1.26 0.69 1.66 1.54 1.57 1.53
0.51 -0.73 0.49 144.83 -225.14 55.98 1.16 -1.67 1.13 1.66 1.53 1.61 1.54
0.72 -0.87 0.58 145.93 -210.24 77.67 1.63 -2.14 1.31 1.70 1.54 1.62 1.52
0.97 -1.04 0.60 133.20 -212.07 128.70 2.19 -2.40 1.39 1.67 1.57 1.57 1.53
0.96 -1.11 0.63 94.54 -233.11 187.85 2.21 -2.54 1.44 1.66 1.55 1.62 1.54
0.63 -1.01 0.46 57.32 -286.72 229.44 1.45 -2.20 1.03 1.66 1.55 1.64 1.53
0.18 -0.73 0.40 56.99 -286.72 223.26 0.41 -1.68 0.91 1.64 1.53 1.63 1.53
0.10 -0.60 0.47 107.11 -286.72 182.73 0.19 -1.39 1.10 1.69 1.54 1.66 1.53
0.15 -0.51 0.79 141.18 -248.63 151.16 0.34 -1.18 1.80 1.66 1.56 1.67 1.57
0.39 -0.75 0.96 149.91 -203.61 163.18 1.09 -1.63 2.23 1.68 1.55 1.67 1.55
0.46 -0.85 1.02 123.93 -152.37 195.16 1.00 -1.94 2.34 1.66 1.57 1.68 1.57
0.45 -0.95 1.08 119.49 -129.95 225.60 1.02 -2.17 2.48 1.66 1.58 1.69 1.58
0.12 -0.84 1.00 85.00 -91.01 232.65 0.25 -1.88 2.38 1.70 1.61 1.74 1.60
0.05 -0.79 1.08 87.46 -59.22 205.69 0.11 -1.80 2.48 1.67 1.63 1.74 1.66
-0.11 -1.00 1.21 52.08 -23.11 162.30 -0.18 -2.30 2.79 1.62 1.66 1.76 1.66
0.13 -0.97 1.28 -31.40 22.00 125.30 0.30 -2.23 2.93 1.66 1.69 1.77 1.70
0.27 -0.77 1.24 -116.44 66.09 112.30 0.62 -1.77 2.78 1.65 1.75 1.84 1.70
0.48 -0.60 1.14 -190.15 107.28 121.05 1.16 -1.32 2.57 1.66 1.79 1.87 1.76
0.51 -0.47 1.17 -182.32 128.60 120.24 1.16 -1.08 2.68 1.69 1.85 1.89 1.77
0.37 -0.47 0.92 -156.20 138.63 110.25 0.87 -1.32 2.14 1.69 1.88 1.97 1.81
0.20 -0.51 0.84 -190.20 183.19 115.67 0.46 -1.18 1.93 1.71 1.95 2.01 1.88
0.34 -0.24 0.62 -248.74 207.94 123.69 0.79 -0.70 1.33 1.61 2.02 1.95 1.94
0.45 -0.05 0.55 -286.72 237.45 107.33 1.04 -0.12 1.26 1.67 2.01 2.09 1.92
0.54 0.19 0.42 -286.72 276.27 106.87 1.23 0.44 0.95 1.70 1.99 2.03 1.94
0.61 0.60 0.28 -274.51 285.61 107.58 1.50 1.35 0.67 1.73 2.00 2.09 2.01
0.76 0.68 0.16 -207.34 267.41 94.25 1.74 1.56 0.37 1.65 2.01 2.07 1.97
0.94 0.70 0.11 -125.27 226.19 79.76 2.11 1.61 0.24 1.67 2.09 2.12 1.98
0.78 0.57 0.18 -51.81 183.66 68.71 1.79 1.31 0.41 1.67 2.13 2.19 1.98
0.65 0.41 0.13 -26.58 168.54 38.68 1.54 0.89 0.26 1.63 2.17 2.09 2.07
0.82 0.37 0.12 -38.67 186.33 16.57 1.91 0.84 0.26 1.72 2.08 2.17 2.05
1.01 0.39 0.11 -41.91 189.64 16.62 2.31 0.90 0.25 1.63 2.17 2.18 2.07
0.88 0.32 0.14 -21.81 174.62 21.75 1.97 0.81 0.31 1.65 2.14 2.30 2.11
0.79 0.39 0.13 6.05 180.02 20.90 1.82 0.90 0.29 1.67 2.25 2.27 2.11
0.74 0.34 0.16 26.69 185.68 12.66 1.74 0.80 0.31 1.62 2.13 2.20 2.09
0.82 0.29 0.01 41.42 186.20 -0.85 1.89 0.66 0.03 1.70 2.27 2.18 2.13
0.91 0.26 -0.16 49.24 171.96 -1.75 2.10 0.60 -0.33 1.69 2.25 2.28 2.08
0.98 0.22 -0.20 61.98 150.10 6.40 2.27 0.49 -0.44 1.65 2.21 2.26 2.06
1.17 0.25 -0.30 68.94 126.60 8.21 2.67 0.57 -0.69 1.69 2.19 2.25 2.12
1.18 0.18 -0.30 74.15 95.18 14.08 2.66 0.41 -0.69 1.75 2.16 2.35 2.07
1.04 0.08 -0.25 67.99 66.29 19.74 2.39 0.19 -0.57 1.78 2.16 2.32 2.06
0.86 0.09 -0.22 47.42 50.46 16.17 1.96 0.23 -0.51 1.68 2.29 2.17 2.16
0.90 0.22 -0.22 17.48 56.26 6.24 2.06 0.43 -0.52 1.77 2.29 2.22 2.07
0.97 0.23 -0.27 20.77 61.07 6.37 2.22 0.52 -0.62 1.74 2.16 2.28 2.17
1.03 0.12 -0.31 24.80 50.30 6.13 2.29 0.23 -0.67 1.85 2.14 2.26 2.16
1.07 0.07 -0.28 15.85 34.71 7.07 2.45 0.17 -0.65 1.89 2.18 2.17 2.14
0.98 0.10 -0.29 12.22 16.31 11.66 2.24 0.23 -0.67 1.88 2.26 2.26 2.15
0.93 0.11 -0.22 5.31 13.28 11.45 2.13 0.22 -0.50 1.88 2.25 2.27 2.14
0.89 0.16 -0.20 2.56 14.88 12.43 2.04 0.37 -0.45 1.84 2.29 2.16 2.18
0.82 0.11 -0.15 2.02 14.94 16.62 1.89 0.23 -0.35 1.97 2.19 2.17 2.13
0.91 0.13 -0.16 -4.72 23.78 18.06 2.08 0.31 -0.38 1.89 2.20 2.18 2.14
1.05 0.19 -0.30 1.46 19.99 18.06 2.41 0.42 -0.63 2.00 2.14 2.25 2.12
1.08 0.19 -0.27 11.25 1.49 17.29 2.49 0.44 -0.63 1.94 2.18 2.19 2.19
0.95 0.16 -0.24 15.16 -9.79 12.83 2.19 0.36 -0.55 1.92 2.25 2.19 2.08
0.93 0.17 -0.19 12.09 -13.82 5.46 2.14 0.39 -0.44 1.92 2.24 2.23 2.08
0.87 0.15 -0.14 8.83 -10.83 0.53 2.01 0.33 -0.32 2.03 2.12 2.30 2.06
0.89 0.09 -0.11 2.47 1.36 0.42 2.05 0.22 -0.26 2.00 2.13 2.25 2.12
0.97 0.09 -0.13 -4.24 7.66 3.81 2.22 0.20 -0.31 2.07 2.16 2.20 2.17
0.98 0.12 -0.14 -9.00 5.17 8.81 2.26 0.27 -0.33 2.01 2.27 2.21 2.07
1.07 0.24 -0.24 -6.40 -0.23 11.41 2.46 0.54 -0.53 1.97 2.21 2.26 2.14
1.07 0.28 -0.21 4.07 -13.97 5.93 2.45 0.66 -0.48 1.98 2.16 2.27 2.05
0.93 0.22 -0.09 11.77 -21.24 -2.65 2.14 0.51 -0.21 1.98 2.19 2.23 2.14
0.80 0.16 0.02 10.19 -12.67 -10.97 1.85 0.37 0.05 2.05 2.18 2.19 2.12
0.90 0.10 -0.01 4.96 4.62 -9.14 2.07 0.22 -0.02 1.99 2.15 2.26 2.05
1.00 0.09 -0.08 -2.81 10.58 -2.14 2.31 0.23 -0.21 1.94 2.19 2.20 2.08
1.12 0.20 -0.19 -6.27 6.12 2.62 2.58 0.48 -0.44 2.02 2.23 2.14 2.13
1.11 0.26 -0.22 -1.91 -7.66 -1.07 2.55 0.60 -0.50 1.98 2.19 2.18 2.12
1.00 0.24 -0.14 3.28 -15.68 -7.53 2.27 0.54 -0.30 2.06 2.20 2.15 2.08
0.91 0.18 -0.07 7.36 -12.86 -11.19 2.10 0.42 -0.17 2.06 2.20 2.16 2.11
0.88 0.08 -0.04 7.65 -4.86 -8.75 2.03 0.19 -0.08 2.06 2.23 2.23 2.07
0.91 0.08 -0.06 0.63 5.19 -1.95 2.10 0.18 -0.13 2.00 2.15 2.19 2.10
0.99 0.15 -0.13 -7.02 9.32 2.94 2.26 0.35 -0.29 2.04 2.12 2.25 2.05
1.05 0.23 -0.17 -4.26 4.40 3.64 2.41 0.53 -0.38 2.06 2.24 2.24 2.12
1.01 0.20 -0.14 1.44 -3.12 0.41 2.31 0.45 -0.31 1.96 2.25 2.18 2.05
1.00 0.17 -0.12 3.75 -5.49 -1.62 2.29 0.39 -0.27 1.99 2.12 2.27 2.04
0.99 0.17 -0.10 4.45 -7.69 -2.14 2.25 0.38 -0.22 2.00 2.13 2.21 2.11
0.89 0.14 -0.03 5.92 -5.04 -0.68 2.04 0.31 -0.07 2.06 2.19 2.13 2.07
0.88 0.12 -0.02 3.29 4.06 2.69 2.02 0.28 -0.05 2.01 2.23 2.23 2.05
0.96 0.13 -0.07 -0.41 10.80 6.20 2.22 0.32 -0.18 1.92 2.24 2.14 2.15
1.04 0.22 -0.15 -2.37 7.49 6.20 2.39 0.51 -0.34 1.96 2.19 2.21 2.06
1.00 0.21 -0.13 1.29 2.08 2.75 2.30 0.48 -0.30 2.02 2.13 2.26 2.04
1.01 0.18 -0.14 4.22 -1.87 0.79 2.32 0.42 -0.32 1.98 2.13 2.25 2.02
0.97 0.20 -0.13 7.31 -4.62 0.46 2.23 0.46 -0.30 1.95 2.14 2.16 2.04
0.91 0.18 -0.09 10.37 -4.08 0.15 2.08 0.41 -0.19 1.98 2.16 2.16 2.12
0.86 0.13 -0.03 9.76 4.06 0.72 1.98 0.30 -0.07 1.99 2.12 2.23 2.14
0.95 0.12 -0.07 5.40 12.24 3.52 2.19 0.28 -0.16 1.93 2.24 2.16 2.06
1.02 0.13 -0.13 2.69 10.26 7.20 2.37 0.31 -0.30 2.03 2.08 2.23 2.04
1.03 0.22 -0.18 3.57 3.23 6.80 2.38 0.50 -0.41 2.04 2.12 2.20 2.16
1.01 0.26 -0.20 12.11 -2.00 4.59 2.32 0.60 -0.47 2.01 2.18 2.11 2.08
0.99 0.25 -0.23 21.18 -8.65 0.51 2.26 0.59 -0.52 2.01 2.18 2.21 2.07
1.02 0.35 -0.31 28.45 -14.54 -5.55 2.35 0.81 -0.71 1.99 2.22 2.15 2.08
1.07 0.39 -0.39 41.78 -26.56 -13.68 2.47 0.90 -0.89 1.93 2.26 2.13 2.15
1.03 0.45 -0.44 43.28 -45.02 -31.05 2.36 1.03 -1.02 1.92 2.18 2.20 2.05
1.04 0.65 -0.50 46.14 -60.73 -56.51 2.41 1.46 -1.14 2.00 2.13 2.18 2.07
0.98 0.54 -0.49 73.06 -81.08 -82.31 2.24 1.23 -1.13 1.95 2.18 2.21 2.06
0.98 0.40 -0.47 88.93 -104.77 -94.94 2.25 0.91 -1.08 1.91 2.13 2.27 2.01
0.97 0.38 -0.52 97.82 -130.03 -102.93 2.23 0.85 -1.15 1.90 2.23 2.14 2.02
0.90 0.40 -0.47 113.97 -170.66 -115.54 2.06 0.92 -1.08 1.87 2.19 2.14 2.09
0.66 0.47 -0.52 123.78 -195.34 -125.38 1.71 1.09 -1.30 1.82 2.15 2.27 2.04
0.63 0.52 -0.39 145.62 -208.93 -140.70 1.46 1.20 -0.89 1.87 2.15 2.20 2.02
0.44 0.46 -0.32 149.58 -219.90 -176.17 1.02 1.03 -0.62 1.82 2.06 2.13 1.98
0.45 0.25 -0.13 131.94 -224.28 -209.96 1.03 0.57 -0.30 1.82 2.01 2.06 1.97
0.47 0.17 -0.00 112.30 -231.77 -236.29 1.09 0.39 0.07 1.77 2.03 2.13 1.96
0.64 0.12 0.12 131.79 -243.22 -249.10 1.35 0.23 0.23 1.76 1.97 2.08 1.94
0.52 -0.07 0.29 163.61 -249.09 -253.65 1.20 -0.15 0.66 1.80 1.96 2.03 1.87
0.35 -0.18 0.57 182.95 -254.98 -252.75 0.79 -0.42 1.39 1.82 1.84 1.93 1.87
0.18 -0.34 0.61 187.03 -233.23 -254.56 0.42 -0.77 1.41 1.78 1.80 1.96 1.75
0.12 -0.40 0.77 175.46 -182.60 -265.50 0.25 -1.00 1.80 1.72 1.86 1.76 1.80
-0.00 -0.61 0.92 151.75 -127.99 -285.92 -0.00 -1.40 2.11 1.79 1.73 1.81 1.70
-0.08 -0.77 0.99 110.02 -91.70 -286.72 -0.18 -1.77 2.27 1.70 1.72 1.74 1.71
0.15 -1.02 0.91 20.65 -100.74 -286.72 0.38 -2.35 2.07 1.71 1.72 1.77 1.67
0.39 -0.90 0.79 -28.50 -106.50 -286.72 0.89 -2.06 1.81 1.78 1.66 1.69 1.65
0.55 -0.85 1.01 -28.88 -47.13 -281.88 1.24 -1.88 2.45 1.73 1.62 1.69 1.64
-0.06 -0.78 1.45 -14.40 26.28 -268.33 -0.13 -1.79 3.33 1.65 1.67 1.61 1.62
0.21 -0.88 1.54 33.45 57.17 -262.54 0.74 -1.89 3.72 1.72 1.64 1.61 1.59
-0.11 -0.99 1.23 26.83 61.68 -271.75 -0.24 -2.28 2.83 1.70 1.56 1.55 1.60
-0.01 -1.07 0.90 15.79 107.99 -280.30 -0.03 -2.45 2.06 1.65 1.54 1.53 1.52
0.10 -1.26 1.00 -0.36 160.10 -255.79 0.24 -2.89 2.21 1.67 1.53 1.64 1.52
0.21 -1.43 0.89 -41.81 173.28 -209.91 0.49 -3.27 2.05 1.65 1.56 1.56 1.51
0.04 -1.33 0.89 -79.48 206.26 -169.15 0.04 -3.14 2.00 1.62 1.59 1.52 1.58
-0.20 -1.18 0.77 -112.53 233.50 -142.90 -0.45 -2.70 1.77 1.65 1.52 1.58 1.56
-0.22 -1.09 0.64 -123.15 283.46 -122.54 -0.42 -2.38 1.50 1.64 1.57 1.52 1.56
-0.15 -1.21 0.61 -150.37 286.68 -105.44 -0.41 -2.73 1.39 1.63 1.50 1.57 1.54
-0.18 -1.29 0.50 -167.86 286.68 -81.44 -0.41 -2.95 1.14 1.61 1.58 1.53 1.56
-0.17 -1.23 0.48 -196.00 286.68 -48.83 -0.52 -3.08 1.16 1.63 1.49 1.57 1.55
0.04 -1.10 0.47 -212.85 286.68 -20.84 0.10 -2.52 1.08 1.63 1.54 1.61 1.52
0.08 -1.15 0.33 -209.02 286.68 11.55 0.24 -2.57 0.78 1.68 1.55 1.59 1.50
0.35 -1.31 0.52 -182.52 286.68 81.49 0.81 -3.02 1.19 1.64 1.53 1.61 1.51
0.44 -1.05 0.24 -183.14 286.68 46.20 1.12 -2.40 0.54 1.62 1.52 1.58 1.58
0.42 -0.98 0.03 -163.31 286.68 66.23 1.07 -2.18 0.23 1.68 1.50 1.55 1.56
0.63 -0.91 0.09 -121.83 286.68 75.68 1.44 -2.09 0.20 1.61 1.53 1.60 1.50
0.61 -0.79 0.00 -110.01 250.31 48.23 1.59 -1.72 -0.07 1.63 1.49 1.56 1.57
0.67 -0.67 -0.13 -60.44 200.52 53.91 1.54 -1.53 -0.30 1.68 1.52 1.58 1.55
0.80 -0.60 -0.21 -9.89 140.49 39.22 1.85 -1.35 -0.46 1.62 1.51 1.60 1.52
0.73 -0.63 -0.27 23.07 90.73 18.16 1.69 -1.54 -0.64 1.67 1.54 1.50 1.57
0.74 -0.64 -0.24 39.89 52.19 4.28 1.70 -1.48 -0.54 1.67 1.56 1.59 1.56
0.77 -0.69 -0.15 49.83 24.33 -3.75 1.78 -1.59 -0.36 1.62 1.54 1.55 1.51
0.82 -0.75 -0.07 42.43 11.11 -6.96 1.89 -1.73 -0.16 1.65 1.53 1.54 1.54
0.82 -0.70 -0.02 26.80 0.78 -1.44 1.87 -1.58 -0.03 1.67 1.53 1.55 1.53
0.78 -0.66 0.01 20.23 1.99 1.38 1.78 -1.53 0.03 1.71 1.49 1.61 1.50
0.77 -0.69 0.07 8.48 0.67 6.46 1.76 -1.59 0.16 1.66 1.55 1.54 1.59
0.77 -0.64 0.09 -5.78 2.26 9.94 1.78 -1.45 0.18 1.72 1.49 1.61 1.50
0.80 -0.59 0.10 -10.53 3.28 10.87 1.83 -1.35 0.22 1.62 1.56 1.52 1.54
0.84 -0.55 0.09 -8.48 1.27 8.43 1.93 -1.26 0.20 1.71 1.51 1.59 1.52
0.86 -0.56 0.11 -4.96 -5.24 5.20 1.97 -1.29 0.25 1.61 1.59 1.50 1.58
0.83 -0.61 0.18 -1.70 -18.04 5.80 1.90 -1.39 0.42 1.69 1.52 1.54 1.56
0.75 -0.57 0.22 -6.80 -23.51 3.98 1.70 -1.30 0.51 1.65 1.52 1.52 1.52
0.75 -0.58 0.24 1.98 -18.71 -1.25 1.71 -1.33 0.55 1.74 1.50 1.58 1.53
0.77 -0.67 0.27 8.49 -17.81 -2.10 1.76 -1.54 0.62 1.68 1.55 1.58 1.55
0.76 -0.69 0.28 2.57 -20.27 1.75 1.75 -1.58 0.63 1.61 1.59 1.51 1.59
0.76 -0.66 0.28 2.34 -20.88 5.85 1.75 -1.51 0.64 1.68 1.55 1.54 1.57
0.77 -0.68 0.27 6.30 -22.30 7.93 1.77 -1.57 0.63 1.71 1.58 1.58 1.56
0.71 -0.68 0.29 5.61 -30.93 7.14 1.63 -1.55 0.65 1.72 1.58 1.52 1.52
0.69 -0.68 0.28 5.71 -32.02 2.42 1.57 -1.56 0.63 1.69 1.51 1.54 1.60
0.73 -0.71 0.25 8.18 -30.90 1.91 1.70 -1.64 0.57 1.71 1.50 1.56 1.59
0.73 -0.74 0.22 9.41 -33.80 7.51 1.67 -1.67 0.53 1.72 1.51 1.62 1.51
0.71 -0.74 0.24 12.69 -35.74 10.65 1.64 -1.69 0.55 1.66 1.54 1.54 1.58
0.75 -0.67 0.20 16.84 -46.34 14.81 1.73 -1.63 0.45 1.74 1.51 1.60 1.50
0.75 -0.71 0.20 21.67 -52.98 19.08 1.72 -1.64 0.46 1.65 1.50 1.54 1.51
0.79 -0.70 0.17 28.03 -65.44 19.38 1.84 -1.57 0.38 1.73 1.52 1.57 1.53
0.83 -0.69 0.15 41.73 -87.67 23.76 1.95 -1.60 0.38 1.61 1.59 1.52 1.58
0.85 -0.79 0.18 54.63 -126.66 31.39 1.95 -1.80 0.42 1.71 1.56 1.55 1.52
0.91 -0.82 0.15 66.35 -151.20 47.08 2.12 -1.92 0.33 1.66 1.54 1.60 1.51
0.96 -0.87 0.11 75.07 -188.08 76.82 2.21 -1.99 0.26 1.72 1.50 1.61 1.52
0.88 -0.91 0.09 82.07 -219.26 108.06 2.03 -2.12 0.20 1.69 1.57 1.59 1.56
0.60 -0.77 0.11 78.06 -247.97 132.87 1.37 -1.78 0.26 1.62 1.59 1.53 1.56
0.36 -0.82 0.24 85.92 -262.90 122.54 0.81 -1.89 0.55 1.70 1.50 1.59 1.57
0.44 -0.66 0.38 105.14 -230.74 91.62 1.02 -1.45 0.96 1.71 1.54 1.53 1.54
0.63 -0.67 0.39 106.36 -223.64 85.23 1.44 -1.55 0.88 1.69 1.56 1.55 1.55
0.74 -0.69 0.42 112.66 -201.46 116.04 1.70 -1.58 0.93 1.64 1.58 1.55 1.59
0.70 -0.78 0.48 129.92 -198.82 149.53 1.62 -1.79 1.11 1.69 1.56 1.58 1.53
0.57 -0.90 0.51 137.43 -207.48 175.93 1.20 -2.04 1.16 1.65 1.55 1.61 1.50
0.35 -0.84 0.57 116.48 -205.21 172.66 0.87 -1.93 1.33 1.63 1.59 1.55 1.52
0.29 -0.75 0.58 112.67 -208.99 146.27 0.66 -1.71 1.33 1.68 1.59 1.58 1.50
0.36 -0.58 0.74 108.33 -180.40 131.42 0.82 -1.43 1.76 1.66 1.53 1.60 1.57
0.55 -0.64 0.77 104.12 -146.91 137.05 1.26 -1.46 1.77 1.75 1.52 1.59 1.54
0.67 -0.72 0.74 100.70 -131.76 156.68 1.58 -1.63 1.79 1.65 1.60 1.54 1.59
0.74 -0.65 0.81 89.22 -133.34 181.90 1.71 -1.48 1.85 1.70 1.56 1.63 1.55
0.65 -0.62 0.67 75.92 -148.51 198.81 1.49 -1.31 1.53 1.71 1.52 1.62 1.58
0.29 -0.44 0.67 80.68 -158.30 185.39 0.63 -1.03 1.50 1.62 1.54 1.64 1.53
0.04 -0.39 0.74 114.14 -142.32 140.53 0.09 -0.88 1.69 1.67 1.58 1.66 1.58
0.15 -0.40 1.07 117.11 -80.54 86.70 0.42 -0.98 2.50 1.61 1.62 1.57 1.59
0.36 -0.49 1.07 88.10 -20.67 55.12 0.83 -1.12 2.46 1.73 1.52 1.67 1.60
0.59 -0.67 1.08 48.97 15.62 59.79 1.42 -1.58 2.51 1.65 1.57 1.72 1.58
0.73 -0.71 1.02 0.07 35.77 82.66 1.72 -1.64 2.34 1.74 1.56 1.81 1.59
0.75 -0.65 0.89 -31.83 40.51 109.86 1.72 -1.49 2.05 1.66 1.68 1.72 1.69
0.69 -0.44 0.84 -30.62 46.62 131.58 1.41 -1.07 1.92 1.69 1.75 1.82 1.72
0.34 -0.45 0.64 -21.76 46.91 122.72 0.78 -1.04 1.47 1.69 1.68 1.89 1.68
0.26 -0.51 0.78 -23.95 42.81 92.74 0.68 -1.12 1.85 1.73 1.71 1.88 1.70
0.38 -0.55 0.98 -68.29 67.46 60.05 0.86 -1.25 2.25 1.69 1.75 1.83 1.75
0.60 -0.44 0.85 -122.40 100.33 45.61 1.39 -1.01 1.99 1.70 1.76 1.94 1.74
0.87 -0.44 0.79 -168.86 124.61 58.54 1.90 -0.97 1.87 1.66 1.89 1.89 1.84
0.93 -0.31 0.75 -177.47 122.96 73.92 2.13 -0.72 1.72 1.61 1.96 1.94 1.84
0.73 -0.26 0.60 -155.33 114.85 80.11 1.65 -0.60 1.36 1.63 1.92 2.00 1.86
0.65 -0.24 0.62 -110.41 124.66 86.66 1.50 -0.55 1.41 1.64 1.99 2.04 1.88
0.55 -0.27 0.59 -120.84 135.24 88.54 1.28 -0.73 1.43 1.65 1.94 2.10 1.89
0.56 -0.35 0.56 -166.83 134.01 64.92 1.28 -0.82 1.29 1.69 1.93 2.04 1.93
0.70 -0.30 0.42 -195.20 122.99 62.57 1.61 -0.70 0.96 1.66 1.95 2.10 1.96
0.85 -0.08 0.26 -230.90 153.77 75.95 1.93 -0.14 0.60 1.74 1.98 2.17 1.94
0.71 0.10 0.47 -220.40 195.44 87.76 1.62 0.23 1.07 1.65 2.08 2.17 2.04
0.54 0.15 0.32 -180.53 206.87 82.06 1.25 0.32 0.76 1.69 2.03 2.20 1.96
0.65 0.19 0.27 -175.83 221.59 76.02 1.48 0.44 0.62 1.75 2.05 2.23 1.99
0.79 0.22 0.08 -159.92 211.30 55.10 1.82 0.50 0.19 1.72 2.13 2.20 2.10
1.03 0.35 0.01 -126.99 184.19 43.05 2.31 0.81 0.02 1.66 2.14 2.24 2.07
0.99 0.26 0.08 -80.63 164.04 40.09 2.26 0.60 0.19 1.65 2.16 2.14 2.08
0.92 0.25 0.11 -50.34 156.38 36.65 2.07 0.58 0.28 1.68 2.17 2.30 2.04
0.85 0.14 0.18 -26.94 157.99 27.04 1.96 0.32 0.40 1.67 2.25 2.16 2.16
0.80 0.05 0.20 -26.60 163.23 20.77 1.81 0.09 0.41 1.78 2.11 2.31 2.07
0.82 -0.03 0.11 -40.58 168.30 16.34 1.90 -0.03 0.26 1.66 2.27 2.14 2.18
0.93 0.12 0.02 -42.49 178.51 16.45 2.14 0.27 0.05 1.70 2.24 2.33 2.08
1.00 0.26 -0.25 -35.25 170.28 25.31 2.37 0.59 -0.66 1.77 2.13 2.35 2.08
1.21 0.25 -0.23 -1.76 146.71 31.49 2.78 0.58 -0.53 1.81 2.12 2.31 2.07
1.07 0.21 -0.26 13.80 107.40 25.76 2.42 0.54 -0.56 1.77 2.24 2.23 2.10
0.99 0.23 -0.24 21.67 79.18 12.90 2.26 0.52 -0.54 1.77 2.24 2.23 2.17
0.97 0.20 -0.18 27.58 60.57 4.72 2.22 0.46 -0.41 1.81 2.20 2.24 2.16
0.84 0.08 -0.18 36.46 47.31 6.53 1.96 0.30 -0.34 1.73 2.20 2.23 2.13
1.04 0.12 -0.24 29.58 54.17 15.07 2.40 0.27 -0.54 1.81 2.25 2.30 2.17
1.09 0.18 -0.28 43.64 42.31 20.76 2.52 0.40 -0.60 1.78 2.24 2.30 2.10
1.06 0.21 -0.28 75.60 25.70 26.12 2.47 0.48 -0.63 1.78 2.19 2.30 2.10
0.86 0.20 -0.23 104.19 -1.06 25.66 1.98 0.45 -0.54 1.86 2.23 2.22 2.11
0.57 0.13 -0.23 87.62 -9.66 11.91 1.36 0.28 -0.52 1.90 2.28 2.23 2.11
0.85 0.18 -0.24 71.16 12.31 12.35 1.95 0.41 -0.55 1.91 2.25 2.30 2.16
0.96 0.15 -0.40 62.45 7.65 15.10 2.21 0.29 -0.92 1.92 2.24 2.21 2.14
1.18 0.17 -0.48 47.74 -4.27 22.15 2.71 0.40 -1.10 1.99 2.17 2.24 2.18
1.12 0.32 -0.47 37.37 -28.27 18.11 2.56 0.73 -1.08 1.99 2.15 2.25 2.18
0.91 0.33 -0.24 42.43 -37.34 14.31 2.12 0.80 -0.51 1.94 2.15 2.29 2.19
0.78 0.24 -0.09 43.60 -22.70 -0.25 1.79 0.54 -0.21 1.93 2.23 2.30 2.14
0.87 0.16 -0.10 34.74 -8.97 -9.47 2.01 0.32 -0.22 2.00 2.19 2.23 2.07
0.94 0.09 -0.10 22.37 -5.93 -11.07 2.16 0.22 -0.23 1.96 2.26 2.20 2.19
1.06 0.18 -0.14 11.64 -1.89 -7.48 2.43 0.41 -0.32 2.03 2.19 2.20 2.11
1.12 0.23 -0.18 12.64 -10.18 -7.13 2.55 0.52 -0.41 1.97 2.29 2.22 2.10
1.01 0.14 -0.09 10.19 -19.71 -11.40 2.33 0.33 -0.20 1.98 2.19 2.29 2.17
0.97 0.15 -0.04 7.23 -19.05 -11.67 2.24 0.33 -0.10 2.04 2.14 2.29 2.13
0.96 0.15 -0.01 4.53 -13.56 -10.39 2.20 0.34 -0.03 1.96 2.25 2.23 2.07
0.90 0.10 0.02 6.47 -10.04 -11.01 2.06 0.23 0.05 2.04 2.15 2.27 2.10
0.93 0.05 0.02 1.64 1.29 -7.22 2.15 0.14 0.04 2.07 2.21 2.23 2.08
1.05 0.15 -0.08 -0.52 4.01 -3.64 2.40 0.35 -0.19 2.06 2.22 2.29 2.13
0.98 0.15 -0.05 1.21 -1.73 -5.56 2.22 0.34 -0.11 2.03 2.21 2.30 2.06
0.94 0.16 -0.03 3.51 2.85 -6.66 2.17 0.36 -0.08 2.02 2.15 2.26 2.17
1.03 0.18 -0.11 7.25 2.28 -7.79 2.37 0.42 -0.26 2.01 2.21 2.26 2.09
1.06 0.17 -0.12 10.99 -5.73 -9.41 2.41 0.38 -0.28 2.02 2.19 2.24 2.08
0.95 0.13 -0.06 9.63 -11.40 -8.62 2.19 0.29 -0.13 2.02 2.14 2.25 2.16
0.93 0.17 -0.04 5.92 -6.76 -8.69 2.13 0.40 -0.10 2.06 2.22 2.20 2.12
0.97 0.15 -0.07 7.30 -2.43 -8.12 2.24 0.34 -0.15 1.96 2.26 2.17 2.18
0.91 0.09 -0.01 4.72 -3.05 -6.43 2.08 0.20 -0.01 2.04 2.11 2.31 2.05
0.93 0.07 -0.01 1.85 2.43 -0.66 2.16 0.17 -0.03 1.96 2.14 2.21 2.10
1.02 0.15 -0.07 -1.54 2.09 1.80 2.36 0.37 -0.15 2.03 2.11 2.26 2.12
1.01 0.19 -0.07 2.17 -2.30 0.63 2.32 0.44 -0.15 2.10 2.16 2.20 2.11
0.97 0.16 -0.05 4.09 -3.16 -1.64 2.23 0.36 -0.10 2.01 2.22 2.19 2.08
0.96 0.13 -0.05 3.20 -3.44 -2.30 2.22 0.30 -0.11 1.97 2.13 2.17 2.07
0.97 0.15 -0.07 1.84 -3.92 -1.43 2.22 0.34 -0.16 1.99 2.25 2.16 2.15
0.99 0.16 -0.09 3.26 -4.70 -0.67 2.26 0.38 -0.19 1.95 2.25 2.20 2.13
0.95 0.17 -0.06 3.23 -6.55 -1.86 2.19 0.39 -0.15 2.02 2.16 2.25 2.12
0.99 0.17 -0.06 2.23 -5.57 -4.35 2.26 0.40 -0.15 1.96 2.20 2.28 2.05
1.02 0.18 -0.08 3.10 -8.02 -7.18 2.35 0.40 -0.17 2.09 2.13 2.23 2.07
0.95 0.13 -0.02 3.98 -10.40 -7.32 2.17 0.30 -0.05 1.97 2.17 2.25 2.14
0.93 0.11 -0.01 3.75 -5.00 -3.76 2.16 0.26 -0.02 1.95 2.20 2.22 2.10
1.01 0.10 -0.05 1.98 -3.37 -0.62 2.33 0.24 -0.11 1.99 2.23 2.18 2.17
0.98 0.11 -0.03 -0.27 -6.62 0.73 2.26 0.26 -0.06 2.06 2.14 2.18 2.13
0.97 0.13 0.00 -1.02 -4.28 1.49 2.22 0.31 0.00 2.04 2.21 2.25 2.07
1.00 0.16 -0.01 -0.24 -2.20 -0.87 2.30 0.36 -0.03 1.98 2.14 2.31 2.11
1.03 0.16 -0.04 4.02 -4.27 -3.38 2.37 0.36 -0.09 1.94 2.23 2.19 2.12
0.98 0.14 -0.01 7.33 -7.57 -5.11 2.23 0.30 -0.02 2.03 2.13 2.15 2.07
0.94 0.10 0.00 6.04 -4.17 -4.00 2.16 0.24 0.01 2.04 2.12 2.21 2.14
0.97 0.11 -0.03 2.83 -1.27 -2.10 2.22 0.25 -0.10 2.08 2.12 2.32 2.03
0.97 0.16 -0.05 0.97 -0.04 -0.40 2.24 0.36 -0.10 2.04 2.20 2.25 2.08
0.98 0.16 -0.05 1.78 -0.07 -0.66 2.25 0.38 -0.12 1.94 2.24 2.15 2.14
0.99 0.15 -0.05 1.39 -0.88 -1.60 2.29 0.34 -0.12 2.04 2.16 2.20 2.15
1.01 0.16 -0.06 1.01 -4.35 -1.86 2.31 0.36 -0.13 2.00 2.19 2.23 2.12
0.98 0.17 -0.04 2.69 -7.76 -1.01 2.24 0.38 -0.09 2.06 2.11 2.25 2.14
0.96 0.16 -0.02 4.04 -7.35 -0.79 2.19 0.37 -0.03 2.02 2.17 2.18 2.13
0.93 0.12 0.00 3.74 -5.13 -0.78 2.14 0.27 0.00 2.04 2.20 2.25 2.13
0.94 0.14 0.00 -0.94 -0.15 -1.49 2.16 0.33 0.00 2.06 2.17 2.20 2.12
1.00 0.16 -0.03 -0.82 3.05 -1.82 2.31 0.38 -0.08 2.06 2.11 2.24 2.07
1.02 0.14 -0.04 0.57 1.30 -2.81 2.33 0.33 -0.09 2.01 2.09 2.24 2.14
1.03 0.15 -0.05 -0.42 -1.61 -3.87 2.36 0.34 -0.12 2.02 2.10 2.23 2.14
1.04 0.16 -0.06 -0.34 -6.23 -4.24 2.37 0.36 -0.14 2.00 2.13 2.20 2.14
0.99 0.16 -0.04 0.74 -9.90 -5.21 2.27 0.37 -0.09 2.03 2.16 2.18 2.12
0.93 0.14 0.02 0.96 -8.31 -4.98 2.13 0.32 0.03 2.02 2.17 2.17 2.06
0.94 0.12 0.03 1.65 -2.38 -2.59 2.15 0.26 0.04 2.04 2.14 2.27 2.05
0.99 0.11 -0.01 -0.65 -0.11 -0.83 2.27 0.24 -0.03 1.95 2.25 2.16 2.09
0.97 0.13 -0.01 -0.67 -1.48 0.53 2.24 0.30 -0.00 1.99 2.13 2.18 2.04
0.98 0.13 0.00 0.82 0.29 1.15 2.25 0.30 0.01 1.94 2.25 2.17 2.15
1.01 0.12 -0.01 1.09 0.43 0.13 2.32 0.29 -0.02 2.01 2.11 2.18 2.11
1.01 0.13 -0.00 0.59 -1.59 -0.22 2.30 0.30 -0.00 2.00 2.11 2.18 2.10
0.99 0.12 0.01 0.15 -2.30 -0.27 2.26 0.27 0.02 1.93 2.24 2.17 2.11
0.98 0.13 0.01 -1.35 -0.79 0.24 2.24 0.31 0.03 2.05 2.13 2.15 2.05
0.97 0.15 0.00 -1.43 0.07 -0.04 2.22 0.34 -0.00 1.92 2.25 2.15 2.14
0.98 0.15 -0.02 -2.00 1.30 -0.92 2.25 0.35 -0.04 1.95 2.18 2.22 2.08
1.00 0.16 -0.04 -2.35 0.12 -0.90 2.33 0.37 -0.09 2.01 2.12 2.21 2.14
0.99 0.17 -0.03 -3.12 -2.56 -1.31 2.27 0.40 -0.08 1.97 2.24 2.14 2.14
0.99 0.18 -0.04 -3.46 -3.62 -2.71 2.27 0.41 -0.10 2.01 2.21 2.23 2.11
1.00 0.18 -0.06 -3.24 -5.76 -4.17 2.28 0.40 -0.12 1.94 2.14 2.26 2.01
0.97 0.16 -0.04 -0.47 -7.03 -4.36 2.22 0.36 -0.10 1.98 2.16 2.25 2.08
0.96 0.12 -0.02 -0.81 -6.83 -3.26 2.20 0.27 -0.05 1.94 2.16 2.29 2.12
0.97 0.10 -0.02 -4.30 -6.02 -0.42 2.24 0.23 -0.04 2.02 2.12 2.20 2.13
1.00 0.16 -0.02 -7.60 -5.30 2.73 2.30 0.36 -0.05 1.93 2.18 2.19 2.06
1.03 0.20 -0.02 -7.39 -5.36 3.62 2.37 0.45 -0.05 1.95 2.19 2.25 2.06
1.02 0.23 -0.03 -3.60 -12.38 -0.06 2.36 0.54 -0.04 2.00 2.18 2.26 2.12
0.98 0.22 0.02 1.37 -14.46 -5.44 2.26 0.50 0.05 1.97 2.15 2.21 2.06
0.99 0.16 0.04 5.60 -10.60 -6.89 2.26 0.36 0.07 1.92 2.27 2.14 2.16
1.01 0.08 0.00 6.41 -8.48 -4.30 2.32 0.21 0.01 2.02 2.17 2.19 2.14
1.01 0.12 -0.01 -0.04 -5.58 -0.44 2.32 0.27 -0.03 1.99 2.15 2.18 2.07
1.00 0.11 0.01 -0.04 -4.66 3.33 2.30 0.27 -0.01 2.01 2.09 2.24 2.09
1.03 0.15 -0.02 -0.15 -5.43 3.26 2.37 0.34 -0.04 2.01 2.20 2.19 2.11
0.99 0.18 0.00 0.59 -5.36 0.45 2.27 0.42 0.01 2.05 2.18 2.13 2.13
0.99 0.17 0.03 2.68 -3.05 -1.15 2.25 0.34 0.04 1.95 2.23 2.13 2.12
0.96 0.12 0.04 3.50 -5.31 -1.01 2.19 0.27 0.08 2.01 2.19 2.25 2.10
0.95 0.11 0.04 1.40 -2.12 0.04 2.18 0.26 0.13 2.02 2.19 2.25 2.10
0.93 0.10 0.07 -2.14 4.35 0.26 2.19 0.37 0.13 2.06 2.13 2.21 2.12
0.99 0.13 0.02 -1.19 8.52 -1.21 2.27 0.30 0.04 2.04 2.13 2.16 2.13
0.98 0.13 -0.03 -1.25 7.51 -4.93 2.37 0.38 0.03 2.05 2.13 2.14 2.16
0.96 0.11 -0.02 -0.52 -0.10 -5.87 2.29 0.26 0.01 2.03 2.10 2.19 2.13
0.98 0.10 0.03 -4.33 3.88 -4.60 2.26 0.22 0.06 1.99 2.08 2.30 2.01
0.95 0.12 0.03 -3.92 2.08 -4.20 2.19 0.30 0.07 1.99 2.18 2.21 2.05
0.95 0.14 0.05 -1.74 0.10 -1.84 2.17 0.32 0.11 2.03 2.17 2.18 2.03
0.92 0.15 0.06 -6.91 5.74 -2.75 2.12 0.34 0.14 1.95 2.13 2.23 2.13
0.97 0.16 0.03 -4.88 7.25 -4.19 2.19 0.34 0.06 1.98 2.11 2.23 2.10
1.00 0.10 0.01 0.22 3.72 -7.94 2.30 0.23 0.02 1.92 2.24 2.18 2.06
1.08 0.04 0.01 5.17 -6.97 -4.38 2.48 0.10 0.03 1.99 2.24 2.21 2.04
0.79 0.09 0.09 10.19 -18.19 -17.07 1.73 0.23 0.15 1.95 2.19 2.24 2.08
0.91 -0.21 0.04 18.85 -5.08 2.36 2.08 -0.48 0.09 1.94 2.16 2.21 2.06
0.98 0.02 -0.08 -5.64 -6.97 16.55 2.26 0.15 -0.19 1.98 2.19 2.18 2.12
0.97 0.30 -0.09 -8.67 -5.73 13.90 2.22 0.69 -0.21 1.95 2.23 2.14 2.13
1.02 0.32 -0.07 2.30 -4.58 1.84 2.34 0.74 -0.17 2.01 2.12 2.18 2.09
1.04 0.20 -0.02 12.27 -8.02 -8.81 2.40 0.42 -0.09 2.02 2.07 2.27 2.04
0.95 0.10 0.02 9.55 -13.78 -8.86 2.18 0.23 0.05 2.03 2.13 2.17 2.11
0.93 0.12 0.08 8.83 -10.12 -3.26 2.13 0.27 0.20 2.00 2.17 2.16 2.05
0.88 0.06 0.09 10.31 -5.42 1.44 2.04 0.15 0.19 1.96 2.13 2.27 2.02
1.00 0.09 -0.00 5.46 -1.08 7.62 2.30 0.20 -0.01 1.99 2.23 2.25 2.04
0.99 0.18 -0.05 1.29 -5.35 9.84 2.26 0.43 -0.13 1.95 2.17 2.23 2.10
1.01 0.20 -0.05 6.25 -9.75 6.28 2.33 0.46 -0.10 2.00 2.11 2.13 2.10
0.99 0.15 -0.01 6.87 -11.93 2.62 2.26 0.35 -0.03 1.98 2.14 2.20 2.07
0.98 0.11 0.01 6.07 -11.00 1.46 2.26 0.24 0.01 1.98 2.23 2.18 2.04
0.96 0.09 0.04 2.77 -9.70 4.58 2.20 0.21 0.09 1.97 2.11 2.19 2.08
0.99 0.16 0.05 0.11 -6.12 5.99 2.28 0.37 0.10 2.00 2.10 2.27 2.00
0.98 0.17 0.06 1.14 -5.37 4.08 2.27 0.41 0.13 1.99 2.08 2.17 2.12
1.01 0.17 0.06 0.61 -3.77 2.11 2.33 0.38 0.13 1.99 2.19 2.25 2.12
1.04 0.17 0.05 0.99 -7.20 0.01 2.39 0.39 0.12 2.05 2.12 2.20 2.10
1.01 0.17 0.09 1.79 -10.50 -2.24 2.30 0.38 0.22 1.92 2.15 2.24 2.11
0.98 0.16 0.12 2.03 -8.92 -4.34 2.26 0.37 0.27 1.96 2.23 2.21 2.02
0.98 0.14 0.13 1.91 -6.50 -4.43 2.25 0.33 0.30 2.04 2.07 2.21 2.09
0.98 0.14 0.14 -0.40 -3.16 -4.73 2.26 0.33 0.33 1.91 2.16 2.28 2.05
0.99 0.16 0.14 -0.94 -0.62 -5.41 2.26 0.36 0.31 1.97 2.08 2.21 2.11
1.00 0.15 0.11 -1.64 1.31 -6.29 2.30 0.34 0.24 1.95 2.25 2.15 2.10
1.01 0.15 0.08 -2.40 1.70 -6.63 2.32 0.35 0.18 2.03 2.10 2.22 2.12
1.01 0.14 0.06 -1.01 1.84 -7.00 2.32 0.33 0.13 1.94 2.15 2.23 2.01
0.99 0.14 0.06 0.44 0.52 -7.22 2.27 0.31 0.14 1.99 2.11 2.20 2.01
0.98 0.11 0.06 0.10 2.38 -6.22 2.26 0.24 0.14 2.01 2.20 2.23 2.06
0.96 0.10 0.07 -2.94 3.81 -5.07 2.22 0.24 0.16 2.03 2.11 2.12 2.08
0.97 0.09 0.07 -4.61 5.95 -2.17 2.23 0.21 0.16 1.94 2.09 2.17 2.03
0.97 0.12 0.07 -7.18 6.76 -0.57 2.22 0.28 0.15 1.93 2.12 2.23 2.11
0.98 0.14 0.06 -5.70 6.77 -1.52 2.24 0.33 0.14 1.95 2.14 2.26 2.04
0.98 0.13 0.04 -2.67 4.51 -2.76 2.26 0.30 0.10 1.98 2.09 2.23 2.08
0.99 0.09 0.03 -1.76 2.02 -2.90 2.28 0.21 0.07 1.96 2.09 2.16 2.09
0.98 0.10 0.03 -3.22 -0.77 -2.24 2.24 0.24 0.08 2.01 2.11 2.24 2.06
0.94 0.13 0.05 -3.50 -1.50 -2.26 2.16 0.30 0.12 1.98 2.11 2.27 2.03
0.95 0.10 0.06 -2.97 0.48 -1.92 2.19 0.22 0.15 1.99 2.20 2.23 2.11
0.95 0.10 0.08 -4.19 2.72 -0.88 2.19 0.23 0.18 1.93 2.24 2.14 2.07
0.97 0.12 0.07 -6.03 4.24 0.04 2.23 0.28 0.17 2.00 2.08 2.21 2.12
0.99 0.16 0.06 -5.98 5.04 -1.26 2.27 0.37 0.13 1.99 2.10 2.24 2.06
1.01 0.15 0.03 -2.86 3.63 -2.80 2.31 0.34 0.07 1.91 2.24 2.13 2.13
1.01 0.14 0.01 -0.93 0.43 -3.33 2.31 0.31 0.02 2.00 2.08 2.29 2.01
0.97 0.13 0.02 -0.33 -2.16 -3.56 2.23 0.30 0.03 1.94 2.18 2.24 2.12
0.94 0.14 0.02 -0.55 -1.37 -3.45 2.16 0.32 0.04 2.00 2.18 2.14 2.04
0.96 0.15 -0.00 -0.33 0.49 -2.88 2.21 0.34 -0.01 1.94 2.15 2.17 2.07
0.97 0.15 -0.01 -0.72 -0.05 -2.62 2.23 0.34 -0.03 1.93 2.25 2.16 2.13
0.99 0.15 -0.01 -0.90 -0.14 -2.41 2.26 0.34 -0.02 1.99 2.10 2.21 2.08
0.99 0.15 -0.01 -1.43 -2.36 -3.10 2.28 0.34 -0.02 2.00 2.08 2.25 2.01
0.99 0.14 0.01 -0.45 -3.69 -3.48 2.28 0.32 0.02 1.99 2.06 2.22 2.12
0.99 0.13 0.01 0.14 -4.02 -3.39 2.28 0.29 0.03 1.95 2.18 2.25 2.10
1.00 0.10 0.02 0.49 -4.66 -2.62 2.29 0.22 0.05 1.95 2.24 2.15 2.07
1.00 0.10 0.02 -1.10 -5.13 -1.32 2.29 0.23 0.05 2.03 2.08 2.23 2.03
1.00 0.11 0.02 -1.52 -5.46 0.35 2.30 0.25 0.05 1.93 2.13 2.22 2.11
1.00 0.11 0.04 -0.18 -6.92 1.37 2.30 0.24 0.09 1.98 2.21 2.23 2.01
1.01 0.10 0.04 0.15 -8.64 2.49 2.31 0.24 0.10 2.01 2.10 2.16 2.13
1.01 0.11 0.07 0.60 -9.03 3.94 2.32 0.25 0.15 1.94 2.17 2.21 2.08
1.00 0.12 0.09 1.19 -9.29 4.48 2.29 0.28 0.20 2.04 2.11 2.20 2.06
1.00 0.11 0.09 2.89 -8.15 4.69 2.29 0.26 0.21 1.93 2.22 2.14 2.12
0.99 0.10 0.10 1.75 -6.62 5.39 2.26 0.23 0.23 2.01 2.10 2.14 2.10
0.99 0.12 0.10 0.28 -4.45 6.77 2.27 0.27 0.23 2.01 2.06 2.27 2.00
0.99 0.14 0.10 0.25 -3.67 7.09 2.28 0.31 0.23 2.00 2.17 2.17 2.08
1.00 0.15 0.09 0.83 -2.68 5.78 2.30 0.35 0.19 1.92 2.22 2.12 2.13
1.01 0.15 0.06 0.97 -2.84 5.05 2.32 0.35 0.14 1.93 2.17 2.21 2.07
1.00 0.14 0.07 0.00 -4.59 3.76 2.29 0.32 0.16 2.03 2.08 2.27 2.05
0.98 0.14 0.09 0.14 -4.45 4.25 2.24 0.32 0.21 1.95 2.12 2.17 2.12
0.96 0.14 0.10 -0.73 -1.90 4.27 2.21 0.32 0.23 1.97 2.18 2.24 2.11
0.96 0.13 0.10 -2.20 0.86 4.10 2.21 0.30 0.22 1.94 2.16 2.20 2.02
0.98 0.14 0.09 -3.55 2.64 3.25 2.25 0.34 0.21 2.05 2.07 2.29 2.00
0.99 0.15 0.07 -3.03 2.62 2.78 2.28 0.34 0.16 1.93 2.18 2.21 2.03
0.99 0.14 0.06 -1.74 1.13 2.07 2.28 0.34 0.13 1.93 2.23 2.14 2.08
1.00 0.14 0.04 -1.29 -0.13 1.55 2.29 0.32 0.09 1.95 2.20 2.14 2.13
0.98 0.13 0.05 -1.73 -2.30 1.57 2.24 0.29 0.12 1.93 2.13 2.19 2.09
0.94 0.13 0.09 -2.14 -2.05 2.69 2.14 0.30 0.20 1.97 2.13 2.19 2.03
0.94 0.15 0.09 -2.90 1.30 2.77 2.16 0.34 0.21 2.00 2.10 2.25 2.01
0.95 0.16 0.09 -3.94 3.65 1.69 2.18 0.36 0.21 1.94 2.24 2.13 2.11
0.97 0.16 0.08 -4.07 4.68 0.20 2.22 0.37 0.17 2.00 2.09 2.26 2.03
