start recording
-0.22 0.71 1.03 -20.71 -94.51 31.64 -0.48 1.70 2.44 1.59 1.53 1.50 1.50
-0.15 0.70 1.13 -7.03 -110.50 36.81 -0.34 1.60 2.60 1.62 1.52 1.48 1.49
-0.17 0.66 1.25 30.44 -131.12 26.62 -0.35 1.45 2.83 1.59 1.50 1.52 1.50
-0.20 0.53 1.36 44.40 -136.62 14.97 -0.45 1.22 3.12 1.65 1.46 1.52 1.48
-0.22 0.49 1.54 40.12 -115.19 -1.29 -0.47 1.13 3.61 1.58 1.49 1.53 1.47
-0.22 0.38 1.74 24.41 -83.77 -26.28 -0.47 0.89 3.99 1.58 1.56 1.45 1.54
-0.21 0.52 1.82 22.84 -74.99 -34.25 -0.47 1.20 4.18 1.58 1.47 1.50 1.53
-0.21 0.47 1.77 30.45 -48.65 -65.64 -0.46 1.01 4.06 1.60 1.50 1.48 1.47
-0.22 0.36 1.74 43.35 -41.36 -86.05 -0.50 0.82 3.99 1.59 1.53 1.50 1.50
-0.16 0.27 1.59 64.19 -20.86 -77.22 -0.40 0.61 3.54 1.61 1.52 1.47 1.50
-0.08 0.27 1.54 85.77 -41.15 -79.94 -0.19 0.61 3.54 1.58 1.48 1.48 1.47
-0.17 0.32 1.42 118.75 -40.53 -53.99 -0.40 0.73 3.37 1.62 1.48 1.54 1.48
-0.07 0.36 1.42 175.72 -40.24 -56.66 -0.18 0.85 3.20 1.61 1.50 1.50 1.51
-0.14 0.20 1.39 153.00 -41.90 -33.29 -0.32 0.46 3.19 1.61 1.52 1.47 1.51
-0.07 0.10 1.21 160.61 -4.50 -22.09 -0.19 0.27 2.80 1.66 1.50 1.48 1.51
-0.05 0.12 1.17 143.62 9.49 -21.05 -0.12 0.27 2.70 1.58 1.52 1.52 1.49
-0.02 0.07 1.16 121.01 4.08 -31.42 -0.08 0.11 2.62 1.63 1.46 1.53 1.50
0.01 0.17 1.28 82.58 -21.96 -22.41 0.05 0.37 2.87 1.59 1.53 1.47 1.53
0.01 0.21 1.20 47.62 -16.92 -10.24 0.01 0.48 2.75 1.60 1.48 1.52 1.49
-0.02 0.18 1.17 37.05 -13.64 1.80 -0.07 0.44 2.70 1.63 1.48 1.54 1.48
-0.08 0.16 1.17 30.65 -15.81 2.53 -0.19 0.36 2.68 1.61 1.55 1.46 1.53
-0.16 0.08 1.26 23.21 -8.36 0.88 -0.38 0.16 2.94 1.63 1.48 1.50 1.52
-0.13 0.16 1.30 -11.50 21.82 -3.29 -0.25 0.43 2.90 1.59 1.56 1.49 1.51
-0.05 0.21 1.14 -16.14 25.99 -10.73 -0.12 0.48 2.62 1.57 1.51 1.50 1.49
-0.08 0.16 1.06 -11.54 25.00 -11.60 -0.19 0.36 2.43 1.63 1.46 1.50 1.50
-0.08 0.12 1.00 -5.98 12.08 -8.38 -0.19 0.28 2.29 1.58 1.48 1.50 1.50
-0.05 0.11 0.95 -2.69 4.97 -4.15 -0.12 0.26 2.18 1.58 1.50 1.52 1.49
-0.06 0.10 0.92 1.64 0.06 -1.72 -0.13 0.21 2.12 1.58 1.48 1.53 1.52
-0.09 0.03 0.93 5.87 0.12 -2.78 -0.20 0.07 2.13 1.57 1.53 1.50 1.52
-0.09 -0.01 0.98 6.24 0.85 -3.46 -0.20 -0.02 2.22 1.64 1.46 1.54 1.49
-0.09 0.01 0.97 1.39 -1.64 -4.52 -0.20 0.03 2.22 1.58 1.58 1.48 1.54
-0.09 0.09 0.98 -1.87 -2.48 -6.70 -0.22 0.21 2.24 1.62 1.53 1.48 1.51
-0.10 0.10 1.00 1.17 1.13 -8.54 -0.24 0.22 2.29 1.57 1.50 1.50 1.53
-0.11 0.08 1.01 2.97 1.15 -4.66 -0.25 0.18 2.31 1.58 1.48 1.52 1.53
-0.12 0.04 1.02 3.02 2.76 -1.83 -0.28 0.09 2.35 1.62 1.53 1.48 1.53
-0.13 0.01 1.03 -1.42 5.90 -0.06 -0.31 0.03 2.36 1.62 1.54 1.52 1.49
-0.12 0.01 1.02 -6.79 8.39 0.81 -0.28 0.02 2.35 1.65 1.48 1.53 1.50
-0.08 0.06 1.02 -13.23 9.01 3.24 -0.19 0.15 2.36 1.62 1.56 1.54 1.50
-0.06 0.13 1.03 -13.02 9.97 4.08 -0.15 0.31 2.36 1.62 1.53 1.53 1.53
-0.06 0.13 1.04 -7.90 12.50 3.10 -0.15 0.29 2.38 1.60 1.48 1.55 1.46
-0.06 0.11 1.03 -4.98 11.27 1.29 -0.13 0.27 2.37 1.65 1.51 1.49 1.54
-0.06 0.13 1.02 -3.56 11.23 0.99 -0.15 0.30 2.33 1.59 1.52 1.50 1.52
-0.07 0.12 0.98 -1.16 10.95 0.25 -0.17 0.28 2.25 1.57 1.51 1.56 1.47
-0.06 0.11 0.95 -0.20 5.04 1.17 -0.15 0.26 2.19 1.58 1.57 1.48 1.50
-0.07 0.12 0.96 -1.63 -0.67 0.93 -0.16 0.28 2.19 1.61 1.52 1.53 1.53
-0.07 0.11 0.98 -2.80 -1.58 0.34 -0.14 0.24 2.26 1.65 1.48 1.52 1.53
-0.07 0.10 1.00 -6.08 -0.15 -0.08 -0.18 0.24 2.31 1.60 1.49 1.50 1.51
-0.06 0.12 1.00 -7.03 3.71 -0.31 -0.14 0.28 2.30 1.58 1.54 1.54 1.48
-0.06 0.13 1.00 -3.82 6.36 -1.19 -0.14 0.28 2.29 1.58 1.49 1.53 1.54

0.96 0.22 0.10 -5.33 -11.60 1.25 2.22 0.50 0.22 2.04 2.13 2.18 2.06
0.98 0.19 0.10 -5.49 -12.60 1.37 2.24 0.43 0.23 2.06 2.15 2.20 2.13
0.97 0.19 0.10 -9.59 -11.85 1.23 2.22 0.44 0.24 2.00 2.20 2.24 2.08
1.02 0.23 0.08 -14.88 -9.69 0.75 2.35 0.53 0.19 1.95 2.20 2.20 2.07
0.97 0.27 0.11 -14.02 -13.17 0.93 2.22 0.63 0.28 2.01 2.19 2.16 2.14
0.97 0.25 0.12 -9.17 -10.80 2.25 2.24 0.56 0.27 2.04 2.11 2.24 2.09
1.05 0.25 0.09 -8.34 -10.41 3.49 2.40 0.58 0.20 1.99 2.13 2.25 2.13
1.04 0.26 0.09 -8.99 -14.65 2.28 2.39 0.58 0.21 2.00 2.15 2.21 2.05
1.11 0.25 0.05 -12.44 -18.32 -1.11 2.56 0.57 0.12 1.96 2.20 2.19 2.09
1.14 0.15 0.09 -19.29 -27.56 -3.92 2.61 0.35 0.14 2.00 2.17 2.19 2.10
1.16 0.13 0.03 -36.18 -32.10 -7.67 2.51 0.27 0.14 2.03 2.14 2.18 2.10
1.12 0.21 0.06 -53.40 -40.72 -6.01 2.58 0.47 0.14 2.01 2.13 2.27 2.04
0.85 0.29 0.23 -53.56 -42.77 -6.82 1.89 0.72 0.53 1.99 2.20 2.25 2.10
0.86 0.29 0.23 -36.45 -20.89 -2.38 1.97 0.67 0.53 1.99 2.12 2.29 2.04
1.00 0.26 0.17 -28.12 -14.65 3.51 2.16 0.02 0.32 2.01 2.13 2.24 2.10
1.08 0.01 0.09 -38.73 -29.06 13.66 2.45 0.01 0.17 1.97 2.15 2.20 2.04
1.14 0.06 0.06 -59.61 -41.70 23.14 2.62 0.14 0.15 1.94 2.18 2.18 2.12
1.11 0.19 0.03 -73.83 -56.69 24.25 2.57 0.43 0.05 1.93 2.17 2.20 2.12
1.08 0.35 0.03 -79.64 -64.12 14.62 2.48 0.79 0.08 1.94 2.11 2.29 2.06
0.78 0.51 0.30 -71.13 -59.12 1.10 1.76 1.16 0.71 1.90 2.11 2.19 2.06
0.73 0.45 0.35 -35.46 -30.20 1.80 1.70 1.04 0.80 1.82 2.18 2.17 2.07
0.90 0.31 0.26 -17.51 -16.34 7.79 2.06 0.71 0.60 1.83 2.20 2.17 2.11
1.03 0.22 0.18 -14.52 -22.30 14.47 2.36 0.51 0.39 1.84 2.08 2.22 2.05
1.11 0.22 0.07 -24.16 -38.31 21.86 2.55 0.51 0.15 1.89 2.11 2.17 2.08
1.16 0.25 -0.03 -35.62 -56.83 30.47 2.27 0.78 -0.05 1.87 2.08 2.20 2.06
1.06 0.31 0.03 -46.31 -77.81 27.20 2.48 0.69 0.06 1.84 2.13 2.21 2.05
0.88 0.26 0.09 -59.04 -84.34 9.77 2.02 0.59 0.21 1.80 2.05 2.20 1.97
0.81 0.31 0.11 -63.88 -75.11 -0.74 1.87 0.77 0.26 1.84 1.99 2.20 1.95
0.81 0.33 0.03 -64.24 -68.98 -2.94 1.86 0.76 0.08 1.85 2.03 2.08 2.01
0.91 0.42 -0.05 -57.58 -79.76 -3.32 2.12 0.98 -0.14 1.79 2.06 2.05 1.95
0.93 0.37 -0.14 -34.09 -120.91 1.33 2.12 0.86 -0.31 1.76 1.95 2.10 1.96
0.80 0.30 -0.17 -11.17 -169.20 12.38 1.84 0.69 -0.38 1.81 1.95 2.00 1.92
0.64 0.22 -0.09 -1.31 -210.13 24.79 1.42 0.47 -0.22 1.73 2.00 1.99 1.89
0.50 0.22 -0.00 22.54 -265.82 43.10 1.15 0.51 -0.01 1.77 1.95 2.00 1.86
0.25 0.08 0.07 51.19 -286.72 37.99 0.53 0.09 0.19 1.71 1.90 1.93 1.78
0.09 -0.12 0.08 27.70 -279.58 40.87 0.23 -0.27 0.17 1.75 1.89 1.92 1.79
-0.03 -0.34 -0.05 5.64 -260.45 48.51 -0.06 -0.78 -0.13 1.75 1.79 1.87 1.77
0.04 -0.32 -0.29 0.32 -223.37 72.49 0.08 -0.64 -0.72 1.69 1.86 1.81 1.67
-0.06 -0.39 -0.64 17.23 -219.21 79.42 -0.14 -0.90 -1.47 1.71 1.81 1.79 1.63
-0.09 -0.51 -0.87 65.35 -224.73 86.23 -0.20 -1.18 -2.07 1.65 1.72 1.79 1.60
-0.27 -0.62 -1.08 93.88 -253.90 88.02 -0.62 -1.43 -2.48 1.61 1.78 1.66 1.61
-0.60 -0.84 -1.09 127.35 -286.72 91.88 -1.38 -1.93 -2.50 1.67 1.60 1.68 1.54
-0.92 -0.64 -0.69 92.08 -286.72 116.61 -2.10 -1.50 -1.63 1.62 1.63 1.57 1.59
-0.98 0.02 -0.16 89.23 -286.72 137.85 -2.24 0.05 -0.38 1.61 1.57 1.56 1.52
-0.64 -0.16 0.23 47.23 -286.72 122.42 -1.72 -0.52 0.62 1.64 1.52 1.52 1.52
-1.32 1.01 0.82 -149.22 -286.72 139.63 -3.04 2.32 1.87 1.59 1.54 1.54 1.46
-0.80 0.83 2.00 -152.85 -286.72 143.08 -1.75 1.61 4.59 1.63 1.51 1.48 1.52
-1.05 0.96 1.97 -187.15 -95.19 210.96 -2.42 2.21 4.51 1.61 1.48 1.49 1.50
-0.63 1.69 2.00 -207.60 -42.99 201.01 -1.44 3.47 4.59 1.61 1.51 1.48 1.49
0.24 1.56 2.00 11.34 -63.84 135.80 0.49 3.35 4.59 1.58 1.47 1.51 1.51
-0.32 1.26 2.00 109.65 -105.36 10.53 -0.73 2.89 4.59 1.56 1.57 1.47 1.49
-0.03 1.11 2.00 100.33 -111.71 -43.92 -0.12 2.44 4.59 1.56 1.52 1.50 1.51
-0.05 0.85 2.00 114.07 -36.99 -74.91 -0.12 1.95 4.59 1.61 1.47 1.49 1.48
-0.05 0.76 1.74 73.96 -8.86 -101.41 -0.10 1.80 4.06 1.58 1.51 1.51 1.47
0.06 0.60 1.67 67.84 52.86 -78.01 0.18 1.38 3.83 1.60 1.55 1.47 1.48
0.14 0.44 1.68 136.59 17.94 -76.06 0.32 1.00 3.86 1.59 1.53 1.54 1.48
0.04 0.36 1.33 178.69 21.32 -57.19 0.09 0.77 3.00 1.60 1.48 1.54 1.48
0.15 0.18 1.22 167.96 26.59 -54.42 0.34 0.41 2.79 1.63 1.48 1.50 1.51
0.17 0.12 1.22 159.38 -4.26 -61.44 0.44 0.32 2.75 1.62 1.52 1.49 1.48
0.05 0.21 1.11 126.11 -16.69 -59.47 0.11 0.48 2.54 1.61 1.53 1.50 1.52
0.00 0.21 1.10 88.09 -11.48 -60.29 0.01 0.49 2.51 1.65 1.47 1.54 1.47
-0.02 0.14 1.17 58.94 4.77 -46.24 0.03 0.35 2.74 1.61 1.53 1.47 1.51
0.06 0.30 1.31 21.59 2.89 -38.47 0.13 0.69 3.02 1.58 1.57 1.47 1.54
0.05 0.29 1.16 8.21 14.97 -39.31 0.12 0.66 2.64 1.59 1.55 1.48 1.47
0.09 0.31 1.15 -22.65 17.86 -24.11 0.21 0.71 2.64 1.63 1.53 1.52 1.50
0.11 0.32 1.06 -33.12 14.87 -6.92 0.25 0.73 2.43 1.62 1.55 1.51 1.48
0.13 0.33 1.02 -24.99 0.39 2.95 0.30 0.75 2.35 1.57 1.56 1.50 1.48
0.10 0.30 1.00 -0.18 -13.09 9.30 0.22 0.68 2.29 1.60 1.54 1.48 1.51
0.06 0.19 1.00 18.77 -14.17 8.15 0.13 0.41 2.29 1.56 1.54 1.49 1.52
0.02 0.16 1.02 26.82 -14.05 5.91 0.04 0.36 2.30 1.57 1.59 1.47 1.55
-0.02 0.12 1.00 15.53 -4.07 -1.21 -0.04 0.28 2.31 1.61 1.48 1.54 1.48
-0.04 0.10 0.95 8.34 -0.01 -5.89 -0.10 0.21 2.18 1.61 1.53 1.48 1.50
-0.04 0.12 0.92 -3.79 -1.01 -7.44 -0.09 0.27 2.10 1.56 1.55 1.48 1.48
-0.03 0.11 0.93 -10.74 -2.88 -4.51 -0.08 0.26 2.13 1.56 1.50 1.52 1.53
-0.03 0.12 0.96 -12.43 -6.41 -1.97 -0.05 0.29 2.21 1.58 1.49 1.52 1.52
-0.03 0.10 1.01 -2.87 -10.67 -1.15 -0.07 0.23 2.33 1.64 1.47 1.54 1.48
-0.04 0.09 1.04 1.59 -8.10 -4.15 -0.09 0.19 2.39 1.60 1.56 1.47 1.54
-0.01 0.08 1.02 -1.30 0.52 -1.23 -0.02 0.20 2.35 1.64 1.54 1.54 1.52
0.02 0.18 1.00 -3.81 2.95 2.19 0.04 0.41 2.29 1.64 1.49 1.50 1.51
0.04 0.25 0.99 -8.37 2.59 5.70 0.08 0.58 2.29 1.61 1.53 1.49 1.53
0.04 0.25 1.00 -6.84 -0.45 6.67 0.10 0.57 2.29 1.63 1.56 1.48 1.49
0.04 0.21 1.04 -2.74 -4.08 4.55 0.08 0.48 2.40 1.58 1.49 1.50 1.49
-0.01 0.15 1.04 1.34 -1.86 -0.40 -0.02 0.32 2.38 1.56 1.56 1.49 1.50
0.00 0.14 1.00 1.55 1.33 -3.75 0.01 0.31 2.29 1.65 1.51 1.49 1.53
0.03 0.17 0.96 -3.22 6.17 -4.91 0.07 0.40 2.21 1.59 1.56 1.53 1.49
0.05 0.22 0.94 -10.82 9.77 -4.43 0.14 0.53 2.15 1.64 1.49 1.51 1.52
0.07 0.28 0.96 -13.16 9.84 -4.01 0.16 0.63 2.20 1.64 1.52 1.50 1.53
0.05 0.23 0.98 -8.89 8.65 -4.09 0.08 0.53 2.25 1.61 1.54 1.53 1.51
0.01 0.17 0.97 4.16 4.18 -4.36 0.02 0.37 2.22 1.65 1.51 1.50 1.55
-0.02 0.12 0.98 9.14 1.27 -4.83 -0.04 0.27 2.25 1.65 1.49 1.53 1.52
-0.03 0.12 0.97 6.26 -0.41 -4.40 -0.06 0.28 2.23 1.66 1.49 1.52 1.51
-0.01 0.14 1.00 -1.84 0.55 -2.90 -0.01 0.34 2.31 1.60 1.50 1.52 1.54
0.02 0.20 1.03 -4.11 4.28 -2.69 0.06 0.46 2.36 1.61 1.54 1.53 1.51
0.02 0.20 1.01 -7.24 11.45 -2.30 0.05 0.44 2.32 1.59 1.51 1.53 1.48
0.03 0.21 1.01 -9.92 17.93 -4.11 0.07 0.48 2.33 1.62 1.54 1.53 1.50
0.02 0.18 1.00 -8.28 23.38 -7.67 0.04 0.42 2.30 1.57 1.58 1.52 1.50
0.01 0.16 0.96 -2.46 18.17 -10.83 0.01 0.37 2.21 1.58 1.49 1.53 1.53
0.01 0.17 1.00 -5.22 13.29 -11.44 0.02 0.40 2.29 1.60 1.53 1.52 1.50
0.02 0.18 1.04 -9.78 12.85 -11.26 0.04 0.43 2.39 1.59 1.57 1.50 1.52
0.04 0.20 1.06 -12.94 15.56 -9.66 0.08 0.45 2.44 1.60 1.51 1.52 1.51
0.03 0.19 1.08 -11.44 21.20 -9.62 0.08 0.44 2.48 1.63 1.54 1.49 1.53

1.06 0.18 0.00 -9.85 -7.64 2.07 2.43 0.41 0.01 2.01 2.23 2.22 2.03
1.00 0.21 0.04 -12.57 -10.97 0.33 2.27 0.49 0.11 1.97 2.17 2.30 2.03
0.92 0.19 0.10 -10.26 -6.40 -1.01 2.10 0.42 0.24 1.94 2.21 2.31 2.08
0.91 0.16 0.12 -11.51 4.14 -0.46 2.09 0.36 0.27 2.00 2.23 2.20 2.13
0.99 0.17 0.07 -13.27 13.82 4.48 2.29 0.40 0.15 1.97 2.22 2.27 2.05
1.09 0.20 0.00 -14.71 11.57 5.98 2.50 0.45 0.01 1.99 2.18 2.22 2.10
1.10 0.20 -0.02 -15.11 2.06 5.45 2.52 0.46 -0.03 1.93 2.23 2.26 2.05
1.10 0.13 -0.03 -13.99 -6.92 3.87 2.45 0.38 -0.09 2.01 2.14 2.32 2.07
1.08 0.16 -0.03 -19.79 -14.67 2.77 2.49 0.36 -0.06 1.99 2.19 2.23 2.10
0.89 0.24 0.11 -24.95 -16.89 1.24 1.98 0.59 0.29 2.00 2.13 2.30 2.06
0.84 0.25 0.18 -17.15 5.37 5.51 1.92 0.57 0.40 1.95 2.20 2.25 2.07
0.97 0.16 0.10 -13.86 20.46 8.32 2.23 0.37 0.20 1.91 2.26 2.18 2.12
1.10 0.11 -0.01 -20.63 15.64 14.94 2.56 0.25 -0.03 1.91 2.25 2.21 2.11
1.11 0.13 -0.06 -28.85 -0.95 20.64 2.56 0.31 -0.15 1.99 2.21 2.24 2.04
1.16 0.21 -0.11 -36.34 -17.18 19.92 2.60 0.47 -0.23 1.91 2.18 2.30 2.04
1.14 0.15 -0.12 -35.18 -36.90 20.02 2.63 0.34 -0.28 1.98 2.12 2.30 2.03
0.94 0.21 -0.01 -41.33 -52.74 12.44 2.10 0.51 -0.02 1.95 2.20 2.27 2.06
0.73 0.33 0.15 -41.25 -44.52 14.20 1.64 0.70 0.34 1.98 2.18 2.20 2.08
0.74 0.26 0.20 -31.94 -14.98 21.44 1.71 0.61 0.47 1.94 2.13 2.26 2.06
0.95 0.22 0.11 -33.06 3.65 28.55 2.09 0.48 0.17 1.93 2.16 2.26 2.08
1.06 0.26 -0.00 -41.88 9.34 30.82 2.44 0.60 -0.00 1.91 2.13 2.29 2.11
1.11 0.32 -0.03 -44.42 2.14 29.19 2.51 0.77 -0.07 1.89 2.24 2.21 2.06
1.20 0.34 -0.10 -46.32 -6.99 19.62 2.69 0.90 -0.21 1.89 2.21 2.18 2.12
1.28 0.35 -0.08 -48.64 -26.20 6.26 2.94 0.80 -0.19 1.92 2.20 2.27 2.07
1.18 0.38 -0.12 -49.46 -39.94 -5.33 2.68 0.83 -0.18 1.92 2.18 2.22 2.06
1.04 0.39 -0.07 -52.05 -53.74 -16.99 2.38 0.89 -0.16 1.86 2.12 2.23 2.11
1.00 0.41 0.02 -44.96 -50.41 -24.77 2.19 0.78 -0.00 1.91 2.11 2.30 2.03
0.95 0.38 0.01 -41.29 -41.49 -27.08 2.18 0.88 0.02 1.88 2.22 2.21 2.03
0.96 0.33 0.02 -41.34 -31.33 -34.82 2.20 0.76 0.04 1.82 2.12 2.30 2.03
0.94 0.28 -0.02 -53.26 -24.01 -38.22 2.27 0.67 -0.07 1.79 2.21 2.15 2.12
1.00 0.28 -0.04 -59.22 -7.61 -39.38 2.30 0.63 -0.08 1.84 2.12 2.15 2.03
0.97 0.21 -0.05 -63.55 -11.48 -39.17 2.13 0.52 -0.10 1.81 2.13 2.17 1.99
0.89 0.15 -0.04 -66.65 -26.60 -41.37 2.04 0.35 -0.10 1.80 2.08 2.14 2.04
0.82 0.10 -0.00 -66.06 -43.24 -43.29 1.89 0.23 -0.00 1.79 2.07 2.12 1.93
0.67 0.09 0.05 -62.06 -54.58 -42.38 1.53 0.18 0.17 1.80 2.00 2.10 1.93
0.58 0.01 0.05 -60.15 -60.83 -40.90 1.32 0.01 0.10 1.80 1.95 2.08 1.94
0.52 -0.06 0.03 -60.02 -63.72 -30.42 1.23 -0.18 0.08 1.75 1.94 2.08 1.91
0.45 -0.15 -0.02 -51.99 -78.51 -14.46 1.06 -0.35 -0.03 1.81 1.88 2.08 1.81
0.26 -0.28 -0.23 -39.22 -115.30 -1.99 0.59 -0.65 -0.54 1.72 1.93 2.01 1.79
0.28 -0.42 -0.39 -50.36 -131.03 28.87 0.53 -0.89 -0.95 1.72 1.91 2.03 1.76
0.12 -0.45 -0.62 -45.40 -165.13 59.15 0.27 -1.03 -1.43 1.71 1.92 1.94 1.72
0.07 -0.55 -0.94 -27.78 -209.66 98.32 0.12 -1.34 -2.21 1.78 1.81 1.96 1.69
0.03 -0.51 -1.22 9.89 -280.31 134.65 0.07 -1.17 -2.80 1.71 1.82 1.86 1.71
-0.02 -0.49 -1.41 84.90 -286.72 180.54 0.10 -0.99 -3.14 1.75 1.79 1.81 1.63
-0.35 -0.67 -1.48 160.50 -286.72 207.33 -0.97 -1.64 -3.40 1.69 1.71 1.79 1.63
-0.37 -0.11 -1.72 234.19 -286.72 135.31 -0.84 -0.26 -3.95 1.70 1.63 1.71 1.62
-1.22 -0.51 -1.47 263.96 -286.72 86.44 -2.79 -1.22 -3.08 1.71 1.59 1.70 1.58
-1.37 -0.14 -1.01 240.76 -286.72 74.65 -3.14 -0.33 -2.32 1.68 1.59 1.61 1.57
-1.33 0.63 -0.11 193.02 -286.72 27.68 -3.14 1.44 0.01 1.65 1.51 1.65 1.47
-1.31 0.69 1.44 45.88 -286.72 -14.18 -3.01 1.59 3.31 1.61 1.54 1.60 1.54
-1.14 0.75 2.00 -138.71 -286.72 -74.62 -2.93 1.58 4.59 1.58 1.58 1.53 1.53
-1.16 0.39 2.00 -286.72 -273.30 20.37 -2.18 0.89 4.59 1.65 1.47 1.57 1.48
-0.68 1.56 2.00 -286.72 -229.31 -66.30 -1.55 3.58 4.59 1.57 1.52 1.53 1.53
-0.63 1.19 2.00 -121.96 -103.78 -79.90 -1.29 2.60 4.59 1.58 1.50 1.55 1.47
0.03 0.99 2.00 -86.78 18.78 -31.67 0.07 2.27 4.59 1.59 1.56 1.48 1.54
0.35 1.14 2.00 -145.00 96.52 10.37 0.55 2.26 4.59 1.60 1.56 1.47 1.54
0.84 1.39 2.00 14.96 2.73 -1.81 1.94 3.19 4.59 1.58 1.56 1.48 1.53
0.75 1.08 1.82 131.15 -7.87 -43.13 1.73 2.48 4.19 1.62 1.53 1.53 1.50
0.54 0.37 1.68 286.68 -122.03 -113.86 1.17 0.77 3.74 1.62 1.55 1.49 1.55
0.50 0.39 1.32 286.68 -82.57 -73.33 1.14 0.90 3.04 1.64 1.53 1.49 1.48
0.52 -0.05 1.09 286.68 -181.77 -91.56 0.91 -0.15 2.58 1.60 1.50 1.55 1.47
0.33 -0.25 0.87 286.68 -237.96 -66.64 0.76 -0.57 1.99 1.59 1.49 1.57 1.50
0.34 0.03 0.81 212.83 -208.49 -4.39 0.69 0.22 1.88 1.62 1.56 1.53 1.48
0.24 0.20 0.91 133.74 -83.54 39.00 0.64 0.31 2.00 1.61 1.57 1.50 1.50
0.18 -0.02 0.93 78.75 -36.91 39.31 0.41 -0.05 2.13 1.64 1.48 1.56 1.48
0.13 -0.10 1.03 29.40 -2.79 39.83 0.23 -0.28 2.40 1.62 1.54 1.52 1.49
0.04 -0.14 1.16 -60.54 31.80 21.00 0.08 -0.33 2.66 1.59 1.51 1.56 1.54
0.02 -0.01 1.34 -153.82 62.06 19.24 0.06 0.02 3.08 1.63 1.53 1.50 1.53
-0.09 0.01 1.39 -185.79 99.20 -9.41 -0.12 0.05 3.23 1.58 1.58 1.48 1.55
0.13 0.01 1.24 -178.53 91.18 -22.15 0.30 0.01 2.85 1.62 1.49 1.54 1.50
0.25 0.18 1.05 -137.36 72.24 -7.24 0.53 0.69 2.42 1.60 1.58 1.48 1.52
0.25 0.29 1.07 -53.76 24.76 0.78 0.57 0.66 2.46 1.59 1.52 1.54 1.49
0.24 0.16 1.16 36.49 -13.61 -2.03 0.54 0.34 2.66 1.58 1.56 1.53 1.50
0.14 0.05 1.00 109.31 -45.78 -14.62 0.31 0.10 2.28 1.60 1.50 1.56 1.48
0.08 -0.00 0.98 118.05 -65.73 -16.50 0.17 -0.01 2.25 1.65 1.48 1.56 1.49
0.05 -0.05 0.92 96.01 -57.80 -12.76 0.10 -0.06 2.07 1.67 1.47 1.53 1.54
-0.01 -0.05 0.91 40.54 -29.73 -7.07 -0.03 -0.11 2.09 1.68 1.50 1.53 1.53
0.00 -0.04 1.00 1.44 -9.75 -4.38 -0.03 -0.11 2.31 1.66 1.50 1.52 1.55
0.02 -0.02 1.03 -33.89 7.26 1.24 0.03 -0.05 2.37 1.66 1.52 1.51 1.56
0.04 -0.02 1.05 -60.79 19.96 0.46 0.10 -0.05 2.40 1.63 1.54 1.54 1.50
0.07 0.04 1.03 -71.79 21.64 -0.84 0.18 0.10 2.39 1.59 1.52 1.55 1.49
0.13 0.08 1.09 -61.82 14.24 1.43 0.31 0.18 2.51 1.59 1.51 1.56 1.53
0.11 0.14 1.09 -27.21 -6.41 -2.23 0.26 0.32 2.50 1.61 1.53 1.54 1.49
0.13 0.09 1.07 6.98 -15.72 -5.90 0.31 0.18 2.44 1.65 1.56 1.56 1.54
0.12 0.04 1.03 26.02 -20.51 -8.16 0.28 0.09 2.36 1.62 1.56 1.52 1.49
0.10 0.01 1.01 29.41 -17.48 -9.05 0.22 -0.01 2.31 1.63 1.55 1.52 1.52
0.08 -0.03 0.96 18.43 -13.79 -10.22 0.19 -0.07 2.21 1.65 1.52 1.51 1.53
0.05 -0.01 0.98 4.03 -9.39 -8.09 0.11 -0.03 2.25 1.66 1.49 1.57 1.49
0.05 -0.00 0.99 -8.68 2.49 -4.33 0.09 -0.02 2.26 1.65 1.56 1.51 1.56
0.02 -0.04 1.00 -18.62 9.65 -4.09 0.04 -0.10 2.29 1.61 1.55 1.51 1.55
0.02 -0.04 1.00 -22.62 8.44 -3.59 0.06 -0.08 2.29 1.63 1.55 1.54 1.54
0.04 -0.03 1.00 -19.08 4.09 -1.92 0.10 -0.08 2.29 1.59 1.59 1.50 1.52
0.07 -0.02 1.00 -15.33 -0.13 -0.08 0.16 -0.06 2.30 1.60 1.54 1.52 1.52
0.08 0.00 1.03 -13.04 -0.72 2.14 0.18 0.02 2.38 1.62 1.56 1.50 1.52

1.10 0.10 -0.10 -11.65 -19.18 1.18 2.49 0.23 -0.23 2.02 2.14 2.30 2.04
0.91 0.23 0.01 -14.00 -27.67 -3.11 2.09 0.53 0.03 1.98 2.21 2.23 2.06
0.79 0.23 0.12 -1.15 -18.24 -3.22 1.79 0.50 0.29 2.00 2.15 2.27 2.06
0.84 0.05 0.13 3.89 -2.26 -2.81 1.96 0.09 0.28 1.91 2.27 2.18 2.11
0.99 0.01 0.06 -5.62 6.17 4.55 2.28 0.02 0.13 1.99 2.22 2.20 2.10
1.14 0.09 -0.00 -16.00 0.47 9.87 2.63 0.23 -0.00 1.98 2.16 2.24 2.13
1.13 0.17 0.01 -16.29 -14.52 6.65 2.59 0.39 0.02 2.01 2.19 2.24 2.10
1.11 0.18 0.02 -13.12 -23.04 -1.39 2.55 0.41 0.05 1.95 2.21 2.23 2.03
1.07 0.14 0.06 -10.65 -32.20 -7.82 2.41 0.35 0.16 1.91 2.20 2.30 2.04
0.87 0.16 0.18 -4.32 -29.51 -6.78 2.01 0.36 0.41 1.91 2.27 2.21 2.08
0.91 0.11 0.18 -0.33 -12.68 -2.96 2.12 0.23 0.41 1.90 2.27 2.21 2.10
0.98 0.05 0.15 -5.01 0.47 2.68 2.25 0.12 0.35 1.97 2.23 2.26 2.06
1.12 0.05 0.08 -15.86 6.56 8.04 2.56 0.12 0.17 1.95 2.22 2.21 2.14
1.19 0.08 0.03 -23.36 1.48 12.84 2.74 0.19 0.07 1.96 2.17 2.27 2.10
1.22 0.07 -0.01 -25.41 -15.71 11.54 2.80 0.15 -0.03 1.93 2.23 2.24 2.10
1.18 0.08 -0.01 -29.65 -29.23 4.29 2.74 0.15 -0.05 1.96 2.22 2.27 2.09
1.26 0.07 -0.08 -39.96 -45.07 -3.96 2.84 0.16 -0.18 1.95 2.18 2.30 2.04
0.82 0.32 0.19 -46.46 -55.89 -4.51 1.88 0.73 0.43 1.96 2.20 2.24 2.02
0.71 0.31 0.31 -16.62 -21.71 1.36 1.65 0.67 0.72 1.88 2.16 2.29 2.10
1.02 0.04 0.19 -0.89 1.72 11.80 2.33 0.09 0.43 1.99 2.20 2.20 2.06
1.09 -0.03 0.13 -5.31 -6.97 20.71 2.48 -0.08 0.32 1.90 2.24 2.29 2.03
1.09 0.05 0.10 -24.03 -8.99 25.16 2.49 0.11 0.23 1.90 2.22 2.27 2.06
1.17 0.17 0.09 -28.74 -8.03 23.84 2.68 0.40 0.21 1.88 2.25 2.18 2.13
1.26 0.21 0.02 -25.00 -23.66 19.52 2.92 0.45 0.01 1.88 2.22 2.26 2.02
1.32 0.29 -0.08 -25.02 -45.36 3.77 3.03 0.66 -0.18 1.89 2.21 2.21 2.09
1.23 0.29 -0.05 -22.85 -68.29 -8.03 2.87 0.65 -0.11 1.87 2.22 2.19 2.12
1.10 0.32 -0.01 -20.55 -82.88 -13.86 2.53 0.74 -0.03 1.92 2.16 2.23 2.09
1.04 0.28 0.04 -12.54 -86.31 -12.28 2.40 0.64 0.13 1.90 2.17 2.21 2.04
0.86 0.19 0.14 -10.43 -87.94 -12.01 2.07 0.37 0.30 1.86 2.17 2.22 2.10
0.90 0.05 0.18 -24.33 -73.53 -9.50 2.06 0.11 0.42 1.80 2.22 2.19 2.11
0.89 0.01 0.15 -59.36 -55.43 -0.36 2.01 -0.01 0.30 1.82 2.15 2.22 2.04
0.91 0.09 0.09 -97.57 -43.60 6.57 2.10 0.20 0.20 1.79 2.15 2.20 2.05
0.94 0.20 0.04 -107.42 -40.77 4.46 2.18 0.49 0.08 1.75 2.14 2.17 2.01
0.88 0.30 -0.01 -102.78 -53.88 -2.43 1.99 0.76 -0.06 1.80 2.05 2.13 1.99
0.75 0.26 -0.03 -82.36 -74.75 -8.05 1.73 0.61 -0.08 1.77 2.03 2.16 1.98
0.85 0.36 0.06 -30.51 -145.95 0.62 1.78 0.58 0.12 1.75 2.06 2.15 1.91
0.58 0.04 0.08 -20.18 -196.91 22.79 1.33 0.09 0.19 1.74 1.97 2.08 1.92
0.50 -0.02 0.09 -32.02 -242.79 36.59 1.03 -0.03 0.19 1.75 1.94 2.03 1.86
0.27 0.04 0.09 -43.90 -215.48 54.27 0.64 0.10 0.20 1.74 1.97 1.95 1.85
0.15 -0.09 0.04 -38.61 -201.05 64.72 0.34 -0.21 0.09 1.77 1.84 1.97 1.73
0.23 0.05 -0.09 -40.63 -191.23 42.42 0.51 0.05 -0.19 1.74 1.86 1.85 1.68
0.07 -0.17 -0.27 -36.64 -193.30 36.02 0.15 -0.39 -0.61 1.69 1.79 1.80 1.67
0.17 -0.23 -0.55 -17.67 -235.97 2.42 0.04 -0.77 -1.24 1.69 1.79 1.82 1.62
-0.04 -0.30 -0.57 -37.73 -240.49 44.10 -0.10 -0.68 -1.31 1.65 1.81 1.71 1.68
-0.13 -0.42 -0.90 -34.68 -279.04 47.96 -0.19 -0.77 -2.01 1.68 1.69 1.72 1.62
-0.15 -0.52 -0.97 11.94 -286.72 63.12 -0.36 -1.18 -2.23 1.63 1.74 1.66 1.60
-0.22 -0.51 -1.25 14.92 -286.66 58.24 -0.50 -1.16 -2.88 1.69 1.62 1.69 1.54
-0.36 -0.66 -1.45 47.28 -260.92 121.53 -0.85 -1.45 -3.35 1.66 1.60 1.63 1.53
-0.54 -0.33 -1.20 76.89 -286.69 145.50 -1.25 -0.77 -2.75 1.68 1.57 1.58 1.54
-0.65 0.03 -0.69 46.68 -286.72 149.04 -1.38 0.17 -1.39 1.68 1.55 1.60 1.53
-0.77 0.41 0.13 19.95 -286.72 139.40 -1.77 0.93 0.30 1.65 1.53 1.53 1.51
-0.88 0.58 0.81 -1.04 -286.72 103.17 -2.07 1.49 2.22 1.65 1.48 1.56 1.50
-0.91 1.19 2.00 -172.38 -286.72 51.10 -2.09 2.74 4.59 1.60 1.50 1.49 1.50
-1.15 1.40 2.00 -286.72 -123.36 197.86 -2.38 3.14 4.59 1.59 1.53 1.54 1.54
-0.17 1.90 2.00 -216.90 -94.20 128.50 -0.28 4.37 4.59 1.63 1.47 1.54 1.49
-0.07 1.66 2.00 19.18 -86.62 -0.19 -0.17 3.81 4.59 1.58 1.53 1.53 1.51
-0.08 1.36 2.00 -11.02 3.20 -57.57 -0.09 2.95 4.59 1.62 1.50 1.47 1.48
0.20 1.20 2.00 4.80 16.92 -64.37 0.46 2.75 4.59 1.62 1.53 1.48 1.53
0.13 1.31 2.00 78.29 -69.82 -55.69 0.14 2.92 4.59 1.59 1.53 1.48 1.54
0.33 0.77 2.00 226.04 -11.35 -27.18 0.76 1.77 4.59 1.61 1.54 1.53 1.54
0.16 0.52 1.79 285.86 -18.80 -20.82 0.44 1.19 4.07 1.57 1.49 1.49 1.52
0.20 0.17 1.43 281.87 -5.28 -31.75 0.51 0.34 3.31 1.58 1.54 1.48 1.52
0.31 -0.03 1.24 224.88 11.84 -57.36 0.72 -0.06 2.85 1.64 1.47 1.55 1.48
0.20 -0.02 0.94 163.92 16.84 -49.15 0.45 0.00 2.05 1.61 1.52 1.48 1.48
0.27 0.16 0.81 116.33 -2.68 -28.90 0.62 0.36 1.87 1.65 1.48 1.53 1.50
0.27 0.21 0.86 111.33 -24.57 -37.38 0.61 0.49 1.97 1.64 1.49 1.50 1.54
0.20 0.16 0.89 92.87 -52.19 -41.32 0.46 0.36 2.04 1.56 1.50 1.52 1.54
0.11 0.16 1.02 45.49 -47.92 -40.56 0.25 0.37 2.34 1.60 1.49 1.49 1.53
0.09 0.15 1.10 -10.26 -12.30 -40.09 0.17 0.35 2.53 1.60 1.52 1.50 1.52
0.03 0.22 1.17 -79.44 27.22 -21.24 0.08 0.51 2.69 1.58 1.55 1.50 1.52
0.07 0.23 1.14 -121.75 57.37 -5.36 0.14 0.55 2.60 1.61 1.49 1.49 1.50
0.10 0.34 1.09 -115.78 63.88 10.55 0.24 0.78 2.51 1.59 1.55 1.48 1.56
0.16 0.31 1.06 -71.50 47.92 12.98 0.44 0.70 2.42 1.61 1.49 1.55 1.50
0.18 0.32 1.00 -18.07 10.34 7.99 0.38 0.73 2.30 1.61 1.52 1.50 1.54
0.15 0.24 1.03 30.81 -19.15 -2.66 0.34 0.55 2.36 1.58 1.52 1.51 1.52
0.08 0.17 1.01 70.05 -34.02 -10.33 0.16 0.38 2.32 1.63 1.55 1.49 1.52
0.03 0.08 1.00 81.57 -35.71 -13.12 0.06 0.19 2.30 1.58 1.51 1.51 1.53
-0.01 0.01 0.97 64.81 -20.35 -9.57 -0.00 0.02 2.23 1.64 1.55 1.49 1.52
0.03 0.04 0.93 24.61 -4.65 -3.12 0.06 0.09 2.14 1.61 1.53 1.53 1.50
0.07 0.11 0.90 -3.09 4.55 3.64 0.16 0.25 2.06 1.63 1.49 1.53 1.54
0.11 0.15 0.91 -19.69 5.43 8.15 0.27 0.38 2.11 1.61 1.51 1.54 1.52
0.11 0.17 0.97 -27.31 2.95 7.40 0.25 0.38 2.23 1.60 1.53 1.52 1.52
0.09 0.14 1.02 -27.38 1.80 3.30 0.20 0.32 2.36 1.62 1.54 1.49 1.53
0.07 0.12 1.07 -27.72 8.66 -2.40 0.16 0.26 2.44 1.60 1.56 1.49 1.57
0.09 0.15 1.09 -23.82 12.84 -3.28 0.21 0.35 2.51 1.59 1.55 1.49 1.57
0.14 0.23 1.05 -11.73 14.53 -2.13 0.31 0.52 2.39 1.58 1.54 1.50 1.51
0.15 0.25 1.01 -2.98 8.93 -2.24 0.36 0.58 2.33 1.58 1.50 1.53 1.55
0.15 0.22 1.02 1.51 1.43 -1.33 0.33 0.50 2.34 1.64 1.53 1.53 1.56
0.15 0.19 1.04 6.34 -6.64 1.28 0.36 0.45 2.41 1.57 1.55 1.50 1.54
0.14 0.19 1.07 0.38 -9.13 2.01 0.31 0.44 2.47 1.62 1.52 1.51 1.50
0.11 0.13 1.12 -1.35 -3.18 -3.98 0.24 0.29 2.58 1.58 1.54 1.53 1.51

1.01 0.16 0.09 -5.15 7.49 7.47 2.31 0.36 0.20 1.99 2.20 2.20 2.14
1.04 0.18 0.08 -9.86 5.64 1.01 2.34 0.41 0.22 2.05 2.13 2.31 2.06
0.99 0.17 0.09 -8.84 -2.08 -2.65 2.28 0.38 0.21 2.00 2.23 2.30 2.13
0.93 0.18 0.14 -8.08 -5.53 -5.02 2.13 0.42 0.31 2.07 2.13 2.31 2.03
0.88 0.18 0.17 -3.23 1.40 -4.40 2.02 0.41 0.38 1.98 2.19 2.26 2.09
0.91 0.13 0.15 0.05 6.42 -2.08 2.10 0.29 0.35 1.99 2.17 2.24 2.14
0.95 0.12 0.13 -1.04 9.30 0.40 2.15 0.25 0.29 2.04 2.24 2.25 2.06
0.97 0.15 0.12 -1.72 8.01 2.68 2.23 0.33 0.27 1.99 2.15 2.19 2.06
1.02 0.14 0.09 -1.88 5.32 1.78 2.33 0.33 0.22 1.95 2.25 2.19 2.08
1.01 0.14 0.09 -0.54 -1.04 1.01 2.32 0.32 0.21 1.97 2.26 2.19 2.14
0.99 0.14 0.11 -0.19 -4.45 0.11 2.28 0.31 0.25 2.01 2.16 2.29 2.05
0.94 0.14 0.14 -1.31 -4.77 -2.30 2.16 0.32 0.31 2.00 2.20 2.24 2.10
0.91 0.16 0.17 -1.32 -0.46 -2.69 2.09 0.36 0.38 2.03 2.17 2.25 2.10
0.94 0.15 0.16 -1.49 5.75 -2.01 2.15 0.35 0.37 1.99 2.25 2.19 2.13
0.98 0.14 0.13 -2.42 9.49 -0.55 2.26 0.32 0.30 2.01 2.23 2.20 2.10
1.02 0.15 0.10 -4.22 8.71 0.00 2.34 0.33 0.23 1.99 2.17 2.24 2.11
1.04 0.14 0.07 -4.12 1.31 0.41 2.39 0.32 0.17 2.00 2.20 2.25 2.12
1.00 0.13 0.09 -3.90 -5.67 0.17 2.27 0.31 0.22 2.01 2.16 2.23 2.09
0.95 0.16 0.12 -4.78 -6.66 -1.40 2.18 0.37 0.27 2.04 2.21 2.25 2.10
0.92 0.15 0.13 -3.39 -4.46 -2.07 2.11 0.35 0.31 1.98 2.17 2.25 2.10
0.93 0.14 0.13 -1.83 -0.37 -1.98 2.14 0.33 0.31 2.05 2.17 2.24 2.08
0.96 0.13 0.12 -1.56 2.29 -0.75 2.19 0.30 0.27 2.01 2.16 2.25 2.06
0.98 0.13 0.10 -2.48 2.69 0.67 2.25 0.29 0.23 1.99 2.20 2.26 2.11
1.01 0.15 0.08 -2.82 -0.88 1.68 2.31 0.34 0.19 1.98 2.21 2.28 2.11
1.00 0.17 0.10 -1.93 -5.06 1.12 2.29 0.39 0.22 2.06 2.16 2.17 2.06
0.96 0.18 0.14 -0.85 -7.35 -0.32 2.20 0.40 0.31 2.00 2.20 2.26 2.12
0.95 0.17 0.16 -0.85 -3.71 -1.17 2.19 0.39 0.36 2.01 2.21 2.26 2.10
0.97 0.18 0.15 -1.98 -0.24 -1.63 2.23 0.41 0.35 2.06 2.23 2.20 2.05
0.99 0.18 0.14 -2.56 0.90 -2.03 2.27 0.42 0.34 1.97 2.16 2.26 2.12
1.00 0.17 0.13 -2.00 -0.11 -1.90 2.30 0.40 0.31 2.04 2.20 2.19 2.04
0.99 0.18 0.13 -2.78 -1.48 -2.39 2.28 0.40 0.29 2.02 2.15 2.20 2.06
1.01 0.16 0.12 -3.25 -2.63 -3.38 2.31 0.36 0.27 2.03 2.21 2.27 2.11
0.98 0.15 0.13 -3.64 -4.66 -3.59 2.26 0.35 0.30 2.03 2.22 2.26 2.06
0.93 0.14 0.17 -3.13 -3.57 -3.53 2.13 0.33 0.37 1.97 2.12 2.19 2.05
0.93 0.14 0.17 -4.50 3.34 -2.49 2.14 0.31 0.39 1.95 2.19 2.23 2.05
0.99 0.15 0.13 -4.52 5.44 -1.58 2.28 0.35 0.31 2.04 2.21 2.20 2.10
0.98 0.14 0.13 -3.66 3.59 -1.79 2.24 0.33 0.31 1.96 2.15 2.22 2.05
0.97 0.13 0.13 -3.12 2.77 -1.70 2.22 0.30 0.30 2.01 2.16 2.30 2.04
0.98 0.12 0.11 -3.15 2.28 -0.18 2.24 0.27 0.26 2.00 2.16 2.31 2.04
0.96 0.14 0.11 -4.65 0.47 0.55 2.21 0.32 0.26 1.99 2.14 2.27 2.11
0.96 0.17 0.13 -3.75 1.14 0.17 2.20 0.39 0.30 1.99 2.19 2.24 2.09
0.95 0.17 0.14 -2.35 3.14 -1.44 2.17 0.38 0.30 2.05 2.14 2.23 2.08
0.97 0.15 0.12 -1.59 5.77 -0.93 2.23 0.33 0.28 1.97 2.15 2.20 2.05
1.00 0.14 0.11 -2.62 5.68 -0.26 2.29 0.32 0.24 1.94 2.22 2.25 2.03
1.00 0.16 0.10 -2.90 2.70 0.41 2.30 0.37 0.23 1.96 2.14 2.19 2.04
1.00 0.17 0.10 -1.49 -1.81 -0.32 2.28 0.38 0.23 2.00 2.14 2.18 2.06
