0.09 0.11 1.12 -13.06 8.76 -5.58 0.21 0.24 2.57 1.57 1.57 1.52 1.52
0.13 0.15 1.05 -23.89 22.32 -2.63 0.29 0.35 2.40 1.58 1.50 1.50 1.50
0.15 0.20 0.98 -32.47 28.12 2.56 0.31 0.43 2.23 1.61 1.51 1.55 1.53
0.17 0.24 0.91 -31.53 24.37 6.12 0.39 0.54 2.09 1.63 1.55 1.51 1.57
0.17 0.21 0.91 -5.53 15.01 3.49 0.34 0.45 2.10 1.62 1.54 1.50 1.54
0.13 0.19 0.93 26.69 -2.94 -2.97 0.30 0.43 2.13 1.58 1.55 1.55 1.51
0.10 0.11 0.92 36.45 -5.50 -6.24 0.24 0.25 2.11 1.62 1.54 1.55 1.55
0.10 0.12 0.92 18.09 2.97 -3.23 0.22 0.29 2.11 1.65 1.51 1.53 1.56
0.11 0.14 0.91 -10.13 20.11 0.43 0.25 0.33 2.08 1.67 1.50 1.52 1.56
0.14 0.20 0.92 -28.17 28.92 3.91 0.32 0.45 2.10 1.61 1.56 1.51 1.54
0.15 0.23 0.88 -30.42 25.33 2.35 0.33 0.52 2.03 1.59 1.58 1.50 1.53
0.14 0.25 0.94 -18.14 10.06 2.62 0.33 0.57 2.15 1.63 1.56 1.52 1.51
0.12 0.24 0.96 -2.44 0.96 1.09 0.25 0.56 2.24 1.60 1.50 1.56 1.50
0.11 0.19 1.00 14.44 -6.02 -2.20 0.24 0.44 2.29 1.60 1.54 1.54 1.55
0.10 0.16 1.07 16.24 -1.94 -4.58 0.24 0.37 2.45 1.59 1.55 1.56 1.50
0.09 0.18 1.09 4.22 15.24 -6.15 0.21 0.40 2.50 1.61 1.54 1.54 1.53
0.13 0.20 1.10 -14.43 35.51 -7.23 0.30 0.46 2.53 1.65 1.52 1.53 1.55
0.18 0.24 1.10 -32.51 51.76 -6.97 0.41 0.57 2.56 1.64 1.52 1.51 1.53
0.16 0.24 1.04 -37.90 59.66 -9.13 0.36 0.56 2.39 1.64 1.56 1.57 1.52
0.20 0.19 1.02 -24.47 51.63 -11.22 0.47 0.44 2.34 1.66 1.50 1.59 1.49
0.21 0.24 1.03 -16.05 31.01 -8.67 0.51 0.53 2.37 1.60 1.59 1.53 1.54
0.22 0.24 1.15 -18.89 19.62 -8.68 0.51 0.55 2.64 1.64 1.56 1.58 1.53
0.23 0.26 1.26 -33.70 21.07 -5.91 0.52 0.60 2.90 1.59 1.54 1.55 1.58
0.24 0.29 1.39 -59.50 31.63 -4.54 0.54 0.67 3.20 1.61 1.59 1.53 1.55
0.26 0.37 1.46 -68.82 52.55 -0.53 0.59 0.91 3.33 1.61 1.52 1.54 1.52
0.24 0.47 1.25 -94.57 71.69 0.74 0.55 1.10 2.87 1.62 1.52 1.64 1.54
0.26 0.50 1.36 -60.13 116.52 -3.84 0.60 1.14 3.12 1.69 1.53 1.63 1.54
0.27 0.35 1.06 -15.84 122.48 -28.50 0.61 0.80 2.36 1.65 1.52 1.67 1.51
0.40 0.38 1.14 3.40 90.53 -31.42 0.91 0.87 2.62 1.66 1.55 1.67 1.53
0.36 0.37 1.16 -1.25 89.06 -38.14 0.94 0.86 2.69 1.66 1.56 1.72 1.60
0.33 0.50 1.14 23.36 104.05 -58.35 0.78 1.15 2.62 1.66 1.64 1.68 1.59
0.35 0.47 1.14 47.36 123.58 -77.63 0.81 1.09 2.63 1.68 1.58 1.71 1.53
0.31 0.37 1.06 61.26 138.91 -92.21 0.77 0.88 2.37 1.70 1.64 1.76 1.56
0.37 0.13 0.87 60.77 141.04 -93.04 0.84 0.29 2.01 1.67 1.66 1.81 1.56
0.51 -0.07 0.86 36.01 137.18 -74.73 1.15 -0.11 2.01 1.72 1.66 1.82 1.58
0.47 -0.02 1.01 14.45 154.73 -58.21 1.08 -0.04 2.31 1.67 1.67 1.89 1.59
0.46 0.06 0.93 -4.35 173.12 -54.77 1.03 0.16 2.08 1.68 1.74 1.85 1.65
0.49 0.16 0.92 -19.86 188.02 -56.00 1.15 0.40 2.11 1.71 1.69 1.99 1.60
0.52 0.24 0.92 -19.29 206.99 -63.01 1.20 0.56 2.12 1.72 1.72 1.93 1.66
0.54 0.23 0.84 -5.69 205.35 -70.60 1.32 0.57 1.87 1.67 1.79 2.00 1.63
0.60 0.12 0.67 6.30 187.34 -70.74 1.38 0.27 1.54 1.75 1.78 2.06 1.67
0.68 0.06 0.76 13.54 172.33 -59.17 1.55 0.20 1.75 1.70 1.89 2.09 1.74
0.66 0.03 0.73 25.84 160.60 -43.05 1.54 0.06 1.67 1.73 1.85 2.11 1.71
0.70 0.04 0.72 32.07 152.88 -32.88 1.60 0.09 1.64 1.69 1.97 2.07 1.76
0.67 0.09 0.70 34.28 147.35 -25.38 1.55 0.28 1.68 1.69 2.01 2.16 1.83
0.65 0.21 0.72 38.21 150.33 -27.53 1.49 0.49 1.65 1.76 1.95 2.19 1.83
0.59 0.22 0.64 43.89 157.36 -35.21 1.44 0.46 1.36 1.67 2.11 2.10 1.93
0.69 0.06 0.53 49.65 159.38 -23.16 1.59 0.14 1.21 1.69 2.11 2.20 1.92
0.80 -0.07 0.53 46.24 152.88 -1.61 1.80 -0.17 1.23 1.70 2.06 2.20 1.95
0.70 -0.06 0.56 39.89 150.89 19.30 1.61 -0.17 1.24 1.76 2.10 2.13 1.94
0.68 0.03 0.54 38.86 152.42 22.50 1.56 0.06 1.23 1.73 2.06 2.21 2.00
0.71 0.14 0.53 31.60 144.32 13.97 1.60 0.37 1.19 1.73 2.14 2.21 2.00
0.67 0.20 0.51 39.54 156.22 10.10 1.53 0.46 1.17 1.74 2.14 2.23 2.04
0.75 0.11 0.39 46.95 140.74 0.25 1.61 0.28 0.84 1.79 2.10 2.24 2.06
0.84 0.03 0.31 47.63 135.29 6.76 1.93 0.07 0.72 1.74 2.19 2.25 2.07
0.86 -0.02 0.28 44.28 123.53 20.94 1.97 -0.05 0.64 1.71 2.27 2.20 2.12
0.76 -0.05 0.33 34.14 110.77 30.88 1.82 -0.06 0.74 1.69 2.27 2.24 2.06
0.71 0.01 0.36 27.76 109.38 29.93 1.63 0.03 0.83 1.74 2.16 2.24 2.10
0.77 0.09 0.26 18.19 119.74 20.91 1.77 0.15 0.60 1.78 2.19 2.27 2.06
0.81 0.16 0.28 14.75 124.53 18.15 1.86 0.37 0.65 1.75 2.20 2.31 2.06
0.73 0.16 0.24 26.92 123.29 18.99 1.80 0.34 0.44 1.75 2.17 2.23 2.06
0.79 0.02 0.12 30.42 107.40 24.31 1.81 0.05 0.27 1.76 2.24 2.30 2.06
0.94 0.00 0.03 30.93 87.87 32.56 2.15 0.00 0.07 1.87 2.16 2.30 2.11
0.99 -0.00 0.06 28.09 66.64 38.24 2.22 0.04 0.11 1.80 2.26 2.31 2.07
0.83 0.10 0.07 26.52 49.39 39.44 1.91 0.22 0.17 1.84 2.20 2.32 2.06
0.73 0.18 0.10 27.46 41.59 29.99 1.59 0.50 0.22 1.87 2.22 2.24 2.15
0.71 0.14 0.09 37.91 44.32 23.80 1.63 0.31 0.22 1.84 2.30 2.21 2.17
0.90 0.15 0.05 44.44 41.62 11.33 2.06 0.31 0.10 1.88 2.20 2.26 2.13
0.88 0.04 -0.04 40.91 28.17 12.55 1.88 0.09 -0.04 1.91 2.16 2.34 2.06
0.98 0.07 -0.04 46.33 20.77 14.01 2.25 0.16 -0.09 1.96 2.28 2.27 2.08
0.98 0.05 -0.09 42.67 5.43 14.03 2.20 0.14 -0.22 1.98 2.26 2.30 2.14
0.95 0.14 -0.06 33.49 -1.36 6.36 2.18 0.32 -0.14 1.98 2.21 2.26 2.12
0.81 0.21 0.01 19.50 -2.00 2.86 1.85 0.49 0.03 2.04 2.19 2.25 2.13
0.84 0.22 0.05 16.56 10.62 -1.90 1.92 0.53 0.10 1.95 2.19 2.32 2.11
0.85 0.11 0.06 20.14 14.37 -0.96 1.95 0.25 0.14 1.96 2.28 2.22 2.18
0.89 0.10 0.03 21.69 9.22 2.35 2.06 0.24 0.05 2.00 2.23 2.21 2.16
0.92 0.09 0.01 14.93 6.34 6.65 2.12 0.20 0.03 1.99 2.19 2.26 2.12
0.92 0.10 0.06 8.37 5.22 12.19 2.10 0.26 0.14 2.01 2.24 2.22 2.17
0.93 0.15 0.08 1.66 6.62 14.17 2.15 0.37 0.20 1.96 2.23 2.25 2.11
0.95 0.20 0.08 1.72 5.57 13.79 2.17 0.47 0.19 1.99 2.25 2.21 2.14
0.93 0.20 0.09 4.58 -1.77 9.82 2.12 0.43 0.20 2.03 2.24 2.29 2.11
0.93 0.16 0.10 1.23 -2.16 3.55 2.13 0.38 0.24 1.99 2.21 2.29 2.08
0.93 0.17 0.13 -4.56 0.58 1.22 2.13 0.39 0.30 2.04 2.21 2.20 2.09
0.88 0.18 0.16 -5.02 1.71 3.15 2.04 0.42 0.37 1.99 2.22 2.27 2.12
0.89 0.20 0.19 -0.04 4.81 6.70 2.03 0.45 0.43 1.99 2.20 2.23 2.15
0.94 0.18 0.15 3.35 9.77 9.56 2.16 0.39 0.33 2.05 2.19 2.26 2.10
1.04 0.16 0.11 0.04 9.85 11.95 2.31 0.33 0.21 2.03 2.17 2.28 2.11