0.05 0.17 1.08 -10.72 28.67 -13.14 0.10 0.39 2.48 1.65 1.48 1.56 1.48
0.06 0.17 1.08 -11.46 37.33 -16.62 0.14 0.40 2.49 1.59 1.49 1.55 1.49
0.07 0.20 1.08 -14.31 50.71 -23.96 0.18 0.46 2.52 1.63 1.48 1.56 1.49
0.12 0.25 1.07 -27.06 63.88 -25.27 0.28 0.57 2.45 1.63 1.48 1.53 1.51
0.16 0.25 1.06 -34.91 68.61 -28.25 0.39 0.59 2.46 1.56 1.57 1.49 1.52
0.15 0.29 1.01 -41.47 73.04 -28.88 0.33 0.71 2.30 1.56 1.53 1.56 1.52
0.17 0.32 1.13 -49.70 75.64 -34.44 0.38 0.73 2.59 1.56 1.51 1.54 1.55
0.19 0.28 1.16 -46.92 90.97 -45.02 0.43 0.63 2.67 1.66 1.48 1.57 1.48
0.22 0.28 1.22 -46.33 100.94 -48.90 0.50 0.64 2.79 1.60 1.55 1.50 1.54
0.20 0.25 1.22 -49.28 106.15 -57.67 0.50 0.60 2.83 1.59 1.59 1.56 1.49
0.27 0.26 1.24 -46.86 107.62 -70.16 0.61 0.60 2.84 1.67 1.52 1.58 1.52
0.25 0.36 1.11 -63.06 80.67 -66.35 0.57 0.86 2.53 1.63 1.57 1.53 1.56
0.26 0.40 1.10 -54.09 62.73 -76.62 0.58 0.98 2.56 1.67 1.58 1.58 1.51
0.29 0.41 0.97 -33.61 89.28 -90.14 0.65 0.93 2.23 1.61 1.62 1.60 1.56
0.30 0.32 1.09 -15.57 96.74 -98.01 0.70 0.66 2.57 1.64 1.59 1.67 1.52
0.24 0.29 1.02 -1.12 139.07 -94.18 0.54 0.66 2.33 1.63 1.66 1.70 1.51
0.24 0.21 1.11 4.45 178.37 -95.85 0.58 0.42 2.52 1.65 1.60 1.83 1.56
0.36 0.14 1.00 -2.64 226.86 -91.27 0.83 0.27 2.26 1.68 1.71 1.87 1.61
0.57 0.33 0.80 -20.86 238.60 -79.23 1.31 0.77 1.84 1.66 1.80 1.88 1.68
0.49 0.42 0.92 -43.57 222.57 -90.22 1.15 0.91 1.97 1.69 1.87 2.01 1.73
0.67 0.26 0.79 -17.13 222.23 -79.96 1.54 0.59 1.80 1.66 1.97 2.03 1.76
0.68 0.24 0.89 -3.36 205.79 -60.13 1.58 0.53 2.04 1.71 1.99 2.01 1.82
0.79 0.21 0.83 2.36 184.72 -38.19 1.82 0.48 1.91 1.66 2.00 2.08 1.79
0.78 0.28 0.83 24.98 160.30 -30.20 1.79 0.65 1.91 1.66 2.08 2.07 1.90
0.76 0.21 0.79 35.70 135.09 -31.10 1.76 0.48 1.83 1.67 2.10 2.20 1.86
0.76 0.28 0.94 56.86 120.33 -26.12 1.75 0.63 2.17 1.72 2.06 2.15 1.95
0.67 0.19 0.83 76.77 114.95 -27.85 1.56 0.40 1.91 1.72 2.12 2.12 1.95
0.75 0.16 0.91 77.53 117.16 -17.18 1.73 0.36 2.09 1.68 2.11 2.24 1.97
0.72 0.18 0.87 74.94 124.43 -15.04 1.65 0.44 1.93 1.66 2.14 2.31 1.99
0.73 0.16 0.82 66.08 136.29 -8.73 1.72 0.39 1.88 1.65 2.14 2.29 2.07
0.81 0.19 0.80 62.24 145.09 -1.25 1.86 0.44 1.84 1.73 2.18 2.26 2.07
0.77 0.23 0.81 64.53 151.13 -3.31 1.83 0.55 1.85 1.73 2.15 2.34 2.07
0.70 0.34 0.83 77.77 158.61 0.52 1.60 0.79 1.92 1.71 2.20 2.31 2.11
0.65 0.21 0.79 102.12 164.37 -3.49 1.46 0.52 1.78 1.76 2.22 2.24 2.15
0.72 0.11 0.73 126.06 165.92 2.94 1.62 0.26 1.68 1.70 2.24 2.27 2.11
0.87 0.06 0.65 138.11 147.55 12.76 1.99 0.14 1.50 1.77 2.19 2.38 2.09
0.83 0.02 0.45 134.30 123.58 15.37 1.97 -0.02 1.11 1.75 2.26 2.32 2.12
0.68 0.01 0.61 136.49 109.05 22.89 1.57 0.01 1.40 1.78 2.30 2.26 2.10
0.63 0.07 0.59 136.70 101.31 25.34 1.21 -0.00 1.37 1.82 2.20 2.28 2.16
0.59 0.08 0.48 128.79 113.67 28.45 1.36 0.18 1.11 1.83 2.27 2.24 2.13
0.62 -0.06 0.42 109.09 134.29 39.19 1.43 -0.07 0.81 1.78 2.32 2.23 2.17
0.77 -0.13 0.19 94.15 129.56 55.66 1.72 -0.35 0.44 1.84 2.22 2.29 2.12
0.84 -0.09 0.13 71.33 114.29 68.14 1.93 -0.21 0.29 1.87 2.19 2.23 2.10
0.79 0.02 0.09 44.24 97.66 63.66 1.85 0.05 0.20 1.91 2.29 2.31 2.12
0.90 0.08 0.16 19.67 100.10 53.37 2.07 0.19 0.37 1.85 2.31 2.23 2.15
0.75 0.08 0.15 16.53 95.35 44.14 1.74 0.24 0.35 1.91 2.23 2.28 2.12
0.63 0.02 0.14 10.40 92.55 31.89 1.42 0.06 0.31 1.88 2.31 2.22 2.13
0.75 -0.03 0.13 0.02 102.84 33.78 1.73 -0.08 0.30 1.92 2.28 2.24 2.16
0.78 0.03 0.11 -6.45 101.55 37.11 1.77 0.08 0.25 1.88 2.30 2.21 2.14
0.81 0.10 0.10 -6.52 91.23 34.26 1.86 0.23 0.22 1.93 2.18 2.29 2.12
0.83 0.13 0.10 -4.67 84.94 29.69 1.94 0.32 0.22 1.98 2.26 2.31 2.13
0.83 0.18 0.07 1.21 75.97 20.90 1.86 0.36 0.16 1.92 2.29 2.24 2.11
0.80 0.14 0.06 6.76 71.54 14.78 1.83 0.32 0.13 1.98 2.18 2.29 2.11
0.77 0.12 0.04 10.48 72.91 15.19 1.78 0.27 0.10 1.95 2.18 2.31 2.05
0.84 0.11 -0.01 9.42 73.90 16.36 1.92 0.26 -0.02 1.99 2.28 2.33 2.10
0.90 0.14 -0.07 7.57 68.17 18.66 2.04 0.33 -0.16 1.97 2.21 2.22 2.12
0.91 0.13 -0.10 4.21 57.36 18.53 2.07 0.29 -0.24 1.97 2.22 2.31 2.12
0.97 0.17 -0.13 0.73 44.79 16.62 2.23 0.40 -0.30 1.95 2.24 2.32 2.13
0.90 0.25 -0.09 -2.80 30.65 12.64 2.06 0.60 -0.19 1.98 2.26 2.29 2.05
0.83 0.26 -0.02 2.76 21.69 9.87 1.90 0.61 -0.04 1.94 2.26 2.20 2.12
0.81 0.21 0.01 9.79 19.45 10.78 1.85 0.49 -0.00 2.03 2.15 2.31 2.05
0.87 0.16 -0.02 5.70 27.56 14.00 2.01 0.38 -0.05 1.94 2.28 2.23 2.08
0.94 0.20 -0.04 -2.43 29.36 14.66 2.16 0.46 -0.10 2.03 2.23 2.25 2.08
1.03 0.24 -0.11 -5.22 22.43 11.84 2.34 0.51 -0.24 1.99 2.21 2.24 2.11
1.01 0.20 -0.12 -3.87 7.45 4.64 2.32 0.46 -0.28 2.05 2.14 2.29 2.05
0.93 0.22 -0.08 -8.31 -2.47 -1.71 2.14 0.52 -0.18 2.00 2.20 2.21 2.10
0.80 0.24 0.02 -6.62 -0.62 -2.98 1.79 0.53 0.05 2.04 2.15 2.32 2.05
0.81 0.18 0.03 -2.05 7.92 0.65 1.87 0.42 0.07 1.98 2.23 2.21 2.11
0.95 0.16 -0.03 -3.89 12.97 6.04 2.19 0.37 -0.09 2.01 2.23 2.21 2.07
1.01 0.19 -0.06 -7.44 7.24 9.79 2.32 0.44 -0.13 1.97 2.21 2.24 2.13
1.01 0.22 -0.05 -8.51 0.34 8.20 2.33 0.49 -0.12 1.93 2.20 2.26 2.06
1.00 0.22 -0.03 -8.58 -6.47 3.83 2.27 0.49 -0.07 1.97 2.19 2.26 2.07
0.95 0.18 0.01 -8.92 -9.89 0.24 2.17 0.42 0.02 2.01 2.23 2.27 2.11
0.90 0.21 0.05 -10.99 -7.98 -3.16 2.07 0.48 0.12 2.00 2.15 2.32 2.06
0.86 0.19 0.10 -7.59 0.65 -1.15 1.99 0.43 0.22 1.93 2.25 2.22 2.07
0.96 0.17 0.06 -6.56 9.88 2.20 2.21 0.39 0.15 1.99 2.25 2.22 2.03
1.07 0.20 0.01 -8.96 10.51 3.54 2.45 0.45 -0.01 2.00 2.24 2.21 2.09
1.10 0.19 -0.02 -8.88 -0.73 3.18 2.52 0.44 -0.03 2.03 2.16 2.23 2.13