start recording
-0.91 0.21 1.81 -181.21 -286.72 7.03 -2.14 0.70 4.23 1.60 1.53 1.52 1.55
-1.54 0.95 2.00 -254.12 -286.72 170.94 -3.53 2.18 4.59 1.60 1.53 1.50 1.55
-0.44 1.27 2.00 -173.82 -276.84 206.18 -1.00 2.92 4.59 1.60 1.52 1.50 1.55
-0.39 1.32 2.00 -51.27 -268.42 85.27 -0.85 2.96 4.59 1.59 1.51 1.50 1.55
-0.48 1.08 2.00 -0.30 -215.29 1.67 -1.11 2.48 4.59 1.59 1.52 1.50 1.55
-0.97 1.26 2.00 -32.59 -33.94 36.62 -2.43 3.01 4.59 1.60 1.51 1.50 1.54
-0.07 0.88 1.68 109.93 282.52 107.91 -0.15 2.03 3.86 1.59 1.52 1.49 1.56
0.06 0.86 2.00 66.98 91.93 42.76 0.12 1.85 4.59 1.60 1.51 1.51 1.55
0.22 0.93 1.75 141.15 -14.55 -44.48 0.35 2.11 4.12 1.60 1.51 1.50 1.55
0.11 0.77 1.63 215.19 -44.12 -95.42 0.26 1.76 3.74 1.60 1.53 1.50 1.55
-0.05 0.43 1.45 188.63 -21.06 -76.09 -0.10 0.98 3.30 1.59 1.53 1.50 1.57
-0.10 0.23 1.34 149.40 20.93 -20.68 -0.22 0.53 3.09 1.60 1.52 1.51 1.56
0.03 0.12 1.19 145.24 39.45 -5.24 0.07 0.46 2.81 1.60 1.52 1.50 1.56
0.05 0.22 1.06 111.69 13.85 -11.81 0.11 0.51 2.44 1.60 1.53 1.49 1.55
-0.02 0.29 0.98 81.42 3.24 -18.73 -0.06 0.66 2.26 1.60 1.53 1.51 1.56
-0.05 0.24 1.03 53.03 5.28 -13.93 -0.13 0.53 2.38 1.60 1.52 1.51 1.56
-0.06 0.18 1.13 31.60 12.55 -5.06 -0.13 0.41 2.59 1.59 1.52 1.50 1.55
-0.05 0.13 1.20 18.75 18.66 -3.88 -0.10 0.31 2.76 1.59 1.52 1.52 1.55
-0.05 0.21 1.19 9.85 19.98 -3.91 -0.12 0.49 2.73 1.61 1.53 1.51 1.58
-0.04 0.29 1.18 2.66 27.40 -5.09 -0.10 0.67 2.70 1.60 1.54 1.51 1.56
-0.04 0.27 1.14 3.20 29.44 -5.99 -0.09 0.61 2.60 1.62 1.52 1.53 1.55
-0.01 0.28 1.10 1.81 24.63 -3.12 -0.01 0.63 2.53 1.59 1.54 1.51 1.56
0.01 0.30 1.04 10.18 10.61 -1.92 0.01 0.69 2.41 1.59 1.53 1.52 1.56
0.01 0.29 1.02 13.69 -0.33 -2.84 0.02 0.66 2.35 1.61 1.53 1.52 1.58
-0.02 0.24 1.03 12.62 -5.80 -5.61 -0.04 0.55 2.36 1.59 1.54 1.52 1.58
-0.05 0.15 1.03 7.83 -3.23 -8.46 -0.11 0.33 2.36 1.60 1.53 1.52 1.56
-0.04 0.16 1.05 -3.78 4.40 -7.24 -0.09 0.38 2.40 1.61 1.53 1.53 1.55
-0.04 0.20 1.02 -10.82 13.38 -6.68 -0.08 0.45 2.34 1.61 1.54 1.52 1.58
-0.03 0.21 0.98 -12.58 15.58 -8.01 -0.05 0.50 2.23 1.60 1.54 1.52 1.57
-0.03 0.22 0.96 -8.48 12.12 -9.42 -0.07 0.51 2.19 1.61 1.53 1.52 1.58
-0.03 0.20 0.94 -0.26 4.13 -9.84 -0.08 0.44 2.16 1.59 1.53 1.52 1.58
-0.04 0.13 0.93 7.18 -4.98 -9.48 -0.11 0.27 2.14 1.59 1.55 1.53 1.58
-0.05 0.12 0.94 6.99 -8.18 -5.54 -0.10 0.28 2.15 1.61 1.54 1.53 1.56
-0.02 0.13 0.95 4.48 -5.91 -4.10 -0.04 0.30 2.19 1.61 1.53 1.53 1.58
-0.00 0.17 0.98 -3.45 0.63 -3.65 -0.01 0.37 2.24 1.60 1.53 1.52 1.57
0.01 0.19 1.00 -5.06 7.16 -3.00 0.02 0.44 2.28 1.61 1.54 1.52 1.56
-0.01 0.23 1.02 -4.85 12.78 -2.02 0.00 0.54 2.34 1.60 1.53 1.53 1.57
-0.01 0.23 1.01 0.23 13.01 -2.81 -0.03 0.54 2.33 1.60 1.53 1.52 1.57
-0.02 0.22 1.02 5.07 6.97 -4.44 -0.05 0.51 2.33 1.60 1.55 1.53 1.57
-0.03 0.21 1.02 7.53 0.72 -7.19 -0.07 0.47 2.34 1.61 1.54 1.53 1.58
-0.03 0.19 1.02 2.98 -0.32 -8.08 -0.07 0.44 2.34 1.61 1.53 1.54 1.56
-0.02 0.17 1.02 -0.54 3.58 -9.33 -0.04 0.36 2.35 1.59 1.54 1.53 1.58
-0.01 0.16 1.04 -3.52 9.68 -9.89 -0.03 0.36 2.38 1.60 1.54 1.53 1.57
-0.01 0.15 1.01 -5.59 17.03 -9.00 -0.01 0.34 2.33 1.59 1.55 1.53 1.58
-0.00 0.16 0.97 -3.32 19.09 -7.79 -0.00 0.40 2.25 1.61 1.54 1.54 1.59
-0.01 0.17 0.96 -4.50 17.16 -5.14 -0.00 0.39 2.21 1.61 1.54 1.54 1.58
-0.00 0.20 0.96 -5.01 9.87 -3.15 -0.00 0.45 2.20 1.60 1.54 1.53 1.59
0.00 0.19 0.97 -1.75 3.38 -3.04 -0.00 0.43 2.23 1.60 1.54 1.54 1.57
-0.01 0.15 0.99 3.62 -1.35 -3.33 -0.03 0.34 2.28 1.61 1.54 1.54 1.58
-0.02 0.14 1.00 4.83 -0.94 -1.44 -0.04 0.32 2.30 1.61 1.55 1.54 1.59
-0.00 0.17 1.01 3.38 4.38 -0.60 -0.01 0.38 2.32 1.61 1.55 1.55 1.58
-0.00 0.16 1.00 2.26 13.00 0.74 -0.00 0.37 2.28 1.61 1.55 1.53 1.59
-0.00 0.17 0.97 0.98 19.00 1.79 -0.01 0.38 2.23 1.62 1.54 1.54 1.59
0.02 0.17 0.95 -2.41 18.93 1.98 0.04 0.40 2.19 1.60 1.54 1.54 1.57
0.04 0.19 0.97 -4.04 14.07 0.69 0.08 0.44 2.22 1.59 1.55 1.54 1.59
0.04 0.19 0.98 -3.54 9.87 -0.11 0.08 0.43 2.25 1.61 1.55 1.55 1.58
0.02 0.17 1.00 0.34 6.66 -0.15 0.05 0.39 2.29 1.60 1.55 1.56 1.58
0.03 0.18 1.02 2.02 6.50 1.55 0.06 0.42 2.35 1.60 1.56 1.54 1.59
0.02 0.19 1.03 4.57 9.27 2.21 0.04 0.46 2.36 1.60 1.55 1.55 1.57
0.02 0.20 1.07 4.58 16.28 1.77 0.05 0.44 2.47 1.62 1.53 1.54 1.58
0.02 0.18 1.08 3.37 27.23 0.46 0.05 0.40 2.49 1.61 1.55 1.56 1.60
0.02 0.17 1.09 -0.40 36.18 -0.63 0.05 0.38 2.50 1.61 1.56 1.55 1.58
0.04 0.17 1.06 -7.56 42.30 -0.87 0.08 0.38 2.44 1.61 1.55 1.56 1.58
0.07 0.21 1.05 -17.22 40.84 -0.39 0.17 0.49 2.42 1.61 1.54 1.57 1.58
0.11 0.23 1.11 -24.06 39.55 -1.72 0.25 0.54 2.55 1.63 1.55 1.58 1.58
0.09 0.27 1.12 -29.88 38.26 -4.44 0.20 0.61 2.56 1.61 1.55 1.57 1.58
0.06 0.21 1.07 -20.20 34.77 -8.84 0.13 0.45 2.48 1.62 1.57 1.58 1.59
0.08 0.14 1.12 -19.66 34.29 -3.92 0.18 0.31 2.55 1.62 1.56 1.60 1.58
0.07 0.24 1.04 -24.67 34.68 2.31 0.15 0.55 2.38 1.62 1.57 1.61 1.59
0.08 0.22 1.04 -27.82 37.09 1.06 0.19 0.49 2.41 1.62 1.58 1.59 1.59
0.09 0.22 1.07 -39.06 35.14 2.58 0.22 0.50 2.45 1.62 1.56 1.62 1.59
0.12 0.24 1.06 -44.47 38.55 0.79 0.27 0.56 2.44 1.65 1.57 1.63 1.57
0.16 0.24 1.15 -50.58 45.42 0.00 0.36 0.56 2.64 1.62 1.57 1.62 1.59
0.15 0.30 1.13 -56.59 53.81 -1.92 0.34 0.68 2.59 1.64 1.58 1.62 1.60
0.21 0.35 1.21 -57.29 54.93 -4.30 0.50 0.84 2.81 1.64 1.58 1.63 1.58
0.21 0.45 1.18 -66.21 52.31 -4.32 0.48 1.02 2.71 1.63 1.58 1.65 1.58
0.23 0.49 1.23 -60.59 48.34 -16.38 0.53 1.13 2.81 1.65 1.58 1.68 1.58
0.20 0.46 1.25 -48.63 33.40 -33.04 0.42 1.05 2.89 1.65 1.60 1.68 1.59
0.19 0.36 1.20 -17.25 50.33 -53.84 0.44 0.83 2.75 1.65 1.60 1.72 1.59
0.24 0.34 1.20 -8.68 65.51 -63.02 0.53 0.81 2.76 1.66 1.60 1.75 1.58
0.26 0.37 1.23 -5.48 82.48 -70.50 0.57 0.85 2.82 1.67 1.62 1.77 1.59
0.21 0.38 1.40 -10.45 97.76 -77.36 0.48 0.88 3.21 1.65 1.62 1.80 1.59
0.20 0.56 1.23 -1.23 133.27 -91.83 0.50 1.23 2.85 1.67 1.62 1.85 1.60
0.25 0.43 1.16 13.06 158.93 -102.43 0.58 0.99 2.66 1.66 1.66 1.86 1.64
0.25 0.44 1.10 15.26 161.83 -107.71 0.61 1.00 2.57 1.66 1.73 1.91 1.67
0.24 0.15 0.97 40.15 174.72 -103.05 0.54 0.35 2.22 1.67 1.78 1.94 1.69
0.42 0.01 1.04 29.66 173.70 -73.36 0.96 0.02 2.39 1.68 1.85 1.99 1.70
0.37 0.07 1.02 12.64 165.87 -49.71 0.89 0.18 2.32 1.68 1.89 2.00 1.74
0.40 0.19 1.04 2.52 164.13 -46.57 0.93 0.43 2.38 1.69 1.91 2.02 1.74
0.46 0.34 1.00 14.14 175.18 -50.11 0.98 0.81 2.31 1.69 1.95 2.07 1.79
0.43 0.28 0.90 30.32 176.41 -54.00 1.00 0.64 2.07 1.69 2.00 2.08 1.84
0.50 0.18 0.86 31.98 178.36 -44.57 1.15 0.37 1.96 1.68 2.03 2.13 1.84
0.51 0.15 0.82 29.93 180.78 -35.04 1.21 0.32 1.84 1.71 2.05 2.13 1.89
0.57 0.10 0.81 27.77 173.65 -27.31 1.32 0.22 1.86 1.71 2.06 2.17 1.89
0.50 0.22 0.87 35.45 179.38 -25.04 1.13 0.52 1.98 1.72 2.09 2.18 1.93
0.54 0.10 0.69 35.80 184.49 -30.72 1.23 0.24 1.59 1.71 2.12 2.19 1.95
0.69 0.06 0.71 30.00 180.42 -22.74 1.57 0.16 1.65 1.71 2.13 2.21 1.99
0.65 0.06 0.62 30.92 172.94 -15.51 1.42 0.09 1.43 1.73 2.15 2.20 2.00
0.76 0.07 0.50 22.03 164.02 -6.97 1.74 0.17 1.15 1.72 2.16 2.21 2.01
0.80 0.25 0.61 16.30 157.35 3.03 1.82 0.60 1.37 1.72 2.18 2.25 2.02
0.71 0.31 0.52 19.96 145.55 0.91 1.62 0.70 1.19 1.73 2.18 2.26 2.05
0.73 0.24 0.61 31.40 138.23 -2.64 1.66 0.55 1.45 1.72 2.17 2.24 2.04
0.63 0.13 0.64 40.71 140.53 2.85 1.46 0.27 1.46 1.73 2.20 2.27 2.06
0.66 -0.01 0.55 46.58 130.36 11.19 1.51 -0.02 1.26 1.73 2.19 2.28 2.05
0.71 0.01 0.52 35.73 137.22 28.73 1.74 0.02 1.25 1.73 2.19 2.28 2.07
0.66 0.08 0.52 30.43 111.20 19.12 1.51 0.19 1.19 1.76 2.20 2.28 2.08
0.68 0.06 0.42 18.82 115.02 17.30 1.47 0.29 0.91 1.75 2.19 2.29 2.06
0.67 0.16 0.40 16.67 122.57 7.30 1.79 0.41 0.92 1.74 2.20 2.27 2.07
0.75 0.20 0.34 21.92 115.46 4.69 1.73 0.46 0.78 1.76 2.20 2.26 2.08
0.79 0.14 0.34 40.62 104.06 5.84 1.74 0.36 0.94 1.77 2.21 2.26 2.07
0.59 0.10 0.34 53.84 87.44 8.07 1.36 0.24 0.79 1.78 2.21 2.25 2.07
0.70 0.05 0.21 56.98 83.74 12.66 1.66 0.07 0.63 1.79 2.21 2.27 2.07
0.72 -0.00 0.30 43.19 88.74 20.78 1.58 -0.03 0.61 1.80 2.20 2.27 2.10
0.71 0.07 0.18 32.02 96.14 19.81 1.63 0.17 0.42 1.82 2.19 2.27 2.07
0.85 0.13 0.20 27.14 103.36 14.58 1.92 0.23 0.40 1.83 2.20 2.27 2.09
0.91 0.11 0.14 22.69 106.46 12.76 2.08 0.24 0.33 1.84 2.20 2.26 2.08
0.98 0.14 0.09 26.68 100.62 12.08 2.21 0.24 0.22 1.83 2.20 2.24 2.07
1.01 0.13 0.09 24.83 84.45 12.65 2.34 0.30 0.20 1.84 2.18 2.26 2.06
0.99 0.10 0.10 19.86 62.14 18.88 2.26 0.23 0.22 1.87 2.20 2.24 2.06
0.80 0.15 0.17 16.98 50.92 23.62 1.81 0.39 0.37 1.86 2.20 2.24 2.08
0.81 0.15 0.15 15.09 62.73 23.20 1.87 0.34 0.35 1.86 2.19 2.24 2.06
0.90 0.15 0.12 7.46 71.79 21.40 2.07 0.35 0.26 1.88 2.16 2.24 2.07
1.01 0.15 0.03 -1.30 76.36 14.61 2.33 0.34 0.08 1.89 2.18 2.23 2.05
1.05 0.16 0.01 -13.13 66.81 14.71 2.41 0.36 0.01 1.89 2.19 2.23 2.07
1.02 0.19 -0.01 -14.36 49.91 12.04 2.38 0.46 -0.04 1.91 2.18 2.24 2.05
1.03 0.23 -0.01 -16.64 42.22 4.18 2.38 0.53 -0.02 1.91 2.17 2.25 2.06
0.91 0.22 0.02 -14.79 31.67 3.94 2.07 0.49 0.09 1.92 2.16 2.24 2.07
0.85 0.19 0.08 -12.24 34.97 4.12 1.90 0.46 0.16 1.92 2.18 2.25 2.06
0.89 0.19 0.03 -8.30 36.53 2.66 2.04 0.43 0.08 1.92 2.19 2.24 2.05
1.00 0.18 -0.05 -7.82 30.03 1.71 2.29 0.41 -0.14 1.92 2.18 2.23 2.06
1.05 0.16 -0.11 -9.86 11.52 2.18 2.42 0.37 -0.25 1.93 2.17 2.24 2.04
0.99 0.20 -0.07 -9.88 -13.27 -0.36 2.28 0.57 -0.22 1.94 2.17 2.24 2.05
0.94 0.26 -0.06 -0.27 -35.16 -2.33 2.23 0.58 -0.10 1.96 2.17 2.26 2.05
0.80 0.20 0.04 -0.72 -22.36 2.69 1.84 0.45 0.09 1.95 2.16 2.25 2.04
0.71 0.09 0.07 5.07 -11.87 1.22 1.86 0.28 0.13 1.94 2.16 2.23 2.06
0.83 0.08 0.04 -7.35 -1.52 -0.92 1.92 0.20 0.10 1.93 2.18 2.23 2.07
0.92 0.09 -0.03 -19.81 5.57 -4.27 2.11 0.22 -0.07 1.94 2.18 2.23 2.05
0.90 0.15 -0.05 -26.50 -2.96 -0.91 2.18 0.51 -0.17 1.95 2.17 2.23 2.06
0.91 0.19 -0.03 -22.55 -18.51 -0.33 2.09 0.43 -0.08 1.93 2.17 2.21 2.05
0.85 0.17 0.03 -17.95 -21.89 1.84 1.95 0.40 0.07 1.95 2.16 2.25 2.04
0.77 0.18 0.09 -13.49 -14.44 6.24 1.75 0.41 0.22 1.94 2.17 2.22 2.05
0.81 0.15 0.10 -7.62 -0.88 8.86 1.87 0.35 0.24 1.95 2.17 2.23 2.06
0.90 0.15 0.08 -7.84 5.91 8.60 2.09 0.35 0.17 1.94 2.17 2.24 2.04
0.94 0.16 0.08 -9.92 0.49 7.09 2.18 0.36 0.17 1.94 2.15 2.22 2.06
0.91 0.18 0.12 -13.07 -3.32 6.49 2.08 0.42 0.27 1.95 2.17 2.23 2.04
0.92 0.20 0.13 -15.57 -2.81 4.16 2.14 0.47 0.28 1.94 2.18 2.22 2.07
0.96 0.22 0.11 -15.87 -4.98 2.18 2.19 0.50 0.26 1.95 2.15 2.23 2.06
0.92 0.24 0.15 -11.02 -6.74 1.50 2.10 0.55 0.36 1.94 2.17 2.22 2.06
0.91 0.25 0.17 -5.78 -1.32 0.79 2.10 0.58 0.39 1.94 2.16 2.23 2.06
0.92 0.21 0.16 -1.29 4.51 -0.16 2.12 0.47 0.37 1.94 2.17 2.24 2.04
0.98 0.17 0.13 -5.49 8.36 -1.72 2.26 0.39 0.28 1.95 2.17 2.24 2.05
0.99 0.14 0.11 -9.93 5.53 -0.67 2.26 0.32 0.25 1.94 2.16 2.22 2.05
0.96 0.14 0.11 -13.36 4.91 -0.25 2.21 0.32 0.26 1.95 2.16 2.24 2.03
0.99 0.18 0.08 -15.48 6.40 -1.44 2.26 0.41 0.20 1.94 2.15 2.24 2.04
0.99 0.20 0.09 -11.67 4.53 -0.86 2.27 0.45 0.20 1.95 2.14 2.24 2.04
0.99 0.16 0.06 -8.30 2.98 -0.96 2.28 0.37 0.14 1.93 2.15 2.22 2.05
1.00 0.16 0.06 -8.75 1.08 0.24 2.30 0.35 0.15 1.95 2.14 2.23 2.04
0.97 0.12 0.08 -13.34 -0.04 0.81 2.24 0.28 0.18 1.93 2.16 2.21 2.05
1.10 0.15 0.01 -22.06 0.22 1.87 2.57 0.35 0.00 1.94 2.15 2.24 2.04
1.09 0.17 0.00 -23.84 -13.80 4.55 2.49 0.34 0.02 1.92 2.17 2.21 2.05
1.06 0.17 0.01 -29.26 -18.32 2.05 2.43 0.39 0.03 1.94 2.16 2.22 2.06
1.05 0.23 0.03 -35.01 -18.86 0.97 2.37 0.54 0.04 1.92 2.16 2.24 2.03
1.00 0.24 0.05 -38.63 -15.88 -1.92 2.29 0.56 0.12 1.91 2.15 2.21 2.05
1.03 0.30 0.01 -38.33 -13.24 -5.41 2.37 0.69 0.03 1.91 2.17 2.21 2.06
1.05 0.29 -0.01 -35.00 -12.48 -9.27 2.45 0.63 -0.01 1.91 2.14 2.23 2.04
1.13 0.23 -0.06 -35.14 -16.84 -11.79 2.60 0.52 -0.15 1.88 2.16 2.21 2.05
1.14 0.19 -0.05 -42.83 -25.34 -14.23 2.56 0.47 -0.16 1.87 2.14 2.24 2.02
1.10 0.26 -0.07 -52.01 -35.17 -12.88 2.53 0.61 -0.16 1.84 2.14 2.22 2.03
1.30 0.24 -0.08 -59.11 -42.08 -5.23 2.99 0.54 -0.19 1.82 2.14 2.18 2.02
1.14 0.30 -0.06 -56.17 -58.39 -23.35 2.52 0.64 -0.13 1.80 2.11 2.19 1.99
0.95 0.39 -0.05 -50.37 -78.02 -23.00 2.18 0.89 -0.12 1.80 2.09 2.15 1.97
0.88 0.31 0.00 -37.57 -85.61 -24.69 2.02 0.68 0.04 1.78 2.04 2.12 1.93
0.80 0.19 0.07 -28.83 -102.96 -18.02 1.83 0.43 0.17 1.77 2.03 2.06 1.89
0.66 0.06 0.12 -32.50 -124.09 -11.78 1.51 0.13 0.26 1.75 1.95 2.01 1.84
0.58 -0.00 0.13 -53.14 -135.28 -2.66 1.34 0.02 0.33 1.76 1.93 1.99 1.81
0.50 0.00 0.09 -69.25 -143.46 7.22 1.14 0.01 0.22 1.76 1.89 1.95 1.77
0.50 0.02 -0.01 -82.27 -158.28 18.67 0.96 -0.28 -0.15 1.73 1.86 1.91 1.73
0.61 0.23 -0.12 -42.81 -233.09 27.36 1.40 0.54 -0.28 1.71 1.85 1.82 1.71
0.39 0.07 -0.17 -28.57 -245.09 49.76 0.90 0.10 -0.37 1.71 1.80 1.81 1.67
0.34 0.01 -0.32 -19.04 -286.72 61.58 0.69 -0.05 -0.78 1.69 1.77 1.79 1.66
0.16 -0.12 -0.37 -2.99 -286.72 82.15 0.37 -0.27 -0.84 1.69 1.75 1.75 1.63
0.02 -0.32 -0.34 4.24 -286.72 103.08 -0.04 -0.83 -0.77 1.67 1.71 1.72 1.61
-0.02 -0.41 -0.55 2.34 -286.72 124.10 -0.06 -0.94 -1.26 1.68 1.69 1.71 1.60
-0.05 -0.36 -0.65 24.76 -286.72 141.34 -0.25 -0.79 -1.32 1.66 1.67 1.68 1.59
-0.19 -0.32 -0.54 31.43 -286.72 152.96 -0.31 -0.74 -1.24 1.66 1.63 1.65 1.60
-0.22 -0.24 -0.66 20.98 -286.72 139.94 -0.51 -0.55 -1.52 1.64 1.62 1.62 1.58
-0.14 0.03 -0.54 36.72 -275.80 110.23 -0.53 -0.03 -1.27 1.65 1.61 1.60 1.56
-0.34 -0.01 -0.49 25.86 -283.80 83.61 -0.77 -0.03 -1.12 1.62 1.58 1.58 1.58
-0.40 0.04 -0.50 7.12 -286.72 75.61 -1.01 0.12 -1.02 1.63 1.56 1.56 1.55
-0.53 0.24 0.07 11.14 -286.72 50.81 -1.21 0.55 0.16 1.62 1.55 1.54 1.57
-0.72 0.34 0.50 -30.10 -286.72 26.53 -1.66 0.92 1.73 1.61 1.55 1.53 1.58
-0.75 0.34 1.01 -100.31 -286.72 14.96 -1.67 0.80 2.33 1.60 1.52 1.52 1.58
-0.77 0.86 1.55 -172.79 -286.72 24.97 -1.78 1.98 3.57 1.59 1.53 1.53 1.58
-1.34 0.98 1.70 -286.67 -109.15 173.59 -3.25 2.61 3.79 1.59 1.54 1.52 1.58
-0.05 1.54 2.00 -240.23 -140.26 108.42 -0.12 3.52 4.59 1.61 1.52 1.51 1.58
-0.35 1.86 2.00 -53.87 -198.20 27.70 -0.72 4.12 4.59 1.61 1.53 1.50 1.59
-1.09 2.00 2.00 -21.75 -3.71 139.52 -2.49 4.59 4.59 1.60 1.53 1.51 1.59
0.64 1.05 2.00 251.82 193.01 98.84 1.46 2.41 4.59 1.60 1.52 1.50 1.59
-0.01 0.75 2.00 242.26 12.25 -55.11 -0.33 1.90 4.59 1.58 1.53 1.50 1.58
0.09 0.77 2.00 286.68 -85.89 -65.90 0.20 1.77 4.59 1.60 1.53 1.51 1.59
0.23 0.67 2.00 286.68 -135.79 -83.04 0.48 1.49 4.59 1.60 1.53 1.52 1.58
0.04 0.53 1.79 286.68 -93.57 -62.27 0.10 1.22 4.12 1.61 1.53 1.52 1.58
-0.07 0.80 2.00 250.93 -20.08 -50.28 -0.17 1.29 4.59 1.61 1.53 1.52 1.58
0.23 -0.54 2.00 130.10 92.96 -90.50 0.55 -1.25 4.59 1.59 1.54 1.52 1.57
0.22 0.29 0.97 84.66 76.57 -22.31 0.50 0.67 2.22 1.59 1.54 1.50 1.59
0.06 -0.07 0.97 37.85 34.55 -35.15 0.12 -0.19 2.18 1.59 1.55 1.50 1.59
0.20 0.08 0.97 9.27 13.08 -22.47 0.46 0.19 2.22 1.60 1.54 1.52 1.59
0.13 -0.01 1.06 5.89 7.34 -13.33 0.29 0.02 2.47 1.60 1.54 1.51 1.60
0.11 0.05 1.12 2.46 14.06 2.26 0.27 0.13 2.58 1.59 1.53 1.52 1.59
0.12 0.13 1.04 5.77 14.47 7.64 0.29 0.29 2.39 1.59 1.53 1.52 1.59
0.11 0.21 1.03 6.99 10.82 6.20 0.24 0.48 2.34 1.60 1.54 1.52 1.59
0.07 0.13 1.00 5.63 5.22 -2.35 0.15 0.30 2.29 1.59 1.54 1.53 1.59
0.02 0.07 0.99 -2.84 1.61 -0.44 0.05 0.15 2.26 1.61 1.54 1.51 1.58
-0.01 0.03 1.00 -8.74 -2.72 6.59 -0.04 0.06 2.30 1.59 1.55 1.51 1.59
-0.01 0.11 1.02 -10.17 -5.56 11.36 -0.02 0.24 2.35 1.61 1.55 1.52 1.59
0.02 0.14 1.06 -11.14 -3.39 7.82 0.05 0.32 2.44 1.61 1.53 1.53 1.59
0.04 0.14 1.04 -7.16 -3.64 -0.12 0.08 0.33 2.38 1.60 1.55 1.52 1.58
0.03 0.11 0.99 -1.85 -7.04 -6.69 0.07 0.25 2.28 1.60 1.55 1.52 1.60
-0.00 0.08 0.98 -2.69 -11.41 -8.78 -0.00 0.18 2.25 1.60 1.53 1.52 1.59
0.00 0.06 1.01 -3.00 -10.61 -8.00 0.01 0.15 2.31 1.60 1.55 1.53 1.59
0.02 0.05 1.00 0.72 -5.83 -7.80 0.04 0.12 2.30 1.60 1.55 1.52 1.59
0.02 0.04 0.97 3.92 -2.56 -8.32 0.04 0.09 2.22 1.59 1.55 1.52 1.60
0.03 0.06 0.96 2.79 -1.75 -7.10 0.07 0.13 2.20 1.60 1.54 1.52 1.60
0.05 0.09 0.97 -0.92 0.42 -6.78 0.12 0.20 2.23 1.62 1.54 1.52 1.60
0.06 0.09 0.99 -4.07 1.10 -5.70 0.13 0.20 2.28 1.59 1.55 1.54 1.60
0.05 0.09 1.00 -5.00 -0.41 -2.85 0.12 0.20 2.31 1.61 1.54 1.53 1.60
0.06 0.09 1.03 -1.29 -1.29 -1.58 0.13 0.20 2.36 1.61 1.54 1.54 1.59
0.06 0.08 1.01 4.23 -3.00 -2.40 0.13 0.18 2.31 1.60 1.54 1.54 1.59
0.06 0.08 1.00 6.06 -2.89 -3.41 0.15 0.19 2.30 1.60 1.54 1.53 1.61
0.05 0.06 1.02 6.97 -0.70 -4.28 0.13 0.13 2.32 1.59 1.55 1.54 1.59
0.05 0.04 1.03 6.54 4.87 -8.23 0.10 0.10 2.36 1.59 1.55 1.54 1.59
0.06 0.06 1.01 3.54 7.27 -9.39 0.13 0.14 2.31 1.60 1.55 1.52 1.60
0.08 0.09 1.03 1.81 8.63 -8.94 0.19 0.23 2.38 1.60 1.55 1.54 1.59
0.05 0.10 1.05 0.22 6.57 -4.70 0.12 0.23 2.41 1.61 1.54 1.52 1.59
0.01 0.06 1.05 -0.22 -0.83 -0.57 0.02 0.15 2.42 1.60 1.54 1.53 1.59
0.01 0.02 1.08 -1.65 -2.71 3.02 0.03 0.07 2.46 1.61 1.55 1.53 1.60
0.05 0.07 1.02 -5.07 -0.96 5.83 0.11 0.16 2.33 1.60 1.55 1.53 1.59
0.04 0.03 1.01 1.36 5.72 4.08 0.10 0.04 2.32 1.61 1.54 1.54 1.59
0.05 0.06 1.05 3.81 12.86 5.24 0.12 0.13 2.41 1.61 1.55 1.53 1.60
0.04 0.10 1.06 0.83 23.65 6.65 0.10 0.23 2.43 1.60 1.55 1.55 1.59
0.05 0.10 1.11 -2.91 34.29 4.53 0.12 0.22 2.56 1.60 1.56 1.53 1.60
0.04 0.10 1.13 -9.05 43.58 1.26 0.08 0.20 2.60 1.61 1.55 1.54 1.59
0.02 0.06 1.08 -9.60 46.74 -2.92 0.05 0.13 2.47 1.60 1.55 1.55 1.60
0.05 0.01 1.05 -9.33 40.29 -1.15 0.12 0.04 2.41 1.61 1.55 1.55 1.60
0.12 0.09 1.05 -18.66 19.99 5.78 0.27 0.22 2.42 1.62 1.55 1.55 1.59
0.11 0.14 1.06 -26.75 9.61 6.89 0.26 0.32 2.45 1.61 1.56 1.55 1.59
0.13 0.17 1.16 -38.45 12.77 4.91 0.28 0.40 2.68 1.62 1.57 1.56 1.59
0.09 0.16 1.25 -48.35 29.33 -3.15 0.20 0.37 2.86 1.61 1.58 1.57 1.59
0.10 0.19 1.27 -54.49 48.21 -7.76 0.23 0.45 2.95 1.61 1.56 1.56 1.60
0.13 0.22 1.31 -64.43 57.83 -16.97 0.29 0.50 3.02 1.63 1.58 1.59 1.59
0.11 0.28 1.28 -69.31 63.91 -25.76 0.32 0.67 2.88 1.63 1.60 1.62 1.60
0.19 0.38 1.15 -51.33 85.13 -39.73 0.44 0.94 2.71 1.64 1.59 1.66 1.59
0.22 0.27 1.35 -55.12 90.92 -50.36 0.50 0.63 3.10 1.65 1.61 1.70 1.60
0.15 0.22 1.09 -28.85 94.04 -56.63 0.36 0.51 2.52 1.66 1.62 1.78 1.60
0.17 0.09 1.13 -10.87 104.68 -50.73 0.39 0.21 2.60 1.66 1.66 1.83 1.60
0.22 0.14 0.99 7.83 127.29 -49.54 0.57 0.29 2.53 1.66 1.73 1.88 1.62
0.05 0.22 1.32 -13.77 118.06 -47.46 0.14 0.50 3.02 1.66 1.82 1.95 1.66
0.18 0.07 1.10 13.62 148.25 -65.14 0.41 0.17 2.53 1.67 1.90 1.99 1.69
0.33 0.10 1.09 7.28 171.25 -59.86 0.74 0.23 2.43 1.65 1.94 2.03 1.71
0.42 0.09 1.06 1.16 175.80 -50.96 0.97 0.21 2.44 1.66 2.03 2.08 1.77
0.52 0.20 0.91 -9.12 158.24 -47.10 1.13 0.50 2.07 1.67 2.04 2.14 1.79
0.52 0.24 1.03 5.91 145.29 -44.57 1.18 0.55 2.37 1.67 2.06 2.16 1.84
0.42 0.29 1.08 27.55 145.48 -35.77 0.97 0.65 2.47 1.67 2.12 2.17 1.90
0.33 0.17 1.05 56.57 144.40 -28.03 0.65 0.37 2.39 1.68 2.13 2.19 1.93
0.36 0.02 1.03 75.18 153.15 -20.68 0.83 0.06 2.37 1.67 2.16 2.23 1.98
0.42 -0.08 0.93 65.33 152.57 -14.70 0.99 -0.19 2.09 1.67 2.14 2.25 1.99
0.61 -0.13 0.97 48.72 149.73 -3.39 1.40 -0.29 2.23 1.66 2.17 2.25 2.01
0.54 0.11 0.92 46.41 147.68 13.13 1.23 0.22 2.10 1.68 2.18 2.29 2.03
0.68 0.12 0.90 64.01 154.42 19.89 1.61 0.29 2.06 1.66 2.21 2.28 2.04
0.62 0.06 0.91 81.05 132.25 35.28 1.42 0.13 2.09 1.68 2.20 2.29 2.06
0.50 0.07 0.92 94.86 132.02 34.87 1.15 0.15 2.14 1.69 2.20 2.29 2.07
0.51 -0.00 0.84 83.36 129.58 37.73 1.18 -0.01 1.92 1.67 2.21 2.27 2.07
0.54 0.00 0.97 77.53 131.85 36.11 1.21 0.00 2.07 1.69 2.21 2.29 2.07
0.62 0.05 0.77 72.16 131.56 36.97 1.17 -0.02 1.86 1.72 2.22 2.27 2.07
0.69 0.03 0.73 69.50 126.68 44.09 1.58 0.06 1.68 1.71 2.22 2.29 2.10
0.69 0.05 0.66 65.83 114.92 47.60 1.60 0.03 1.45 1.74 2.20 2.28 2.10
0.70 -0.03 0.55 53.74 101.99 52.26 1.61 -0.08 1.27 1.75 2.22 2.28 2.07
0.81 -0.04 0.55 46.04 102.26 54.73 1.77 -0.10 1.21 1.80 2.20 2.29 2.07
0.85 -0.02 0.45 31.37 94.26 56.14 1.94 -0.05 1.04 1.81 2.22 2.28 2.09
0.81 0.05 0.43 20.76 90.03 51.19 1.86 0.00 0.91 1.82 2.21 2.25 2.10
0.80 0.05 0.41 10.54 85.98 42.93 1.92 0.23 1.05 1.84 2.20 2.26 2.09
0.77 0.05 0.47 -4.65 85.57 35.34 1.76 0.12 1.07 1.86 2.20 2.26 2.08
0.80 0.13 0.44 -6.67 89.41 30.88 1.96 0.25 1.03 1.85 2.22 2.24 2.09
0.81 0.08 0.44 -14.18 81.89 27.28 1.86 0.19 1.00 1.86 2.22 2.24 2.08
0.77 0.16 0.43 -18.48 73.83 18.17 1.77 0.30 1.00 1.87 2.22 2.26 2.06
0.81 0.10 0.41 -23.42 69.71 11.98 2.09 0.24 0.93 1.87 2.19 2.26 2.08
0.79 0.06 0.40 -29.16 59.45 12.04 1.80 0.14 0.93 1.91 2.19 2.26 2.07
0.75 0.10 0.45 -34.12 61.08 9.18 1.73 0.18 1.06 1.91 2.19 2.27 2.06
0.70 0.13 0.47 -30.45 65.77 9.06 1.60 0.30 1.09 1.92 2.19 2.26 2.06
0.76 0.13 0.42 -29.93 73.73 8.00 1.73 0.28 0.94 1.89 2.20 2.25 2.06
0.83 0.11 0.36 -23.77 65.35 6.00 1.92 0.25 0.85 1.91 2.21 2.26 2.06
0.80 0.13 0.39 -21.34 54.93 6.49 1.84 0.29 0.89 1.90 2.19 2.25 2.07
0.82 0.13 0.36 -17.41 52.14 3.20 1.85 0.23 0.83 1.91 2.20 2.24 2.06
0.84 0.13 0.34 -15.70 46.27 -0.35 1.92 0.29 0.78 1.91 2.21 2.23 2.06
0.84 0.10 0.34 -11.99 40.07 -3.42 1.94 0.24 0.77 1.92 2.19 2.24 2.07
0.78 0.09 0.36 -10.55 36.79 -3.07 1.76 0.20 0.81 1.92 2.19 2.25 2.06
0.83 0.10 0.32 -10.99 38.62 -0.82 1.91 0.23 0.73 1.92 2.19 2.25 2.05
0.93 0.11 0.29 -13.17 33.04 -0.94 2.13 0.26 0.66 1.92 2.20 2.24 2.05
0.86 0.11 0.32 -15.11 23.29 -0.43 1.98 0.25 0.74 1.92 2.19 2.26 2.06
0.74 0.09 0.33 -17.75 23.71 0.11 1.97 0.41 0.73 1.93 2.20 2.24 2.05
0.83 0.10 0.32 -17.99 26.35 3.30 1.90 0.23 0.75 1.94 2.18 2.26 2.05
0.83 0.10 0.30 -16.69 28.64 5.78 1.91 0.23 0.70 1.94 2.19 2.22 2.05
0.86 0.09 0.27 -19.18 31.47 5.79 2.09 0.38 0.53 1.93 2.18 2.25 2.06
0.98 0.14 0.22 -19.18 23.66 5.29 2.26 0.32 0.51 1.92 2.20 2.24 2.05
0.97 0.11 0.21 -19.70 12.47 2.98 2.22 0.20 0.45 1.93 2.19 2.24 2.05
0.97 0.12 0.24 -23.83 -0.06 1.97 2.16 0.25 0.56 1.93 2.18 2.25 2.05
0.71 0.18 0.35 -22.08 -1.16 1.11 1.63 0.40 0.81 1.93 2.17 2.25 2.04
0.71 0.11 0.39 -14.86 14.86 3.98 1.67 0.24 0.90 1.91 2.18 2.24 2.06
0.85 0.05 0.32 -11.68 26.05 8.02 1.95 0.11 0.73 1.92 2.17 2.22 2.05
0.87 0.06 0.26 -16.74 22.40 10.95 2.00 0.17 0.60 1.91 2.19 2.25 2.06
0.86 0.12 0.24 -20.59 15.78 9.19 1.96 0.28 0.55 1.91 2.17 2.24 2.07
0.90 0.13 0.24 -14.54 16.44 7.08 2.07 0.30 0.56 1.94 2.19 2.23 2.05
0.86 0.15 0.26 -10.17 11.65 7.80 1.97 0.35 0.60 1.92 2.17 2.23 2.06
0.81 0.17 0.31 -5.68 11.47 6.65 1.87 0.38 0.70 1.93 2.19 2.21 2.05
0.82 0.14 0.32 -3.51 15.18 7.18 1.88 0.30 0.74 1.94 2.18 2.22 2.05
0.87 0.13 0.29 -6.02 17.45 6.67 2.00 0.30 0.66 1.94 2.20 2.23 2.06
0.89 0.13 0.27 -5.93 14.78 6.83 2.03 0.31 0.61 1.92 2.17 2.22 2.05
0.90 0.14 0.26 -6.54 11.14 6.11 2.07 0.31 0.59 1.93 2.16 2.24 2.05
0.92 0.16 0.27 -10.26 7.88 4.51 2.10 0.38 0.61 1.92 2.17 2.21 2.05
0.93 0.20 0.27 -11.06 5.13 3.38 2.13 0.46 0.61 1.93 2.16 2.23 2.07
0.89 0.21 0.29 -10.17 3.52 2.18 2.03 0.47 0.66 1.92 2.18 2.22 2.04
0.88 0.19 0.28 -8.68 5.16 0.79 2.02 0.45 0.64 1.92 2.17 2.23 2.04
0.90 0.17 0.25 -7.61 6.53 -0.35 2.09 0.38 0.57 1.92 2.16 2.23 2.04
0.93 0.15 0.24 -6.29 2.57 1.51 2.13 0.34 0.56 1.94 2.16 2.24 2.06
0.90 0.18 0.27 -8.43 1.39 0.68 2.07 0.41 0.62 1.93 2.16 2.22 2.04
0.90 0.17 0.28 -9.19 4.00 -0.67 2.06 0.38 0.65 1.93 2.16 2.24 2.03
0.92 0.15 0.26 -8.23 6.98 0.19 2.11 0.34 0.60 1.94 2.16 2.22 2.06
0.96 0.08 0.23 -10.32 1.37 1.42 2.21 0.19 0.52 1.92 2.18 2.24 2.07
0.88 0.10 0.26 -11.41 -5.57 5.05 2.01 0.23 0.61 1.92 2.18 2.23 2.05
0.81 0.15 0.27 -11.03 -3.75 4.88 1.86 0.35 0.63 1.91 2.17 2.24 2.05
0.89 0.14 0.28 -9.77 -1.34 4.85 2.05 0.31 0.65 1.92 2.18 2.23 2.05
0.91 0.15 0.29 -11.14 0.40 3.74 2.08 0.34 0.67 1.90 2.18 2.23 2.05
0.94 0.15 0.26 -14.27 1.23 3.43 2.17 0.34 0.61 1.90 2.17 2.21 2.05
0.98 0.17 0.24 -19.25 -0.60 4.07 2.30 0.37 0.53 1.90 2.17 2.21 2.04
0.96 0.21 0.23 -24.28 -6.01 0.59 2.21 0.48 0.54 1.90 2.19 2.22 2.03
1.10 0.18 0.16 -31.26 -6.78 -5.26 2.10 0.40 0.38 1.90 2.19 2.21 2.05
0.98 0.21 0.12 -38.55 -9.58 -9.69 2.27 0.46 0.34 1.88 2.18 2.21 2.05
0.92 0.21 0.11 -43.36 -8.98 -13.51 2.12 0.48 0.25 1.87 2.18 2.20 2.05
0.93 0.19 0.04 -46.01 -10.08 -15.25 2.07 0.41 0.01 1.87 2.16 2.22 2.04
0.90 0.22 -0.06 -44.62 -17.26 -8.39 2.06 0.50 -0.15 1.84 2.14 2.22 2.04
0.82 0.25 -0.16 -39.92 -24.64 -10.74 1.88 0.65 -0.38 1.81 2.13 2.20 2.03
0.91 0.26 -0.21 -32.65 -45.15 -6.85 2.09 0.60 -0.42 1.78 2.13 2.19 2.00
0.86 0.36 -0.38 -25.05 -87.96 -7.95 1.97 0.83 -0.87 1.75 2.09 2.16 1.96
0.73 0.17 -0.39 -11.18 -142.99 -4.45 1.62 0.37 -0.89 1.72 2.06 2.11 1.92
0.54 0.03 -0.25 -15.00 -212.40 -0.22 1.23 0.06 -0.58 1.70 2.01 2.06 1.87
0.28 0.07 -0.07 -26.99 -263.02 11.39 0.45 -0.05 -0.23 1.68 1.97 1.99 1.81
0.05 -0.06 -0.00 -26.51 -276.84 40.71 0.01 -0.13 -0.00 1.65 1.92 1.91 1.77
0.01 -0.14 -0.13 -24.59 -278.64 50.21 0.02 -0.31 -0.31 1.65 1.88 1.85 1.71
0.07 0.00 -0.12 -4.17 -286.72 68.96 0.23 -0.32 -0.25 1.65 1.85 1.78 1.67
-0.05 -0.45 -0.15 5.70 -286.72 97.47 -0.11 -1.04 -0.34 1.65 1.80 1.72 1.65
-0.04 -0.17 -0.31 -9.25 -286.72 112.32 -0.15 -0.31 -0.82 1.64 1.76 1.68 1.62
-0.24 -0.17 -0.42 -11.46 -286.72 107.86 -0.56 -0.39 -0.97 1.63 1.72 1.63 1.61
-0.22 0.18 -0.24 -13.60 -286.72 117.77 -0.51 0.41 -0.56 1.62 1.69 1.61 1.59
-0.38 0.02 -0.20 10.82 -286.72 99.47 -0.88 0.07 -0.43 1.61 1.64 1.60 1.58
-0.35 0.08 -0.08 10.38 -286.72 104.60 -0.80 0.17 -0.17 1.60 1.59 1.57 1.58
-0.54 -0.18 -0.07 -29.70 -286.72 100.53 -1.31 -0.42 -0.20 1.61 1.59 1.55 1.58
-0.61 -0.09 0.24 -78.64 -286.72 157.63 -1.41 -0.20 0.56 1.59 1.55 1.52 1.56
-0.73 0.61 0.77 -108.83 -286.72 186.09 -1.78 1.70 1.82 1.61 1.52 1.53 1.55
-0.88 0.88 1.42 -218.89 -286.72 176.51 -2.03 2.02 3.27 1.59 1.53 1.49 1.58
-0.92 1.49 2.00 -250.87 -240.42 202.83 -2.12 3.42 4.59 1.60 1.52 1.50 1.58
-0.37 0.96 2.00 -96.27 -266.49 99.59 -0.38 2.79 4.59 1.58 1.53 1.50 1.58
-0.79 1.43 2.00 -22.69 -227.40 32.38 -1.82 3.29 4.59 1.60 1.53 1.49 1.59
-0.88 0.85 2.00 -58.99 2.27 24.20 -1.82 2.20 4.59 1.59 1.53 1.49 1.58
-0.67 1.33 2.00 28.81 286.68 93.63 -1.53 3.05 4.59 1.60 1.52 1.50 1.58
0.36 1.36 2.00 155.63 110.52 -1.70 1.01 3.14 4.59 1.59 1.53 1.49 1.58
0.12 0.95 2.00 251.23 -37.00 -137.10 0.24 2.18 4.59 1.59 1.53 1.51 1.60
0.10 0.96 2.00 275.56 -66.04 -144.57 0.23 2.21 4.59 1.58 1.53 1.50 1.58
-0.07 0.29 1.77 229.32 23.42 -92.04 -0.30 0.59 4.15 1.60 1.53 1.50 1.59
-0.02 0.02 1.75 155.35 84.52 -21.11 -0.04 0.05 4.02 1.60 1.52 1.50 1.59
0.28 0.29 1.31 123.74 49.60 11.73 0.58 0.85 2.96 1.60 1.54 1.49 1.58
0.18 0.41 1.06 71.33 10.03 -22.75 0.41 0.94 2.43 1.60 1.53 1.50 1.59
0.15 0.33 1.02 51.72 -1.42 -35.01 0.35 0.72 2.34 1.60 1.54 1.50 1.59
0.09 0.18 1.03 29.80 8.25 -24.76 0.21 0.37 2.39 1.60 1.53 1.50 1.59
0.05 0.03 1.07 15.19 20.06 -8.93 0.11 0.06 2.46 1.59 1.54 1.51 1.59
0.03 0.08 1.05 -4.28 24.08 0.42 0.07 0.22 2.41 1.61 1.53 1.50 1.60
0.05 0.21 0.99 -29.38 32.15 7.07 0.12 0.49 2.28 1.61 1.54 1.51 1.58
0.11 0.36 0.97 -44.42 34.37 13.72 0.26 0.82 2.22 1.60 1.54 1.51 1.59
0.10 0.42 0.91 -38.26 24.36 15.03 0.23 0.97 2.08 1.61 1.53 1.52 1.58
0.07 0.44 0.94 -19.83 8.51 16.06 0.17 1.01 2.15 1.61 1.53 1.51 1.58
0.06 0.38 0.98 1.32 -6.19 10.11 0.13 0.87 2.25 1.61 1.54 1.52 1.59
0.01 0.31 0.99 14.88 -8.83 0.87 0.01 0.69 2.28 1.60 1.54 1.51 1.59
-0.02 0.24 0.99 9.71 1.42 -6.52 -0.04 0.56 2.27 1.59 1.54 1.51 1.59
-0.01 0.23 0.95 -1.99 11.07 -8.12 -0.06 0.51 2.17 1.60 1.54 1.50 1.59
-0.01 0.21 0.90 -9.12 12.89 -7.44 -0.02 0.49 2.06 1.59 1.53 1.53 1.60
-0.01 0.20 0.87 -7.42 3.93 -7.08 -0.02 0.47 2.00 1.61 1.54 1.51 1.59
0.01 0.21 0.88 0.13 -10.72 -3.61 0.03 0.48 2.03 1.60 1.53 1.53 1.59
0.00 0.18 0.94 11.15 -16.25 -5.16 0.01 0.42 2.16 1.61 1.55 1.53 1.60
0.00 0.14 0.97 17.10 -15.34 -4.51 -0.00 0.34 2.24 1.60 1.54 1.52 1.59
-0.01 0.13 0.97 13.31 -7.79 -3.88 -0.03 0.31 2.23 1.61 1.53 1.52 1.59
0.00 0.16 0.95 1.14 0.23 -2.64 0.01 0.37 2.18 1.60 1.54 1.53 1.59
0.04 0.22 0.94 -4.57 2.65 -0.94 0.10 0.53 2.14 1.60 1.55 1.52 1.59
0.06 0.29 0.94 -3.55 0.71 0.11 0.14 0.67 2.16 1.59 1.55 1.53 1.60
0.04 0.30 0.95 5.96 -6.00 -1.63 0.10 0.68 2.18 1.61 1.53 1.53 1.59
0.04 0.27 1.00 15.77 -13.61 -2.94 0.10 0.59 2.29 1.61 1.54 1.53 1.59
0.01 0.20 1.03 21.89 -14.90 -4.87 0.02 0.45 2.37 1.60 1.53 1.53 1.59
0.01 0.15 1.03 22.27 -12.93 -6.20 0.03 0.33 2.37 1.59 1.54 1.51 1.60
0.01 0.19 1.01 10.08 -5.59 -4.66 0.03 0.42 2.32 1.59 1.55 1.53 1.59
0.05 0.26 1.01 2.08 -0.16 -2.07 0.12 0.59 2.33 1.60 1.54 1.52 1.61
0.05 0.32 1.02 -2.56 3.38 -2.32 0.12 0.73 2.36 1.60 1.54 1.53 1.59
0.06 0.27 1.05 1.23 3.95 -3.52 0.14 0.62 2.42 1.60 1.54 1.53 1.59
0.05 0.24 1.02 9.09 2.31 -7.26 0.11 0.55 2.35 1.62 1.53 1.53 1.59
0.00 0.18 0.99 14.69 -2.41 -7.44 0.00 0.40 2.26 1.60 1.54 1.53 1.59
-0.00 0.13 0.97 16.91 -3.52 -8.34 -0.01 0.30 2.23 1.61 1.54 1.52 1.59
0.01 0.13 0.96 8.97 -1.78 -6.49 0.03 0.31 2.21 1.60 1.55 1.54 1.61
0.03 0.17 0.98 -0.73 2.28 -3.36 0.07 0.38 2.26 1.59 1.55 1.53 1.60
0.04 0.20 1.02 -6.29 7.18 -2.07 0.10 0.46 2.34 1.59 1.55 1.52 1.60
0.07 0.25 1.05 -10.75 14.18 -0.25 0.16 0.58 2.40 1.60 1.54 1.53 1.60
0.08 0.26 1.07 -10.42 22.85 -1.23 0.17 0.60 2.46 1.61 1.55 1.52 1.59
0.09 0.27 1.10 -9.47 29.79 -1.63 0.22 0.62 2.53 1.59 1.56 1.52 1.61
0.09 0.29 1.11 -9.19 32.25 -4.86 0.22 0.65 2.54 1.61 1.55 1.53 1.60
0.11 0.26 1.12 -17.61 29.73 -4.85 0.26 0.60 2.57 1.60 1.56 1.53 1.60
0.13 0.30 1.12 -29.09 25.20 -1.84 0.32 0.70 2.59 1.61 1.56 1.52 1.60
0.13 0.37 1.16 -43.05 25.73 -0.91 0.30 0.84 2.66 1.60 1.55 1.54 1.61
0.16 0.33 1.23 -45.73 29.58 -4.59 0.37 0.75 2.82 1.61 1.55 1.55 1.59
0.14 0.28 1.27 -53.83 38.91 -5.20 0.34 0.66 2.95 1.60 1.56 1.54 1.60
0.14 0.31 1.31 -63.18 46.86 0.45 0.32 0.71 3.00 1.61 1.55 1.54 1.60
0.15 0.32 1.33 -68.48 55.79 -10.89 0.35 0.73 3.04 1.63 1.56 1.57 1.59
0.16 0.32 1.39 -80.42 56.94 -19.29 0.37 0.73 3.19 1.62 1.57 1.57 1.59
0.20 0.51 1.49 -72.78 47.58 -39.64 0.45 1.17 3.42 1.64 1.57 1.58 1.59
0.19 0.52 1.39 -56.67 37.96 -71.29 0.35 1.19 3.11 1.63 1.59 1.62 1.60
0.02 0.51 1.24 -12.39 37.89 -95.38 0.06 1.17 2.84 1.65 1.59 1.65 1.59
0.00 0.46 1.26 -4.28 46.88 -115.62 -0.07 1.10 2.83 1.64 1.62 1.67 1.59
0.03 0.43 1.12 31.30 68.90 -127.50 0.08 0.98 2.58 1.67 1.62 1.71 1.59
-0.03 0.20 1.14 50.79 116.96 -136.78 -0.03 0.43 2.60 1.65 1.65 1.77 1.59
0.06 0.08 1.02 56.82 171.54 -114.30 0.18 0.20 2.34 1.65 1.68 1.83 1.60
0.13 0.15 1.14 27.39 181.09 -103.78 0.31 0.36 2.61 1.67 1.73 1.90 1.63
0.14 0.14 1.15 3.39 211.10 -104.49 0.24 0.30 2.53 1.68 1.79 1.97 1.66
0.29 0.14 1.00 -5.91 222.43 -90.72 0.67 0.32 2.30 1.66 1.87 2.01 1.70
0.39 0.24 1.06 3.20 216.88 -71.77 0.92 0.55 2.38 1.66 1.93 2.05 1.72
0.38 0.25 0.94 28.09 195.20 -53.26 0.87 0.57 2.15 1.67 1.98 2.06 1.78
0.39 0.15 0.87 51.99 174.62 -38.93 0.90 0.35 1.99 1.67 2.03 2.09 1.81
0.44 0.16 0.87 61.84 159.55 -24.32 1.02 0.35 2.00 1.67 2.06 2.12 1.83
0.45 0.06 0.83 50.98 146.82 -16.45 1.02 0.15 1.90 1.67 2.07 2.13 1.86
0.53 0.05 0.84 29.75 146.24 -7.18 1.20 0.12 1.93 1.68 2.08 2.16 1.89
0.53 0.12 0.80 18.17 143.22 -0.26 1.22 0.29 1.83 1.66 2.11 2.19 1.92
0.58 0.18 0.83 17.57 156.72 2.22 1.37 0.46 1.92 1.68 2.11 2.18 1.95
0.48 0.35 0.87 36.32 182.85 -3.82 1.09 0.75 1.97 1.68 2.15 2.20 1.98
0.55 0.27 0.77 58.61 198.41 -13.90 1.25 0.61 1.77 1.68 2.16 2.23 2.00
0.56 0.21 0.80 67.40 209.58 -11.49 1.36 0.44 1.87 1.68 2.18 2.24 2.01
0.50 0.10 0.70 72.41 206.99 -8.88 1.14 0.24 1.60 1.68 2.19 2.27 2.04
0.56 -0.02 0.64 70.11 191.13 0.88 1.40 0.01 1.52 1.69 2.21 2.26 2.04
0.66 0.06 0.56 57.36 174.68 12.54 1.56 0.09 1.29 1.69 2.21 2.27 2.06
0.76 0.15 0.59 49.67 160.52 19.26 1.75 0.34 1.35 1.69 2.21 2.29 2.06
0.69 0.28 0.65 65.37 156.69 29.71 1.59 0.70 1.59 1.70 2.20 2.28 2.05
0.51 0.29 0.55 103.50 159.12 29.19 1.18 0.67 1.26 1.73 2.21 2.27 2.08
0.67 0.19 0.48 108.71 149.89 24.39 1.62 0.40 1.12 1.72 2.24 2.26 2.08
0.69 0.03 0.54 96.24 134.43 31.10 1.59 0.07 1.23 1.74 2.20 2.27 2.08
0.63 0.03 0.41 78.37 111.41 37.13 1.44 0.06 0.75 1.75 2.22 2.26 2.08
0.72 0.08 0.31 56.31 102.77 32.08 1.75 0.19 0.72 1.78 2.20 2.28 2.09
0.79 0.08 0.31 29.42 108.41 33.44 1.82 0.19 0.70 1.80 2.21 2.28 2.07
0.82 0.12 0.27 20.91 112.39 32.80 1.79 0.24 0.63 1.84 2.21 2.27 2.07
0.86 0.15 0.21 16.31 114.02 32.72 1.97 0.35 0.48 1.84 2.21 2.26 2.08
0.95 0.10 0.14 8.66 109.92 30.73 1.89 0.14 0.33 1.86 2.21 2.29 2.07
1.01 0.15 0.11 2.63 100.34 18.41 2.27 0.25 0.36 1.87 2.22 2.25 2.09
0.96 0.20 0.19 -5.85 92.23 13.43 2.21 0.45 0.45 1.87 2.19 2.25 2.07
0.87 0.15 0.23 -8.20 87.36 11.21 1.99 0.41 0.53 1.89 2.19 2.26 2.07
0.88 0.19 0.22 -5.70 85.26 6.47 2.01 0.43 0.50 1.89 2.22 2.24 2.08
0.92 0.19 0.15 -5.62 87.58 7.65 2.11 0.33 0.42 1.92 2.17 2.27 2.06
0.93 0.09 0.13 -4.88 81.83 9.41 2.11 0.19 0.31 1.91 2.20 2.26 2.07
0.89 0.08 0.14 -11.72 76.92 10.05 2.05 0.17 0.33 1.91 2.21 2.25 2.06
0.88 0.12 0.13 -14.11 73.62 9.61 2.05 0.34 0.29 1.92 2.19 2.25 2.06
0.86 0.13 0.13 -12.73 72.58 11.55 1.97 0.29 0.30 1.93 2.19 2.24 2.07
0.82 0.07 0.15 -11.60 73.97 13.53 1.88 0.16 0.34 1.93 2.18 2.25 2.07
0.80 0.08 0.14 -16.99 81.59 14.88 1.86 0.16 0.33 1.92 2.19 2.24 2.07
0.86 0.11 0.11 -20.71 84.60 17.18 1.96 0.24 0.26 1.93 2.20 2.25 2.04
0.91 0.15 0.05 -19.00 79.91 16.14 2.10 0.33 0.09 1.92 2.19 2.23 2.06
0.97 0.18 -0.04 -8.60 60.80 14.93 2.22 0.41 -0.09 1.93 2.19 2.24 2.07
0.93 0.14 -0.07 -10.34 53.12 14.39 2.13 0.32 -0.14 1.94 2.18 2.23 2.05
0.84 0.10 -0.03 -10.40 38.62 6.31 1.94 0.35 -0.08 1.93 2.19 2.25 2.05
0.73 0.13 0.02 -10.95 43.83 6.66 1.68 0.31 0.04 1.93 2.19 2.23 2.05
0.74 0.06 0.04 -12.91 54.56 12.62 1.69 0.28 0.05 1.92 2.18 2.25 2.05
0.83 0.14 -0.04 -16.84 55.97 14.99 1.90 0.31 -0.09 1.93 2.19 2.26 2.06
0.88 0.16 -0.07 -17.18 48.63 17.95 2.00 0.41 -0.20 1.94 2.19 2.25 2.05
0.91 0.19 -0.10 -15.04 38.32 20.33 2.13 0.45 -0.23 1.92 2.20 2.22 2.06
0.96 0.21 -0.13 -11.71 26.99 20.48 2.20 0.48 -0.31 1.92 2.17 2.24 2.06
0.98 0.22 -0.15 -10.25 15.22 17.55 2.24 0.51 -0.33 1.94 2.17 2.22 2.05
0.89 0.26 -0.07 -12.01 7.25 12.06 2.04 0.60 -0.17 1.93 2.18 2.23 2.05
0.79 0.26 0.00 -9.52 11.41 9.86 1.81 0.58 0.02 1.92 2.17 2.23 2.05
0.81 0.24 0.01 -4.47 24.10 11.00 1.83 0.53 0.00 1.93 2.18 2.23 2.06
0.90 0.22 -0.06 -7.06 29.70 12.76 2.08 0.50 -0.13 1.92 2.19 2.22 2.06
0.97 0.22 -0.11 -8.98 26.62 14.18 2.26 0.52 -0.26 1.94 2.17 2.24 2.06
1.01 0.24 -0.13 -9.80 12.36 13.27 2.31 0.54 -0.31 1.93 2.19 2.21 2.06
0.97 0.23 -0.11 -10.55 2.03 9.17 2.23 0.53 -0.24 1.93 2.17 2.22 2.06
0.94 0.22 -0.06 -13.00 -1.08 4.84 2.13 0.52 -0.12 1.94 2.17 2.25 2.04
0.87 0.26 -0.02 -13.05 0.38 1.79 2.01 0.60 -0.05 1.93 2.18 2.21 2.05
0.83 0.28 0.01 -10.07 7.75 0.61 1.89 0.63 0.03 1.93 2.19 2.22 2.06
0.86 0.25 0.00 -7.67 20.18 1.99 2.00 0.56 0.01 1.92 2.17 2.25 2.04
0.99 0.22 -0.06 -9.58 24.58 3.67 2.28 0.51 -0.13 1.93 2.18 2.25 2.05
1.04 0.21 -0.12 -12.21 14.62 6.34 2.40 0.49 -0.28 1.93 2.16 2.24 2.04
1.05 0.24 -0.12 -14.84 1.66 5.61 2.40 0.56 -0.27 1.93 2.15 2.24 2.03
1.02 0.26 -0.11 -15.60 -9.56 0.52 2.33 0.61 -0.23 1.93 2.16 2.20 2.04
0.95 0.28 -0.06 -14.75 -13.41 -5.15 2.16 0.62 -0.13 1.94 2.16 2.21 2.05
0.94 0.24 -0.04 -15.07 -8.44 -8.41 2.15 0.54 -0.09 1.92 2.18 2.23 2.03
0.93 0.20 -0.03 -17.01 -4.37 -6.42 2.13 0.45 -0.08 1.92 2.16 2.22 2.05
0.95 0.20 -0.06 -22.72 2.24 -1.22 2.18 0.45 -0.13 1.93 2.15 2.24 2.04
0.96 0.22 -0.06 -27.26 4.67 -0.50 2.21 0.50 -0.14 1.90 2.17 2.22 2.04
0.95 0.24 -0.07 -29.47 12.79 -3.29 2.19 0.56 -0.16 1.90 2.16 2.22 2.04
0.98 0.26 -0.09 -28.48 16.20 -6.38 2.26 0.61 -0.20 1.89 2.16 2.23 2.03
0.99 0.25 -0.09 -26.16 2.70 -10.31 2.25 0.56 -0.19 1.91 2.18 2.23 2.04
1.00 0.24 -0.10 -22.84 -4.45 -14.53 2.30 0.54 -0.22 1.88 2.17 2.21 2.04
0.98 0.24 -0.08 -24.38 -9.51 -15.87 2.26 0.56 -0.19 1.87 2.18 2.21 2.03
0.95 0.25 -0.11 -23.11 -11.22 -19.50 2.17 0.57 -0.25 1.88 2.16 2.22 2.04
0.96 0.25 -0.12 -20.01 -7.23 -20.05 2.21 0.56 -0.28 1.88 2.16 2.21 2.04
0.91 0.25 -0.12 -20.85 -3.70 -21.59 2.07 0.59 -0.30 1.86 2.16 2.20 2.03
0.97 0.17 -0.20 -27.15 1.95 -24.40 2.23 0.38 -0.45 1.84 2.13 2.21 2.03
0.98 0.16 -0.20 -34.98 2.79 -21.03 2.24 0.36 -0.57 1.83 2.14 2.20 2.00
0.94 0.14 -0.23 -47.76 -11.13 -17.89 2.11 0.34 -0.53 1.80 2.13 2.17 2.00
0.93 0.15 -0.22 -63.46 -18.35 -14.88 2.13 0.33 -0.51 1.80 2.10 2.16 1.97
0.95 0.20 -0.16 -67.87 -20.96 -12.98 2.21 0.47 -0.36 1.81 2.07 2.15 1.94
0.87 0.21 -0.13 -64.35 -38.05 -13.02 2.00 0.48 -0.30 1.79 2.04 2.12 1.93
0.85 0.23 -0.18 -60.05 -52.45 -10.27 1.97 0.52 -0.45 1.78 2.03 2.08 1.89
0.86 0.24 -0.20 -45.61 -70.95 -5.13 1.99 0.53 -0.49 1.78 2.00 2.06 1.87
0.89 0.07 -0.34 -35.58 -101.51 4.78 2.05 0.15 -0.78 1.76 1.98 2.04 1.84
0.81 -0.02 -0.31 -36.31 -142.11 21.25 1.63 -0.26 -0.60 1.78 1.94 1.97 1.79
0.71 0.03 -0.33 0.46 -252.34 14.40 1.62 0.07 -0.76 1.75 1.91 1.92 1.74
0.70 -0.07 -0.24 20.63 -286.72 38.28 1.46 -0.17 -0.59 1.71 1.87 1.87 1.70
0.82 -0.19 -0.27 9.38 -286.72 69.40 1.83 -0.25 -0.64 1.71 1.81 1.81 1.67
0.48 -0.14 -0.26 3.34 -286.72 106.13 1.10 -0.32 -0.61 1.70 1.76 1.76 1.64
0.34 -0.21 -0.16 -19.02 -286.72 133.19 1.00 -0.39 -0.53 1.67 1.71 1.72 1.61
0.35 -0.18 -0.11 -44.07 -286.72 149.10 0.81 -0.41 -0.24 1.65 1.65 1.68 1.60
0.07 0.02 0.22 -43.72 -286.72 169.73 0.20 0.08 0.41 1.65 1.61 1.63 1.59
0.11 0.14 0.02 -11.32 -286.72 157.46 0.26 0.31 0.04 1.63 1.60 1.59 1.56
0.18 0.07 -0.21 55.66 -277.28 161.95 0.41 0.16 -0.48 1.62 1.56 1.59 1.56
0.04 -0.37 -0.31 88.84 -286.72 200.43 -0.19 -0.64 -0.46 1.61 1.56 1.57 1.57
0.22 -0.28 -0.70 105.84 -286.72 206.82 0.51 -0.65 -1.62 1.62 1.56 1.54 1.56
0.03 -0.25 -0.67 138.85 -286.72 169.73 0.30 -0.35 -1.52 1.61 1.54 1.53 1.58
-0.30 -0.35 -0.74 132.67 -286.72 150.15 -0.69 -0.80 -1.70 1.60 1.53 1.53 1.58
-0.37 -0.39 -0.81 145.95 -286.72 158.95 -0.67 -0.60 -1.77 1.59 1.53 1.51 1.57
-0.88 -0.28 -0.46 106.62 -286.72 146.68 -2.02 -0.64 -1.05 1.59 1.53 1.51 1.56
-0.76 0.35 0.29 42.37 -286.72 117.36 -1.74 0.81 0.67 1.61 1.52 1.51 1.57
-1.03 0.39 0.83 -56.88 -286.72 46.32 -2.41 0.88 2.01 1.60 1.53 1.50 1.58
-0.95 0.26 1.48 -92.50 -286.72 12.65 -2.19 0.60 3.40 1.60 1.53 1.49 1.57
-1.28 0.91 1.56 -202.20 -286.72 0.97 -3.28 2.31 3.69 1.59 1.53 1.51 1.59
-0.91 1.14 2.00 -226.21 -248.27 0.49 -2.08 2.61 4.59 1.59 1.53 1.51 1.59
-0.85 1.12 2.00 -193.37 -285.36 -91.65 -2.20 2.76 4.59 1.60 1.53 1.51 1.59
-1.73 2.00 2.00 -43.58 -154.40 2.86 -4.59 3.92 4.59 1.59 1.52 1.52 1.58
-1.06 1.25 2.00 125.59 160.26 64.40 -2.42 2.86 4.59 1.59 1.53 1.51 1.59
-0.64 1.04 2.00 120.62 181.55 8.31 -1.40 2.26 4.59 1.61 1.53 1.49 1.57
-0.32 0.77 2.00 137.55 150.03 -48.00 -0.74 1.77 4.59 1.60 1.54 1.50 1.58
0.13 0.48 2.00 191.91 79.16 -83.54 0.04 1.31 4.59 1.59 1.52 1.52 1.58
-0.17 0.57 1.88 198.97 9.35 -81.29 -0.39 1.30 4.30 1.61 1.54 1.52 1.59
-0.18 0.24 1.52 132.13 26.08 -66.67 -0.41 0.55 3.48 1.59 1.54 1.51 1.58
-0.01 0.25 1.31 83.89 65.64 -28.50 -0.01 0.50 2.98 1.60 1.53 1.53 1.59
0.07 0.18 1.14 66.08 65.45 -19.95 0.16 0.41 2.62 1.60 1.54 1.50 1.57
0.04 0.14 1.00 46.15 47.09 -20.41 0.09 0.35 2.32 1.61 1.54 1.52 1.59
0.05 0.23 0.92 37.59 24.66 -17.95 0.12 0.52 2.11 1.61 1.53 1.53 1.58
0.01 0.27 0.84 14.90 13.27 -13.53 0.03 0.61 1.94 1.60 1.53 1.52 1.58
0.01 0.27 0.87 -13.76 18.38 -5.57 0.02 0.60 2.00 1.60 1.54 1.52 1.60
0.00 0.28 0.93 -26.23 16.03 2.85 0.00 0.63 2.13 1.60 1.53 1.52 1.59
-0.04 0.29 0.96 -22.51 11.06 7.39 -0.10 0.66 2.23 1.59 1.54 1.51 1.58
-0.08 0.24 1.00 -12.22 6.31 10.53 -0.18 0.56 2.29 1.61 1.54 1.51 1.59
-0.10 0.24 0.99 -3.95 1.09 9.56 -0.24 0.55 2.27 1.60 1.54 1.53 1.58
-0.07 0.24 1.02 2.25 -4.08 2.47 -0.15 0.56 2.34 1.59 1.55 1.51 1.60
-0.04 0.30 1.00 -6.09 -1.31 -3.50 -0.10 0.69 2.29 1.61 1.54 1.51 1.60
-0.02 0.31 0.98 -12.70 5.70 -7.14 -0.00 0.72 2.25 1.60 1.54 1.52 1.59
-0.02 0.32 0.95 -15.42 11.54 -2.85 -0.03 0.73 2.16 1.60 1.54 1.52 1.59
-0.02 0.28 0.94 -9.04 5.70 -3.28 -0.04 0.65 2.15 1.61 1.54 1.51 1.60
-0.04 0.24 0.94 7.37 -4.37 -3.81 -0.10 0.53 2.15 1.61 1.55 1.53 1.58
-0.05 0.18 0.94 19.68 -10.47 -5.14 -0.12 0.40 2.15 1.60 1.54 1.53 1.58
-0.06 0.20 0.94 14.37 -7.80 -6.45 -0.13 0.47 2.15 1.61 1.54 1.53 1.59
-0.05 0.20 0.94 2.69 2.92 -7.11 -0.11 0.47 2.16 1.59 1.55 1.54 1.59
-0.04 0.20 0.93 -7.61 9.93 -7.51 -0.10 0.47 2.13 1.61 1.54 1.53 1.59
-0.03 0.20 0.94 -9.11 11.99 -4.93 -0.08 0.47 2.15 1.60 1.54 1.52 1.60
-0.05 0.21 0.94 -2.22 7.51 -0.46 -0.13 0.47 2.16 1.61 1.55 1.51 1.60
-0.07 0.18 0.94 9.45 -1.43 3.75 -0.16 0.42 2.16 1.60 1.54 1.52 1.59
-0.07 0.18 0.94 18.93 -11.42 7.00 -0.17 0.43 2.16 1.59 1.55 1.52 1.60
-0.07 0.22 0.96 15.64 -16.38 6.64 -0.15 0.51 2.21 1.62 1.54 1.52 1.60
-0.06 0.24 1.00 6.50 -13.37 3.16 -0.14 0.55 2.30 1.60 1.55 1.53 1.60
-0.04 0.23 1.05 -1.80 -2.07 -1.76 -0.08 0.54 2.44 1.59 1.53 1.53 1.60
-0.04 0.24 1.05 -2.83 8.23 -5.23 -0.10 0.55 2.41 1.60 1.55 1.52 1.60
-0.06 0.26 1.02 -2.65 13.03 -5.57 -0.13 0.62 2.34 1.60 1.55 1.53 1.60
-0.06 0.26 1.00 -1.51 11.15 -4.01 -0.13 0.60 2.29 1.61 1.54 1.53 1.59
-0.04 0.25 0.98 2.99 4.64 -2.40 -0.09 0.56 2.26 1.60 1.55 1.52 1.60
-0.04 0.21 0.98 7.83 -2.19 -0.69 -0.10 0.48 2.25 1.61 1.54 1.54 1.59
-0.05 0.20 0.97 12.16 -5.91 -0.04 -0.10 0.47 2.23 1.62 1.55 1.53 1.60
-0.04 0.21 0.97 9.66 -2.86 -0.27 -0.08 0.49 2.23 1.61 1.55 1.52 1.60
-0.03 0.22 0.98 4.69 2.99 -2.07 -0.05 0.53 2.24 1.60 1.54 1.54 1.59
-0.03 0.25 0.98 3.05 9.35 -3.01 -0.06 0.57 2.26 1.62 1.55 1.54 1.60
-0.03 0.23 0.98 1.92 11.73 -3.82 -0.07 0.53 2.23 1.61 1.55 1.54 1.59
-0.04 0.22 0.97 0.45 10.62 -2.57 -0.09 0.50 2.22 1.61 1.55 1.52 1.60
-0.05 0.22 0.95 1.99 5.42 -0.95 -0.11 0.51 2.17 1.61 1.55 1.54 1.60
-0.05 0.22 0.94 3.21 -0.60 -0.57 -0.11 0.50 2.17 1.60 1.56 1.53 1.59
-0.04 0.23 0.97 4.11 -4.81 -0.62 -0.10 0.52 2.23 1.60 1.55 1.55 1.59
-0.03 0.22 1.02 4.76 -4.87 -1.92 -0.07 0.51 2.34 1.61 1.55 1.54 1.60
-0.03 0.23 1.06 4.59 2.54 -3.72 -0.05 0.52 2.44 1.60 1.55 1.54 1.59
-0.01 0.25 1.09 1.66 17.31 -5.47 -0.02 0.57 2.50 1.60 1.56 1.53 1.61
-0.03 0.23 1.08 1.54 27.58 -6.29 -0.06 0.54 2.49 1.60 1.55 1.54 1.59
-0.02 0.21 1.07 -1.78 35.10 -7.54 -0.05 0.50 2.46 1.62 1.54 1.54 1.59
-0.02 0.24 1.01 -6.26 34.96 -8.25 -0.05 0.55 2.33 1.60 1.56 1.53 1.60
-0.01 0.23 1.01 -11.19 29.99 -10.43 -0.02 0.53 2.33 1.62 1.55 1.55 1.59
0.03 0.27 1.02 -20.10 23.02 -10.81 0.04 0.63 2.35 1.62 1.54 1.54 1.60
0.01 0.28 1.09 -23.17 20.59 -12.77 0.02 0.63 2.50 1.62 1.55 1.54 1.62
0.02 0.28 1.17 -22.09 23.61 -15.94 0.05 0.65 2.71 1.62 1.55 1.55 1.59
0.04 0.29 1.22 -23.18 31.82 -19.45 0.10 0.67 2.80 1.61 1.55 1.55 1.59
0.04 0.35 1.25 -28.59 48.66 -22.97 0.13 0.78 2.87 1.63 1.56 1.55 1.59
0.06 0.38 1.26 -34.27 73.44 -35.36 0.13 0.88 2.89 1.63 1.55 1.56 1.59
0.06 0.36 1.28 -26.64 82.44 -55.55 0.13 0.84 2.93 1.63 1.56 1.55 1.60
0.03 0.33 1.25 -53.52 78.92 -68.89 0.10 0.72 2.90 1.62 1.58 1.56 1.60
0.06 0.40 1.28 -100.91 80.53 -78.24 0.14 0.92 2.95 1.62 1.56 1.58 1.60
0.11 0.49 1.34 -124.23 107.62 -78.41 0.24 1.14 3.09 1.63 1.59 1.58 1.60
0.16 0.48 1.44 -111.71 117.22 -99.10 0.36 1.11 3.30 1.64 1.58 1.61 1.60
0.04 0.41 1.21 -71.95 73.19 -112.72 0.07 0.95 2.72 1.63 1.58 1.63 1.60
0.02 0.53 1.17 -48.05 88.19 -115.94 0.06 1.25 2.69 1.63 1.59 1.63 1.60
0.02 0.31 0.98 -14.47 115.52 -118.95 0.04 0.72 2.25 1.65 1.59 1.66 1.59
0.08 0.36 0.99 6.47 124.33 -106.27 0.26 0.81 2.31 1.64 1.62 1.69 1.60
0.15 0.25 0.91 22.48 139.09 -108.12 0.35 0.58 2.08 1.65 1.62 1.74 1.58
0.21 0.22 1.11 25.99 145.44 -103.69 0.45 0.51 2.62 1.66 1.61 1.76 1.59
0.23 0.25 1.01 19.07 157.36 -100.27 0.53 0.58 2.33 1.66 1.63 1.81 1.60
0.27 0.33 0.86 14.45 180.99 -93.84 0.62 0.75 1.97 1.66 1.66 1.83 1.62
0.35 0.32 0.88 14.01 198.94 -86.62 0.79 0.73 2.00 1.65 1.66 1.89 1.63
0.46 0.28 0.68 9.31 207.16 -79.33 1.05 0.64 1.55 1.66 1.73 1.92 1.66
0.50 0.24 0.73 16.06 202.30 -72.12 1.12 0.48 1.60 1.65 1.78 1.95 1.67
0.53 0.11 0.79 11.10 179.02 -57.25 1.21 0.26 1.81 1.67 1.81 1.97 1.69
0.58 0.21 0.75 12.15 167.91 -42.07 1.40 0.43 1.70 1.66 1.85 1.99 1.69
0.63 0.17 0.74 12.80 165.90 -34.74 1.47 0.35 1.68 1.66 1.89 2.00 1.73
0.67 0.19 0.77 10.85 160.36 -30.53 1.53 0.45 1.77 1.68 1.92 2.06 1.74
0.63 0.21 0.68 12.62 156.20 -28.89 1.39 0.51 1.52 1.67 1.93 2.07 1.74
0.72 0.15 0.67 8.74 156.40 -24.71 1.65 0.35 1.54 1.69 1.95 2.10 1.76
0.75 0.17 0.69 9.82 155.90 -14.67 1.70 0.45 1.59 1.67 2.01 2.09 1.81
0.69 0.16 0.67 14.37 151.38 -14.72 1.58 0.37 1.53 1.68 2.01 2.11 1.81
0.73 0.26 0.65 21.08 151.77 -19.68 1.67 0.60 1.50 1.69 2.05 2.13 1.83
0.68 0.21 0.57 23.84 156.08 -25.62 1.54 0.48 1.25 1.68 2.05 2.13 1.85
0.82 0.14 0.55 15.95 158.78 -19.15 1.87 0.32 1.27 1.67 2.06 2.16 1.85
0.87 0.15 0.55 17.72 162.08 -8.62 1.95 0.39 1.30 1.70 2.08 2.18 1.87
0.85 0.20 0.46 18.18 154.13 -5.25 1.95 0.46 1.05 1.70 2.10 2.17 1.91
0.88 0.30 0.60 31.47 155.57 8.99 2.02 0.70 1.37 1.70 2.12 2.19 1.92
0.71 0.33 0.53 49.30 156.43 3.05 1.67 0.78 1.23 1.71 2.11 2.22 1.93
0.74 0.24 0.50 61.92 148.71 -4.64 1.69 0.55 1.15 1.70 2.13 2.22 1.95
0.79 0.21 0.56 69.00 160.08 -6.20 1.80 0.45 1.27 1.74 2.14 2.25 1.98
0.77 0.06 0.39 57.20 163.54 0.32 1.77 0.17 0.90 1.73 2.16 2.23 1.98
0.93 0.07 0.48 51.43 166.16 13.28 2.14 0.16 1.10 1.74 2.16 2.26 1.98
0.82 0.14 0.38 42.79 158.24 13.78 1.80 0.38 0.76 1.73 2.18 2.25 2.00
0.85 0.22 0.27 37.97 153.62 1.99 1.95 0.50 0.61 1.72 2.18 2.25 2.01
0.94 0.25 0.23 41.60 142.36 -5.09 2.21 0.54 0.53 1.74 2.18 2.26 2.03
0.98 0.17 0.13 45.47 140.33 -5.63 2.25 0.39 0.29 1.72 2.21 2.25 2.05
1.02 0.02 0.16 46.84 130.75 -1.68 2.35 0.05 0.36 1.73 2.19 2.27 2.03
0.91 0.12 0.24 47.09 121.42 1.81 2.13 0.27 0.45 1.73 2.20 2.29 2.04
0.92 0.11 0.16 50.90 109.14 8.54 2.11 0.25 0.36 1.75 2.19 2.30 2.04
0.80 0.17 0.21 46.08 104.60 9.28 1.81 0.46 0.47 1.74 2.21 2.28 2.05
0.74 0.14 0.17 64.03 111.44 6.76 1.70 0.33 0.40 1.76 2.20 2.30 2.05
0.88 0.12 0.13 69.61 114.67 1.38 2.02 0.28 0.30 1.78 2.20 2.27 2.07
0.92 0.07 0.05 73.73 112.15 2.17 2.06 0.09 0.05 1.80 2.22 2.27 2.08
1.02 0.02 -0.06 70.22 94.89 9.36 2.33 0.04 -0.14 1.81 2.21 2.29 2.07
0.93 0.04 0.01 63.81 83.72 9.41 2.30 0.22 0.06 1.82 2.22 2.30 2.08
0.91 0.15 -0.07 54.88 55.80 11.28 2.09 0.35 -0.15 1.85 2.22 2.26 2.09
0.89 0.11 -0.01 44.53 30.50 7.79 2.04 0.24 -0.01 1.87 2.20 2.26 2.06
0.73 0.17 -0.03 29.26 25.44 6.17 1.71 0.42 -0.11 1.89 2.21 2.30 2.07
0.74 0.20 -0.04 32.32 30.91 7.48 1.71 0.45 -0.09 1.94 2.20 2.29 2.08
0.81 0.12 -0.14 38.19 26.93 12.13 1.84 0.22 -0.28 1.96 2.20 2.29 2.07
0.90 0.09 -0.21 45.15 5.57 18.98 2.06 0.21 -0.47 1.99 2.21 2.28 2.10
0.92 0.11 -0.21 40.92 -4.25 24.65 2.11 0.25 -0.48 2.00 2.20 2.28 2.08
0.95 0.12 -0.17 23.95 15.38 25.38 2.15 0.21 -0.33 2.03 2.18 2.27 2.10
0.86 0.12 -0.11 15.95 12.03 12.66 1.96 0.28 -0.24 2.03 2.19 2.27 2.08
0.56 0.09 -0.30 -4.46 19.36 2.82 1.56 0.41 -0.45 2.02 2.22 2.29 2.09
0.76 0.21 -0.06 -7.01 33.74 3.17 1.75 0.48 -0.13 2.02 2.22 2.25 2.09
0.82 0.20 -0.13 -8.02 39.37 3.60 1.87 0.45 -0.30 2.04 2.22 2.28 2.09
0.79 0.16 -0.14 -3.06 30.68 9.94 1.81 0.37 -0.35 2.05 2.19 2.25 2.08
0.82 0.18 -0.18 -0.84 23.14 13.82 1.89 0.41 -0.40 2.04 2.19 2.28 2.06
0.90 0.18 -0.20 2.29 17.03 19.95 2.05 0.41 -0.47 2.03 2.20 2.27 2.08
0.87 0.19 -0.14 0.47 7.45 20.16 2.01 0.50 -0.35 2.02 2.21 2.24 2.09
0.83 0.25 -0.11 -3.32 10.22 14.54 1.92 0.57 -0.26 2.05 2.19 2.26 2.07
0.87 0.27 -0.12 -3.42 14.21 7.74 2.01 0.63 -0.28 2.03 2.18 2.26 2.05
0.87 0.26 -0.10 -1.70 11.31 3.88 2.00 0.60 -0.22 2.02 2.21 2.27 2.06
0.90 0.25 -0.09 -0.80 10.26 4.89 2.07 0.57 -0.20 2.04 2.18 2.27 2.07
0.97 0.23 -0.12 -0.86 5.53 8.69 2.24 0.53 -0.27 2.03 2.21 2.24 2.06
0.99 0.27 -0.12 -3.33 -0.55 8.55 2.27 0.61 -0.27 2.03 2.19 2.26 2.06
0.98 0.28 -0.11 -2.65 -7.02 4.01 2.25 0.65 -0.24 2.04 2.20 2.24 2.07
0.97 0.24 -0.08 0.74 -12.53 -2.82 2.22 0.55 -0.18 2.03 2.20 2.24 2.07
0.95 0.20 -0.05 -0.28 -13.69 -6.04 2.17 0.45 -0.12 2.02 2.18 2.27 2.07
0.90 0.21 -0.01 -3.13 -9.97 -6.20 2.06 0.50 -0.01 2.03 2.19 2.26 2.07
0.89 0.22 0.01 -1.29 -0.75 -5.22 2.05 0.50 0.02 2.04 2.17 2.27 2.06
0.98 0.16 -0.04 1.11 -0.62 -3.08 2.27 0.36 -0.10 2.03 2.20 2.24 2.07
1.01 0.15 -0.07 -1.57 -7.48 -0.28 2.31 0.35 -0.16 2.02 2.18 2.25 2.06
0.97 0.20 -0.04 -3.82 -10.45 1.08 2.23 0.45 -0.09 2.02 2.20 2.24 2.06
0.91 0.24 0.02 -3.26 -7.41 -0.62 2.10 0.54 0.05 2.03 2.18 2.25 2.05
0.96 0.20 -0.01 -0.25 -1.04 -3.37 2.21 0.49 -0.01 2.02 2.19 2.26 2.04
1.01 0.16 -0.04 1.35 -2.83 -1.86 2.32 0.37 -0.10 2.03 2.18 2.25 2.06
0.98 0.18 -0.03 -1.44 -5.11 1.04 2.24 0.42 -0.05 2.01 2.20 2.23 2.07
0.92 0.22 0.03 -4.30 -0.88 2.50 2.12 0.50 0.06 2.03 2.17 2.24 2.05
0.98 0.23 0.00 -4.34 4.32 2.50 2.25 0.53 0.01 2.00 2.16 2.24 2.06
1.04 0.23 -0.06 -3.41 1.55 2.07 2.40 0.53 -0.14 2.02 2.17 2.26 2.04
1.03 0.24 -0.07 -1.83 -6.00 0.05 2.35 0.56 -0.16 2.02 2.17 2.25 2.06
0.98 0.23 -0.03 -0.28 -9.46 -2.23 2.23 0.52 -0.07 2.01 2.19 2.26 2.06
0.93 0.21 0.01 0.76 -7.71 -3.15 2.14 0.48 0.02 2.02 2.18 2.24 2.05
0.98 0.19 -0.02 0.56 -5.05 -2.43 2.25 0.45 -0.03 2.01 2.17 2.24 2.05
1.00 0.21 -0.03 0.81 -6.30 -1.82 2.30 0.50 -0.07 2.02 2.17 2.25 2.06
0.96 0.21 -0.00 1.40 -8.57 -2.71 2.20 0.47 -0.01 2.02 2.18 2.24 2.04
0.92 0.18 0.04 -0.20 -4.89 -1.48 2.11 0.42 0.08 2.00 2.19 2.23 2.06
0.98 0.17 0.00 -2.71 -1.64 -0.45 2.27 0.39 -0.01 2.01 2.17 2.23 2.05
1.00 0.21 -0.00 -6.98 -4.03 0.17 2.30 0.49 -0.01 2.01 2.18 2.24 2.04
0.96 0.24 0.02 -6.44 -3.58 -0.66 2.20 0.55 0.05 1.99 2.17 2.24 2.06
0.93 0.21 0.04 -2.70 -0.19 -1.40 2.14 0.47 0.08 2.02 2.18 2.26 2.04
0.97 0.16 0.00 -0.78 1.48 -0.60 2.22 0.38 0.01 2.02 2.17 2.24 2.04
1.00 0.16 -0.03 -1.12 -2.32 0.89 2.28 0.38 -0.06 2.01 2.17 2.24 2.06
0.95 0.19 0.00 -2.57 -5.41 2.24 2.19 0.43 0.01 2.02 2.17 2.25 2.07
0.94 0.20 0.01 -3.33 -2.69 1.91 2.15 0.47 0.03 2.00 2.19 2.23 2.04
0.97 0.21 -0.00 -3.07 -0.50 1.62 2.23 0.48 -0.01 2.01 2.17 2.23 2.05
0.98 0.22 -0.02 -1.11 -1.10 1.95 2.25 0.50 -0.04 2.01 2.18 2.25 2.04
0.96 0.21 -0.02 0.30 -2.20 1.53 2.20 0.49 -0.04 2.01 2.18 2.25 2.05
0.95 0.20 -0.02 0.87 -2.07 1.78 2.18 0.45 -0.04 2.00 2.16 2.22 2.04
0.95 0.20 -0.02 -0.63 -0.43 2.00 2.19 0.46 -0.04 2.00 2.16 2.22 2.06
0.98 0.21 -0.03 -0.70 -0.54 1.76 2.25 0.50 -0.06 2.00 2.19 2.22 2.06

