start recording
0.38 -0.40 -1.05 39.98 -285.54 126.72 0.88 -0.91 -2.42 1.69 1.61 1.61 1.56
0.24 -0.26 -1.18 43.87 -286.72 111.22 0.52 -0.52 -2.74 1.64 1.63 1.65 1.55
0.07 -0.26 -1.03 130.45 -286.72 99.24 0.16 -0.59 -2.36 1.66 1.60 1.60 1.58
-0.12 -0.21 -1.12 135.31 -286.72 60.46 -0.36 -0.60 -2.57 1.62 1.55 1.58 1.54
-0.45 -0.47 -1.17 172.24 -286.72 33.69 -1.03 -1.09 -2.70 1.58 1.57 1.53 1.53
-0.63 -0.24 -0.76 146.13 -286.72 19.29 -1.51 -0.59 -1.60 1.62 1.50 1.58 1.52
-0.68 0.11 -0.19 69.64 -286.72 2.12 -1.61 0.47 -0.24 1.58 1.56 1.53 1.48
-0.91 0.36 0.54 43.22 -286.72 -61.37 -2.08 0.83 1.23 1.57 1.49 1.50 1.53
-0.96 0.17 1.32 -32.80 -286.72 -91.17 -2.24 0.57 3.13 1.55 1.58 1.48 1.55
-0.91 0.65 2.00 -60.17 -286.72 -76.02 -2.10 1.49 4.59 1.59 1.48 1.52 1.54
-1.36 0.36 2.00 -286.72 -181.12 -39.31 -3.33 0.86 4.59 1.56 1.48 1.48 1.50
-0.46 0.96 2.00 -286.72 -57.09 -8.46 -1.06 2.21 4.59 1.57 1.48 1.50 1.53
-0.95 0.51 2.00 -286.72 -40.98 -51.87 -1.29 1.29 4.59 1.60 1.53 1.51 1.54
-0.75 1.26 2.00 -36.02 -48.38 31.10 -0.59 2.65 4.59 1.60 1.50 1.51 1.53
-0.08 0.91 2.00 94.96 -77.22 -42.50 -0.18 2.08 4.59 1.55 1.55 1.47 1.53
-0.54 0.85 1.84 42.88 11.00 50.99 -1.56 1.74 3.70 1.61 1.53 1.48 1.48
0.85 0.76 2.00 174.76 100.92 55.09 1.96 1.74 4.59 1.61 1.52 1.48 1.53
0.38 0.42 1.63 189.81 47.85 -12.17 1.01 0.85 3.70 1.62 1.53 1.50 1.52
0.17 0.42 1.28 181.37 -21.65 -28.38 0.37 0.96 2.94 1.56 1.52 1.50 1.49
0.27 0.34 1.32 162.04 -28.39 -14.82 0.62 0.77 3.03 1.58 1.54 1.51 1.50
0.22 0.08 1.11 105.75 -1.51 -1.58 0.50 0.15 2.57 1.60 1.50 1.52 1.53
0.10 0.10 0.88 45.20 48.50 25.12 0.23 0.22 2.02 1.64 1.48 1.54 1.48
0.24 0.03 0.85 13.72 66.73 29.32 0.60 0.00 1.90 1.60 1.54 1.53 1.53
0.17 0.16 0.86 -6.49 42.65 4.45 0.39 0.38 1.97 1.57 1.53 1.52 1.54
0.22 0.23 0.98 -10.79 22.72 7.03 0.51 0.53 2.24 1.61 1.55 1.53 1.51
0.19 0.18 1.05 -7.03 6.04 -4.62 0.45 0.41 2.41 1.65 1.50 1.51 1.52
0.13 0.16 1.04 -4.03 6.62 -14.64 0.30 0.37 2.38 1.57 1.50 1.55 1.51
0.10 0.14 1.02 -17.60 19.67 -16.70 0.24 0.34 2.34 1.59 1.50 1.51 1.50
0.12 0.19 0.99 -27.73 31.60 -13.72 0.26 0.44 2.26 1.58 1.53 1.50 1.52
0.16 0.23 0.98 -33.62 34.38 -6.24 0.36 0.53 2.25 1.59 1.55 1.48 1.56
0.19 0.29 1.00 -23.29 15.95 -4.77 0.43 0.68 2.30 1.62 1.54 1.53 1.53
0.16 0.30 1.01 0.05 -6.55 -6.11 0.36 0.69 2.33 1.58 1.53 1.51 1.52
0.15 0.27 1.03 19.40 -18.70 -4.14 0.33 0.66 2.39 1.60 1.54 1.55 1.55
0.12 0.20 1.04 38.40 -21.74 -2.42 0.29 0.44 2.39 1.60 1.52 1.53 1.53
0.08 0.14 1.03 40.48 -19.42 -0.20 0.19 0.31 2.36 1.65 1.47 1.55 1.50
0.08 0.11 1.04 32.92 -11.67 -3.08 0.18 0.25 2.40 1.58 1.54 1.50 1.55
0.11 0.10 1.03 15.94 -3.63 -5.60 0.25 0.24 2.37 1.61 1.52 1.53 1.53
0.14 0.14 1.00 0.45 3.18 -6.62 0.33 0.32 2.30 1.58 1.50 1.53 1.55
0.17 0.20 0.97 -14.28 10.75 -4.89 0.38 0.45 2.20 1.60 1.54 1.49 1.55
0.19 0.21 0.93 -16.78 13.96 -1.83 0.44 0.49 2.14 1.56 1.51 1.52 1.54
0.18 0.23 0.94 -9.63 7.31 -1.64 0.42 0.52 2.16 1.61 1.53 1.49 1.53
0.15 0.18 0.95 -0.06 -5.50 -1.41 0.34 0.41 2.18 1.59 1.50 1.54 1.53
0.11 0.15 1.00 7.06 -12.13 -3.54 0.26 0.34 2.29 1.58 1.52 1.52 1.55
0.11 0.13 1.02 9.55 -11.06 -6.95 0.25 0.29 2.33 1.61 1.50 1.49 1.51
0.11 0.16 1.01 8.68 -5.65 -7.30 0.26 0.37 2.32 1.58 1.53 1.53 1.53
0.13 0.20 1.01 3.88 2.28 -6.53 0.30 0.46 2.31 1.62 1.50 1.54 1.54
0.15 0.22 0.99 0.75 8.64 -6.16 0.34 0.51 2.25 1.64 1.55 1.54 1.53
0.15 0.18 0.96 3.48 8.32 -5.28 0.34 0.42 2.21 1.58 1.50 1.50 1.53
0.13 0.11 0.95 12.17 1.01 -5.01 0.30 0.24 2.17 1.62 1.53 1.51 1.54
0.12 0.07 0.93 11.12 -8.45 -2.74 0.28 0.15 2.15 1.65 1.49 1.54 1.56
0.12 0.08 0.97 4.59 -13.46 -0.42 0.28 0.18 2.22 1.63 1.52 1.50 1.54
0.13 0.12 1.01 2.04 -13.32 0.57 0.29 0.28 2.34 1.61 1.52 1.55 1.50
0.13 0.14 1.07 4.15 -4.80 -0.61 0.29 0.32 2.45 1.62 1.53 1.52 1.52
0.14 0.15 1.09 1.86 10.47 -2.06 0.31 0.35 2.50 1.65 1.52 1.52 1.52
0.15 0.16 1.07 -2.15 25.00 -4.35 0.34 0.36 2.44 1.66 1.49 1.57 1.50
0.15 0.14 1.04 -3.63 31.56 -5.06 0.35 0.31 2.39 1.61 1.48 1.57 1.52
0.17 0.13 1.01 -2.66 33.28 -4.86 0.39 0.30 2.30 1.60 1.53 1.54 1.55
0.16 0.10 0.97 -3.68 25.24 -1.99 0.35 0.25 2.24 1.64 1.55 1.54 1.52
0.17 0.11 1.02 -7.88 19.07 1.80 0.40 0.25 2.34 1.62 1.54 1.52 1.57
0.17 0.14 1.04 -9.11 22.22 3.04 0.40 0.29 2.39 1.58 1.56 1.51 1.53
0.19 0.13 1.10 -13.09 26.83 2.60 0.43 0.30 2.53 1.61 1.51 1.52 1.51
0.19 0.14 1.13 -15.85 37.20 -0.30 0.44 0.31 2.62 1.60 1.59 1.51 1.58
0.22 0.15 1.17 -24.24 46.39 -1.64 0.51 0.34 2.68 1.67 1.50 1.57 1.52
0.26 0.18 1.25 -33.99 53.17 -6.02 0.61 0.40 2.87 1.64 1.55 1.54 1.56
0.24 0.18 1.26 -50.25 58.18 -7.44 0.54 0.42 2.85 1.66 1.54 1.59 1.57
0.20 0.30 1.17 -57.05 66.23 -11.12 0.46 0.69 2.68 1.65 1.53 1.63 1.53
0.25 0.39 1.17 -53.59 76.52 -20.95 0.62 0.89 2.60 1.65 1.60 1.69 1.52
0.23 0.40 1.24 -44.64 84.57 -37.10 0.50 0.91 2.83 1.66 1.57 1.71 1.51
0.23 0.37 1.17 -27.06 102.06 -50.45 0.52 0.84 2.68 1.68 1.57 1.81 1.57
0.22 0.37 1.25 -12.04 117.79 -63.20 0.53 0.86 2.86 1.65 1.64 1.88 1.54
0.22 0.35 1.18 12.06 162.01 -84.53 0.49 0.80 2.71 1.67 1.65 1.88 1.57
0.32 0.29 1.10 28.75 196.18 -85.93 0.70 0.66 2.47 1.70 1.65 2.02 1.58
0.26 0.34 1.33 29.70 201.80 -101.01 0.59 0.79 3.04 1.63 1.81 2.05 1.69
0.38 -0.06 0.87 53.91 218.66 -106.11 0.86 -0.13 1.99 1.67 1.89 2.03 1.73
0.63 -0.17 0.91 29.44 210.67 -54.13 1.51 -0.42 2.02 1.69 1.92 2.11 1.75
0.71 -0.13 0.90 3.52 196.18 -15.87 1.63 -0.30 2.06 1.69 1.96 2.14 1.78
0.64 0.12 0.88 -15.65 180.29 -1.17 1.55 0.28 1.93 1.65 2.01 2.10 1.80
0.70 0.33 0.98 -6.38 179.99 -12.56 1.61 0.75 2.26 1.69 2.08 2.13 1.82
0.62 0.38 0.93 25.50 172.74 -25.53 1.43 0.88 2.14 1.67 2.04 2.21 1.92
0.63 0.21 0.86 68.22 151.69 -30.63 1.49 0.46 1.97 1.65 2.18 2.14 1.93
0.73 -0.03 0.84 84.63 135.93 -16.32 1.66 -0.07 1.92 1.72 2.12 2.17 1.91
0.79 -0.16 0.73 65.19 126.94 9.14 1.83 -0.37 1.68 1.68 2.13 2.23 1.95
0.93 -0.03 0.75 37.31 118.29 31.44 2.13 -0.08 1.72 1.76 2.18 2.25 2.01
0.81 0.20 0.76 26.08 106.05 29.52 1.83 0.46 1.67 1.69 2.17 2.26 1.98
0.77 0.31 0.73 33.15 109.56 12.58 1.65 0.79 1.75 1.70 2.17 2.21 2.04
0.69 0.33 0.78 57.78 123.10 6.97 1.58 0.76 1.79 1.75 2.13 2.29 2.05
0.72 0.18 0.75 83.92 128.56 10.26 1.66 0.43 1.63 1.75 2.21 2.34 2.08
0.85 0.02 0.70 87.96 124.85 16.65 1.94 0.04 1.61 1.79 2.22 2.22 2.08
0.77 -0.10 0.65 70.85 112.38 27.28 1.77 -0.25 1.46 1.75 2.17 2.29 2.11
0.99 -0.04 0.51 50.43 104.09 31.34 2.27 -0.08 1.17 1.82 2.20 2.23 2.04
0.88 0.12 0.62 44.64 90.60 33.15 2.03 0.28 1.43 1.76 2.23 2.30 2.07
0.83 0.24 0.53 56.92 83.77 20.37 1.94 0.55 1.27 1.86 2.15 2.24 2.11
0.75 0.19 0.53 80.47 75.10 13.61 1.72 0.45 1.21 1.85 2.19 2.21 2.07
0.67 0.03 0.55 97.02 73.97 15.62 1.50 0.03 1.24 1.88 2.14 2.35 2.04
0.77 -0.04 0.60 83.39 78.53 20.38 1.77 -0.09 1.37 1.86 2.16 2.28 2.12
0.80 -0.06 0.51 61.18 78.64 27.47 1.75 -0.15 1.21 1.80 2.22 2.32 2.11
0.75 -0.05 0.45 35.53 72.90 32.13 1.79 0.00 1.08 1.82 2.26 2.23 2.13
0.67 0.01 0.46 25.21 61.09 35.51 1.53 0.03 1.06 1.91 2.23 2.25 2.13
0.72 0.13 0.44 24.72 62.37 39.72 1.58 0.25 0.92 1.88 2.26 2.32 2.14
0.77 0.10 0.38 28.29 58.19 36.90 1.77 0.22 0.88 1.91 2.22 2.29 2.11
0.70 0.05 0.43 24.83 54.34 39.89 1.59 0.16 0.97 1.92 2.15 2.26 2.06
0.74 -0.00 0.35 22.32 66.80 40.06 1.81 -0.01 0.82 1.99 2.17 2.34 2.07
0.84 -0.00 0.29 12.65 66.37 39.68 1.94 -0.00 0.66 1.94 2.17 2.22 2.06
0.91 0.05 0.26 0.92 59.32 33.32 2.07 0.09 0.57 1.97 2.21 2.29 2.08
0.87 0.11 0.27 -10.23 50.05 25.79 1.99 0.25 0.61 1.99 2.18 2.27 2.10
0.84 0.12 0.28 -13.40 46.38 16.06 1.80 0.27 0.65 1.98 2.21 2.29 2.11
0.78 0.14 0.34 -15.86 50.37 9.06 1.76 0.25 0.78 1.99 2.21 2.23 2.11
0.60 0.07 0.42 -14.54 65.17 9.83 1.38 0.17 0.96 1.95 2.20 2.24 2.08
0.64 0.06 0.40 -18.70 87.63 14.45 1.53 0.15 0.90 2.00 2.18 2.27 2.10
0.83 0.05 0.31 -22.70 103.96 18.96 1.91 0.12 0.72 1.96 2.22 2.25 2.11
0.98 0.18 0.19 -28.17 96.03 21.15 2.17 0.20 0.48 2.00 2.16 2.28 2.11
0.95 0.22 0.21 -24.03 79.04 19.17 2.18 0.51 0.48 1.99 2.20 2.27 2.11
0.89 0.24 0.23 -16.73 70.80 9.72 2.04 0.55 0.52 1.96 2.23 2.28 2.09
0.87 0.17 0.22 -4.16 64.08 2.73 1.94 0.37 0.50 2.01 2.21 2.28 2.11
0.84 -0.01 0.23 -3.24 62.59 4.87 1.92 -0.03 0.53 1.96 2.19 2.24 2.10
0.80 0.07 0.22 -9.35 62.98 10.53 1.82 0.14 0.50 2.00 2.24 2.24 2.10
0.84 0.11 0.17 -6.95 66.56 18.49 1.96 0.26 0.36 1.98 2.14 2.22 2.06
0.94 0.14 0.09 -6.80 64.12 21.94 2.17 0.33 0.21 1.94 2.20 2.27 2.09
0.98 0.15 0.08 -4.76 56.42 24.11 2.24 0.35 0.17 2.00 2.13 2.26 2.07
0.94 0.18 0.09 -3.87 50.83 21.99 2.16 0.41 0.20 2.03 2.14 2.32 2.04
0.93 0.20 0.07 -6.34 49.35 14.43 2.14 0.48 0.16 1.99 2.22 2.28 2.12
0.93 0.20 0.04 -5.03 48.43 9.62 2.15 0.46 0.10 1.98 2.19 2.21 2.11
0.92 0.14 0.04 -4.14 45.91 9.45 2.11 0.32 0.10 1.95 2.20 2.21 2.07
0.90 0.12 0.05 -7.35 45.33 9.96 2.05 0.30 0.12 1.98 2.15 2.22 2.04
0.95 0.13 0.02 -10.82 46.09 11.88 2.18 0.31 0.05 2.01 2.21 2.21 2.04
0.98 0.13 -0.01 -11.52 41.41 10.36 2.24 0.31 -0.02 1.96 2.16 2.25 2.10
0.96 0.11 -0.01 -13.08 33.19 6.10 2.19 0.28 -0.02 1.98 2.14 2.27 2.10
0.88 0.13 0.03 -14.37 29.40 4.19 2.03 0.31 0.07 1.95 2.14 2.20 2.06
0.91 0.13 0.01 -13.09 28.71 4.44 2.09 0.32 0.03 2.00 2.20 2.26 2.10
0.88 0.13 0.03 -11.86 26.63 4.89 2.02 0.30 0.07 2.00 2.14 2.25 2.05
0.91 0.13 0.01 -9.15 24.69 6.10 2.08 0.31 0.02 1.94 2.12 2.26 2.11
0.91 0.13 0.00 -11.02 21.82 7.59 2.10 0.29 0.02 2.03 2.13 2.30 2.04
0.87 0.17 0.03 -9.90 20.68 10.65 2.00 0.39 0.08 1.98 2.18 2.25 2.05
0.92 0.18 0.00 -6.41 19.42 12.74 2.14 0.44 -0.01 1.99 2.16 2.26 2.03
0.94 0.19 -0.01 -3.10 12.64 11.27 2.15 0.44 -0.01 1.93 2.22 2.23 2.07
0.93 0.20 0.01 -3.61 9.03 8.41 2.14 0.46 0.02 1.94 2.13 2.21 2.08
0.90 0.21 0.04 -5.38 10.72 7.60 2.07 0.49 0.10 1.93 2.20 2.19 2.07
0.92 0.23 0.03 -5.80 12.68 7.39 2.11 0.53 0.08 1.97 2.13 2.25 2.04
0.96 0.26 0.02 -6.89 14.81 6.97 2.20 0.60 0.03 2.00 2.20 2.19 2.10
0.99 0.24 -0.01 -4.37 11.38 6.95 2.27 0.54 -0.02 1.95 2.18 2.26 2.08
0.98 0.25 -0.00 -4.85 7.85 6.28 2.25 0.57 -0.01 1.99 2.19 2.20 2.07
1.01 0.31 0.00 -3.12 6.54 3.27 2.35 0.67 0.03 1.98 2.18 2.25 2.05
1.00 0.31 -0.00 0.39 -0.48 0.67 2.30 0.70 -0.00 1.95 2.18 2.21 2.07
1.00 0.27 0.00 -2.27 3.17 -0.97 2.29 0.63 0.01 1.92 2.17 2.19 2.06
0.93 0.24 0.05 -8.13 4.70 -7.76 2.19 0.49 0.12 1.96 2.20 2.19 2.06
0.86 0.16 0.09 -14.30 12.11 -9.84 1.98 0.38 0.20 1.93 2.20 2.26 2.03
0.93 0.16 0.04 -21.25 25.42 -7.20 2.16 0.40 0.05 1.98 2.15 2.24 2.03
1.02 0.20 -0.00 -27.12 26.25 -5.28 2.34 0.46 -0.02 1.96 2.12 2.24 2.02
0.99 0.22 0.01 -30.61 21.22 -4.30 2.26 0.50 0.02 1.92 2.16 2.19 2.07
1.03 0.20 -0.03 -32.82 17.37 -4.09 2.35 0.48 -0.07 1.98 2.19 2.21 2.09
1.12 0.25 -0.26 -30.63 7.65 3.12 2.57 0.58 -0.59 1.97 2.20 2.26 2.09
0.98 0.27 -0.05 -23.29 -1.58 -0.62 2.26 0.62 -0.14 1.99 2.11 2.23 2.06
1.02 0.20 -0.06 -14.47 -8.42 -6.93 2.29 0.43 -0.07 1.89 2.17 2.22 2.09
0.98 0.08 -0.07 -17.08 -15.42 -12.98 2.24 0.17 -0.15 1.97 2.18 2.23 2.04
0.97 0.04 -0.10 -33.02 -17.24 -12.91 2.35 0.25 -0.21 1.96 2.19 2.24 2.06
0.94 0.14 -0.08 -44.53 -20.92 -7.32 2.15 0.33 -0.17 1.90 2.18 2.25 2.04
0.94 0.23 -0.15 -52.83 -12.73 -10.31 2.17 0.52 -0.38 1.90 2.12 2.18 2.01
1.04 0.25 -0.15 -48.68 -11.94 -5.43 2.36 0.62 -0.31 1.89 2.17 2.24 2.03
0.88 0.26 -0.05 -40.82 -20.41 -3.15 2.02 0.61 -0.11 1.89 2.11 2.24 2.07
0.89 0.25 -0.07 -32.58 -19.35 -2.41 2.05 0.49 -0.15 1.82 2.13 2.20 2.05
0.94 0.23 -0.10 -23.97 -21.38 0.57 2.17 0.53 -0.23 1.80 2.12 2.22 2.00
1.01 0.21 -0.24 -24.32 -42.43 1.69 2.28 0.46 -0.56 1.87 2.05 2.23 1.96
0.96 0.18 -0.31 -20.95 -63.23 0.20 2.31 0.37 -0.71 1.85 2.10 2.18 1.99
0.97 0.15 -0.31 -16.40 -90.62 1.95 2.23 0.34 -0.71 1.82 2.00 2.14 1.98
0.88 0.13 -0.31 -7.62 -124.36 1.07 2.00 0.29 -0.69 1.84 2.04 2.08 1.95
0.76 0.08 -0.20 5.10 -172.02 14.07 1.75 0.18 -0.46 1.82 1.99 2.07 1.92
0.45 -0.16 -0.17 13.09 -216.27 23.92 1.16 -0.40 -0.24 1.76 1.91 2.05 1.87
0.48 0.17 -0.15 59.19 -286.72 38.11 1.27 0.37 -0.35 1.80 1.92 1.98 1.80
0.39 0.02 -0.13 37.10 -286.72 53.71 0.90 0.04 -0.31 1.79 1.85 1.93 1.76
0.29 -0.04 -0.29 20.45 -286.72 65.35 0.57 -0.01 -0.64 1.78 1.83 1.85 1.76
0.18 -0.09 -0.32 27.07 -286.72 76.88 0.41 -0.22 -0.73 1.76 1.79 1.84 1.71
0.10 -0.13 -0.41 38.70 -286.72 94.49 0.24 -0.29 -0.97 1.73 1.79 1.80 1.68
0.00 -0.06 -0.31 52.76 -286.72 104.88 0.01 -0.13 -0.71 1.73 1.74 1.71 1.68
-0.11 -0.34 -0.53 67.01 -286.72 98.46 -0.16 -0.57 -1.20 1.73 1.74 1.69 1.63
-0.13 -0.34 -0.75 45.16 -286.72 104.19 -0.63 -0.91 -1.85 1.71 1.67 1.68 1.60
-0.12 -0.24 -0.98 90.57 -286.72 143.12 -0.28 -0.55 -2.24 1.74 1.62 1.67 1.55
-0.20 -0.33 -1.11 105.19 -286.72 108.81 -0.54 -0.83 -2.68 1.67 1.60 1.62 1.56
-0.37 0.04 -0.73 132.46 -286.72 48.06 -0.84 0.10 -1.67 1.68 1.59 1.57 1.55
-0.43 0.32 -0.15 72.97 -286.72 41.53 -0.90 0.70 -0.30 1.62 1.54 1.54 1.51
-0.59 0.42 0.33 3.43 -286.72 -20.42 -1.36 0.96 0.75 1.59 1.57 1.50 1.50
-0.82 0.78 1.30 -76.00 -286.72 -32.45 -2.20 1.62 3.30 1.63 1.54 1.51 1.52
-1.01 0.33 1.45 -286.31 -196.91 -38.89 -2.41 0.81 3.18 1.60 1.49 1.50 1.50
-0.73 0.77 2.00 -286.72 -88.97 30.76 -1.67 1.77 4.59 1.57 1.51 1.52 1.48
-0.50 1.32 2.00 -286.72 -131.15 -37.45 -1.04 2.91 4.59 1.56 1.52 1.52 1.51
-0.33 1.16 2.00 3.24 -132.92 -70.25 -0.75 2.66 4.59 1.58 1.52 1.50 1.53
-0.23 1.12 2.00 102.71 -170.50 -42.60 -0.63 2.32 4.59 1.58 1.55 1.45 1.55
-0.38 0.88 2.00 -4.34 -54.16 17.18 -0.86 2.03 4.59 1.58 1.50 1.50 1.54
-0.47 1.11 2.00 32.45 2.59 1.75 -0.96 2.25 4.59 1.60 1.49 1.51 1.52
0.66 1.02 2.00 158.19 35.45 -25.08 1.57 2.36 4.59 1.61 1.48 1.53 1.50
0.27 0.67 1.86 257.09 20.18 -34.49 0.62 1.54 4.26 1.55 1.55 1.46 1.56
0.53 0.66 1.92 283.31 -3.97 -51.75 1.24 1.01 3.98 1.62 1.53 1.47 1.52
0.19 -0.01 1.33 281.79 -54.02 -31.32 0.43 -0.03 3.06 1.62 1.50 1.50 1.54
0.27 0.40 0.97 186.68 -65.79 17.46 0.59 0.94 2.17 1.61 1.54 1.53 1.54
0.16 0.30 0.86 81.52 -6.77 19.57 0.36 0.71 1.96 1.62 1.54 1.48 1.49
0.24 0.29 0.98 44.07 2.93 4.39 0.56 0.67 2.25 1.58 1.53 1.51 1.50
0.17 0.13 1.04 43.72 2.63 6.69 0.41 0.29 2.36 1.61 1.48 1.50 1.54
0.05 0.01 1.00 17.44 5.17 -6.31 0.13 0.03 2.30 1.61 1.50 1.48 1.54
0.03 0.06 0.98 -24.08 16.52 -5.09 0.09 0.17 2.26 1.64 1.50 1.50 1.54
0.03 0.14 1.01 -65.98 33.80 -17.70 0.07 0.32 2.31 1.56 1.53 1.53 1.49
0.05 0.17 1.01 -74.91 38.34 -21.91 0.12 0.39 2.32 1.63 1.54 1.51 1.49
0.05 0.13 0.95 -66.43 39.78 -6.50 0.15 0.30 2.21 1.61 1.51 1.49 1.51
0.14 0.23 0.98 -30.88 18.16 5.13 0.31 0.54 2.24 1.62 1.50 1.50 1.50
0.12 0.24 0.94 12.24 -7.80 3.41 0.29 0.56 2.14 1.59 1.52 1.52 1.50
0.11 0.22 0.93 36.51 -23.19 -3.40 0.24 0.51 2.17 1.61 1.53 1.53 1.53
0.08 0.20 0.97 43.37 -30.94 -5.57 0.19 0.46 2.22 1.63 1.49 1.54 1.52
0.04 0.16 1.09 27.19 -16.24 -6.47 0.12 0.37 2.55 1.63 1.49 1.56 1.50
0.04 0.12 1.08 2.53 4.46 -5.70 0.10 0.27 2.48 1.64 1.49 1.54 1.49
0.09 0.18 1.04 -11.60 12.00 -6.03 0.23 0.41 2.36 1.62 1.54 1.53 1.51
0.11 0.19 1.00 -6.48 7.83 -12.80 0.24 0.43 2.29 1.56 1.57 1.49 1.56
0.11 0.16 0.98 -2.36 5.36 -12.70 0.24 0.36 2.24 1.58 1.55 1.49 1.56
0.10 0.15 0.95 1.90 1.23 -7.52 0.22 0.35 2.18 1.60 1.55 1.49 1.57
0.10 0.15 0.94 5.64 -6.02 -4.08 0.23 0.35 2.16 1.64 1.49 1.55 1.50
0.09 0.11 0.97 5.92 -10.18 -5.99 0.20 0.25 2.23 1.59 1.52 1.53 1.51
0.08 0.08 1.02 5.54 -9.24 -8.62 0.19 0.16 2.34 1.63 1.53 1.52 1.51
0.08 0.09 1.02 2.19 -1.12 -7.53 0.19 0.20 2.34 1.61 1.54 1.52 1.49
0.10 0.16 0.99 0.64 4.02 -7.38 0.23 0.38 2.28 1.56 1.56 1.51 1.53
0.09 0.21 0.96 -6.29 4.99 -8.27 0.21 0.49 2.21 1.61 1.54 1.53 1.55
0.09 0.19 0.97 -4.46 -0.67 -5.91 0.21 0.44 2.22 1.56 1.53 1.55 1.51
0.07 0.18 1.01 -1.07 -6.35 -5.07 0.16 0.38 2.33 1.63 1.50 1.50 1.55
0.07 0.08 1.07 6.28 -6.38 -6.66 0.15 0.20 2.47 1.65 1.55 1.54 1.54
0.06 0.07 1.04 4.15 -4.30 -4.97 0.15 0.16 2.39 1.62 1.53 1.51 1.52
0.09 0.09 1.00 0.36 -3.64 -2.28 0.22 0.22 2.28 1.64 1.52 1.52 1.54
0.11 0.12 0.99 1.04 -4.07 -4.11 0.26 0.28 2.27 1.56 1.56 1.51 1.54
0.10 0.12 0.98 5.06 -5.45 -2.95 0.23 0.27 2.26 1.59 1.54 1.55 1.50
0.09 0.12 1.00 -0.18 -6.24 0.43 0.20 0.29 2.28 1.61 1.56 1.50 1.58
0.09 0.16 0.99 -6.49 -7.72 2.40 0.22 0.37 2.28 1.66 1.52 1.51 1.54
0.10 0.15 1.02 -8.76 -7.03 0.94 0.23 0.34 2.34 1.58 1.52 1.54 1.55
0.09 0.15 1.03 -7.42 -3.75 -0.81 0.21 0.33 2.34 1.66 1.50 1.56 1.50
0.08 0.12 1.00 -2.77 1.03 -3.75 0.19 0.27 2.31 1.65 1.49 1.53 1.53
0.08 0.12 1.00 -2.29 5.24 -3.52 0.17 0.27 2.30 1.62 1.51 1.53 1.51
0.05 0.12 0.99 -0.62 8.74 -0.95 0.14 0.27 2.27 1.62 1.55 1.51 1.56
0.08 0.11 1.01 -0.46 10.60 2.98 0.17 0.26 2.31 1.65 1.50 1.53 1.55
0.09 0.14 1.01 -2.36 9.70 5.16 0.20 0.33 2.32 1.63 1.54 1.55 1.56
0.10 0.17 1.03 -5.47 7.67 5.05 0.24 0.38 2.36 1.59 1.58 1.51 1.52
0.11 0.17 1.07 -7.89 7.36 2.81 0.25 0.39 2.45 1.66 1.52 1.54 1.53
0.12 0.17 1.14 -10.57 13.50 1.01 0.30 0.39 2.62 1.62 1.49 1.54 1.56
0.13 0.17 1.19 -16.62 26.02 0.19 0.30 0.40 2.73 1.58 1.54 1.53 1.54
0.15 0.16 1.22 -25.94 40.77 0.33 0.35 0.38 2.80 1.66 1.52 1.52 1.58
0.15 0.22 1.23 -39.14 54.35 -0.72 0.35 0.52 2.82 1.65 1.50 1.57 1.51
0.17 0.29 1.22 -50.18 65.58 -2.20 0.40 0.66 2.81 1.63 1.56 1.56 1.55
0.22 0.31 1.24 -61.99 67.58 -5.19 0.49 0.69 2.83 1.63 1.54 1.55 1.55
0.21 0.31 1.24 -75.99 65.99 -7.96 0.49 0.70 2.84 1.63 1.58 1.56 1.52
0.24 0.26 1.31 -84.25 62.40 -10.85 0.58 0.57 3.04 1.61 1.55 1.54 1.54
0.24 0.28 1.38 -99.46 51.07 -10.90 0.56 0.64 3.16 1.61 1.53 1.57 1.56
0.21 0.37 1.39 -112.67 39.58 -12.68 0.48 0.85 3.20 1.63 1.56 1.60 1.56
0.20 0.42 1.45 -105.87 48.34 -22.95 0.49 0.96 3.29 1.63 1.55 1.57 1.53
0.16 0.51 1.37 -62.62 61.45 -52.04 0.36 1.17 3.15 1.62 1.58 1.63 1.51
0.13 0.40 1.19 -46.61 68.18 -63.80 0.24 0.94 2.85 1.65 1.57 1.64 1.52
0.10 0.47 1.07 -23.14 79.63 -64.07 0.23 1.09 2.47 1.63 1.57 1.72 1.56
0.20 0.22 0.97 21.29 111.27 -76.21 0.47 0.46 2.20 1.64 1.58 1.74 1.56
0.26 0.20 1.11 22.72 117.60 -54.46 0.63 0.44 2.54 1.67 1.58 1.81 1.53
0.21 0.22 1.20 5.25 143.53 -51.91 0.48 0.51 2.76 1.61 1.59 1.80 1.56
0.25 0.31 1.16 -5.50 163.33 -51.90 0.60 0.74 2.68 1.66 1.67 1.84 1.57
0.29 0.43 1.07 -7.14 208.02 -62.75 0.68 0.99 2.45 1.68 1.75 1.89 1.62
0.28 0.46 1.00 -6.77 236.36 -76.07 0.63 0.98 2.29 1.63 1.82 1.92 1.68
0.30 0.31 0.72 21.97 228.52 -93.16 0.72 0.61 1.64 1.69 1.87 2.03 1.72
0.43 0.09 0.73 17.19 205.09 -78.52 0.98 0.22 1.69 1.66 1.92 2.05 1.72
0.62 0.03 0.77 10.93 193.88 -48.18 1.45 0.18 1.85 1.72 1.94 2.11 1.75
0.59 0.19 0.79 4.20 178.88 -31.95 1.35 0.43 1.82 1.67 1.97 2.08 1.82
0.48 0.32 0.80 22.27 178.00 -35.92 1.07 0.68 1.87 1.71 2.06 2.14 1.83
0.46 0.37 0.84 48.78 186.24 -46.73 1.03 0.85 1.92 1.72 2.05 2.21 1.86
0.44 0.27 0.79 58.41 200.11 -52.31 1.01 0.62 1.82 1.66 2.15 2.14 1.89
0.47 0.14 0.72 64.51 209.62 -46.32 1.14 0.28 1.62 1.72 2.16 2.23 1.99
0.56 -0.03 0.66 58.01 205.13 -25.56 1.29 -0.08 1.52 1.67 2.16 2.24 1.96
0.61 -0.04 0.52 48.00 192.33 -4.19 1.39 0.00 1.21 1.68 2.14 2.23 2.05
0.66 0.09 0.52 43.34 179.77 3.93 1.51 0.21 1.19 1.76 2.23 2.27 2.01
0.63 0.23 0.51 43.65 176.84 1.58 1.44 0.52 1.18 1.73 2.18 2.26 2.04
0.72 0.22 0.50 54.58 175.49 -1.67 1.58 0.57 1.24 1.80 2.16 2.27 2.09
0.61 0.26 0.67 80.80 176.85 3.84 1.41 0.61 1.54 1.76 2.18 2.29 2.11
0.52 0.07 0.51 88.19 173.28 12.39 1.29 0.07 1.05 1.83 2.17 2.27 2.09
0.78 -0.05 0.31 68.05 150.13 26.77 1.79 -0.11 0.72 1.84 2.20 2.23 2.07
0.84 -0.07 0.25 53.40 137.51 44.87 1.93 -0.15 0.59 1.80 2.22 2.25 2.16
0.83 -0.00 0.24 34.60 118.44 47.59 1.95 0.08 0.42 1.82 2.18 2.28 2.10
0.83 0.16 0.11 27.66 101.99 46.58 1.90 0.36 0.24 1.85 2.21 2.23 2.11
0.88 0.22 0.20 24.76 102.84 42.20 2.09 0.53 0.44 1.86 2.18 2.29 2.07
0.71 0.24 0.28 44.42 107.15 42.82 1.63 0.54 0.65 1.87 2.26 2.31 2.14
0.79 0.17 0.21 64.13 108.90 46.54 1.83 0.35 0.46 1.88 2.27 2.20 2.14
0.78 0.10 0.17 67.15 105.78 48.30 1.72 0.22 0.40 1.86 2.23 2.24 2.16
0.84 0.07 0.10 46.87 99.62 49.50 1.92 0.15 0.24 1.94 2.23 2.27 2.14
0.87 0.14 0.07 21.97 93.85 48.22 2.26 0.43 0.15 1.88 2.26 2.22 2.12
0.92 0.34 0.03 10.95 84.25 39.10 2.10 0.79 0.08 1.92 2.20 2.21 2.16
1.07 0.35 0.09 8.82 76.42 28.85 2.42 0.82 0.14 1.99 2.17 2.21 2.14
0.98 0.27 0.08 15.85 59.05 19.58 2.23 0.62 0.19 1.93 2.17 2.23 2.08
0.80 0.15 0.11 12.97 54.48 14.01 1.84 0.34 0.26 2.04 2.18 2.24 2.08
0.82 0.17 0.17 5.69 53.83 11.23 1.64 0.30 0.40 2.02 2.17 2.22 2.16
0.80 0.11 0.22 6.98 61.33 17.99 1.83 0.24 0.51 2.00 2.14 2.24 2.08
0.87 0.20 0.17 2.93 68.03 20.49 1.94 0.41 0.37 2.02 2.23 2.27 2.13
0.97 0.17 0.09 5.64 62.79 23.03 2.25 0.37 0.20 2.07 2.15 2.26 2.10
1.03 0.25 0.04 -0.18 50.45 16.18 2.37 0.56 0.09 2.04 2.21 2.26 2.10
0.97 0.23 0.09 -1.44 42.27 11.31 2.15 0.53 0.21 2.07 2.19 2.23 2.14
0.83 0.27 0.18 -5.09 43.01 11.44 1.92 0.61 0.41 2.09 2.16 2.24 2.11
0.80 0.24 0.18 -2.55 56.36 16.28 1.82 0.50 0.39 2.08 2.16 2.25 2.08
0.90 0.22 0.11 -2.48 66.34 22.18 2.06 0.47 0.24 1.99 2.23 2.22 2.07
0.95 0.20 0.06 -3.83 65.24 24.88 2.18 0.46 0.13 2.09 2.16 2.26 2.11
0.95 0.27 0.02 -0.90 52.47 25.17 2.17 0.64 0.04 2.06 2.21 2.23 2.06
0.90 0.28 0.03 -3.98 57.52 25.08 2.07 0.65 0.07 2.06 2.22 2.26 2.11
0.89 0.27 0.02 -9.04 58.63 15.27 2.03 0.61 0.11 2.02 2.24 2.19 2.15
0.90 0.29 0.01 -10.19 60.59 8.23 2.07 0.69 -0.00 2.01 2.22 2.20 2.15
0.94 0.25 -0.05 -10.24 57.78 2.26 2.15 0.57 -0.12 2.05 2.16 2.25 2.06
0.93 0.27 -0.08 -11.94 50.95 0.91 2.10 0.57 -0.22 2.01 2.19 2.17 2.10
0.94 0.24 -0.12 -13.88 41.21 2.72 2.16 0.56 -0.28 2.01 2.17 2.20 2.04
0.93 0.23 -0.14 -15.31 31.43 3.77 2.14 0.52 -0.33 2.05 2.20 2.23 2.05
0.84 0.26 -0.09 -17.87 23.20 5.14 1.91 0.61 -0.18 2.09 2.19 2.18 2.04
0.81 0.30 -0.07 -13.86 27.66 7.46 1.86 0.69 -0.15 2.05 2.19 2.24 2.11
0.86 0.26 -0.10 -9.22 31.34 7.48 1.98 0.59 -0.25 2.00 2.23 2.18 2.15
0.89 0.23 -0.14 -8.97 27.89 5.13 2.04 0.52 -0.31 2.04 2.20 2.21 2.10
0.89 0.24 -0.15 -9.80 22.00 4.19 2.04 0.55 -0.34 2.05 2.19 2.24 2.05
0.90 0.24 -0.16 -8.23 14.30 3.52 2.07 0.56 -0.38 2.03 2.21 2.18 2.12
0.94 0.25 -0.17 -8.77 7.21 1.95 2.16 0.58 -0.40 2.03 2.13 2.23 2.05
0.90 0.25 -0.14 -11.44 -0.57 0.90 2.05 0.57 -0.31 2.05 2.14 2.26 2.03
0.80 0.30 -0.06 -10.73 -0.35 2.54 1.84 0.69 -0.13 1.98 2.23 2.18 2.08
0.81 0.32 -0.04 -4.38 10.39 4.58 1.86 0.73 -0.10 2.05 2.21 2.20 2.05
0.90 0.29 -0.10 -0.56 14.42 3.40 2.07 0.65 -0.23 2.04 2.20 2.20 2.04
0.95 0.26 -0.12 -2.21 13.16 3.88 2.18 0.59 -0.28 1.99 2.16 2.27 2.03
0.97 0.27 -0.14 -6.54 7.95 5.04 2.23 0.62 -0.31 1.98 2.17 2.27 2.04
0.98 0.30 -0.14 -9.01 2.92 5.08 2.23 0.69 -0.31 1.98 2.13 2.18 2.04
0.91 0.29 -0.10 -9.49 0.52 2.82 2.10 0.67 -0.22 2.05 2.19 2.26 2.11
0.84 0.30 -0.05 -9.49 3.90 3.90 1.93 0.69 -0.11 2.08 2.11 2.28 2.02
0.87 0.31 -0.04 -9.49 15.23 5.43 1.97 0.70 -0.08 2.04 2.19 2.24 2.09
0.95 0.26 -0.07 -9.93 20.85 5.98 2.18 0.59 -0.17 2.00 2.23 2.18 2.14
1.06 0.25 -0.13 -14.30 18.05 6.14 2.45 0.57 -0.30 1.97 2.23 2.17 2.13
1.08 0.26 -0.16 -16.33 5.12 5.80 2.49 0.59 -0.37 2.03 2.14 2.18 2.12
1.09 0.28 -0.16 -17.93 -5.62 2.50 2.49 0.64 -0.38 2.05 2.12 2.21 2.10
0.95 0.33 -0.09 -22.87 -15.62 -3.72 2.15 0.78 -0.18 2.00 2.21 2.17 2.11
0.87 0.39 -0.03 -22.71 -6.49 -9.37 2.01 0.90 -0.06 2.06 2.15 2.17 2.11
0.82 0.38 -0.00 -15.51 6.17 -12.09 1.89 0.85 -0.01 2.00 2.18 2.25 2.10
0.92 0.26 -0.07 -9.19 19.52 -7.24 2.11 0.60 -0.16 1.98 2.16 2.29 2.04
1.05 0.23 -0.16 -13.47 19.56 -2.20 2.42 0.53 -0.37 2.06 2.14 2.21 2.07
1.08 0.27 -0.18 -16.43 -0.43 1.71 2.43 0.59 -0.42 2.01 2.13 2.22 2.07
1.02 0.31 -0.20 -17.92 -11.02 -0.16 2.34 0.71 -0.45 1.98 2.17 2.20 2.05
1.03 0.33 -0.19 -13.98 -20.21 -4.65 2.35 0.76 -0.43 1.97 2.16 2.27 2.02
1.04 0.30 -0.25 -13.31 -32.11 -18.47 2.38 0.70 -0.57 1.94 2.18 2.26 2.10
1.01 0.26 -0.31 -17.64 -45.52 -31.11 2.32 0.59 -0.72 2.02 2.18 2.22 2.08
0.87 0.26 -0.21 -19.94 -61.60 -33.18 1.99 0.60 -0.47 1.99 2.18 2.23 2.08
0.86 0.29 -0.20 -21.40 -52.39 -32.72 1.97 0.66 -0.47 2.01 2.13 2.25 2.04
0.86 0.29 -0.21 -18.87 -47.78 -29.78 1.97 0.69 -0.50 1.95 2.17 2.23 2.03
0.88 0.29 -0.26 -17.21 -44.39 -27.27 2.02 0.67 -0.61 1.92 2.11 2.27 2.02
0.93 0.33 -0.33 -15.73 -45.28 -28.26 2.14 0.76 -0.80 1.88 2.17 2.18 2.05
0.97 0.38 -0.40 -10.06 -66.43 -27.86 2.19 0.81 -0.95 1.93 2.16 2.21 2.05
0.77 0.51 -0.40 9.86 -91.59 -41.36 1.78 1.16 -0.91 1.92 2.09 2.13 2.03
0.63 0.41 -0.41 32.71 -117.07 -64.43 1.42 0.87 -0.92 1.92 2.03 2.19 1.94
0.52 0.18 -0.41 46.67 -155.24 -73.96 1.20 0.42 -0.95 1.89 2.01 2.14 1.95
0.46 0.12 -0.41 63.94 -186.60 -71.50 1.13 0.27 -0.96 1.86 2.01 2.12 1.89
0.47 0.03 -0.45 69.26 -233.84 -60.23 1.03 0.04 -1.07 1.87 2.00 2.08 1.89
0.34 -0.32 -0.46 56.15 -273.02 -46.38 0.78 -0.74 -1.06 1.86 1.97 1.98 1.86
0.30 -0.23 -0.41 28.59 -286.72 -25.23 0.71 -0.54 -0.92 1.87 1.87 1.99 1.85
0.11 -0.35 -0.30 7.17 -286.72 -13.67 0.26 -0.80 -0.70 1.78 1.86 1.93 1.73
-0.10 -0.24 -0.45 11.27 -286.72 -12.99 -0.21 -0.56 -1.01 1.79 1.80 1.89 1.76
-0.22 -0.26 -0.60 13.09 -286.72 23.91 -0.60 -0.57 -1.37 1.81 1.80 1.79 1.69
-0.22 -0.44 -0.88 35.24 -286.72 40.91 -0.50 -1.00 -2.02 1.79 1.79 1.78 1.61
-0.21 -0.47 -1.05 51.81 -286.72 76.92 -0.44 -0.82 -2.44 1.79 1.72 1.68 1.58
-0.53 -0.44 -1.27 93.27 -286.72 87.46 -1.21 -1.00 -2.92 1.78 1.66 1.66 1.55
-0.89 -0.32 -1.34 135.81 -286.72 99.81 -2.28 -0.69 -2.71 1.76 1.67 1.63 1.54
-1.26 -0.22 -1.04 165.45 -286.72 51.04 -2.89 -0.50 -2.39 1.73 1.61 1.59 1.53
-1.71 0.36 0.53 186.21 -286.72 0.95 -4.05 0.71 2.24 1.63 1.52 1.56 1.53
-1.23 0.08 1.51 -216.95 -286.72 -5.14 -2.60 0.84 3.41 1.61 1.53 1.53 1.51
-0.98 1.24 2.00 -286.72 -286.72 -69.92 -2.25 2.84 4.59 1.61 1.54 1.52 1.55
-1.00 0.76 2.00 -286.72 -35.64 -99.56 -2.18 1.97 4.59 1.63 1.55 1.51 1.54
-0.47 1.54 2.00 -286.72 -76.10 -174.33 -1.08 3.53 4.59 1.62 1.48 1.50 1.52
-0.56 1.58 2.00 -276.28 -108.48 -226.21 -1.29 4.06 4.59 1.58 1.53 1.50 1.53
-0.62 1.33 2.00 -153.46 -15.05 -46.14 -1.42 3.04 4.59 1.60 1.49 1.51 1.54
0.31 1.32 2.00 -16.58 -41.55 45.53 0.71 3.02 4.59 1.58 1.54 1.52 1.53
0.06 1.34 2.00 114.21 48.47 89.65 0.63 3.03 4.59 1.57 1.52 1.48 1.53
1.17 0.97 2.00 286.68 -72.36 -48.91 2.69 2.24 4.59 1.62 1.52 1.48 1.54
0.28 0.77 1.89 286.68 -53.66 -46.13 0.90 1.39 4.36 1.63 1.52 1.47 1.51
0.39 -0.01 1.41 286.68 -86.27 -50.88 0.90 -0.01 3.24 1.62 1.52 1.48 1.53
0.01 0.30 1.19 286.68 -154.99 5.88 0.14 0.94 2.92 1.60 1.52 1.50 1.52
0.30 -0.05 0.66 214.45 -46.28 2.55 0.73 -0.20 1.50 1.60 1.49 1.50 1.54
0.11 -0.16 1.00 98.60 -17.15 15.75 0.26 -0.37 2.30 1.63 1.53 1.48 1.51
0.23 -0.08 1.01 53.37 0.59 42.75 0.51 -0.24 2.25 1.61 1.49 1.51 1.54
0.24 -0.01 0.95 1.92 -0.39 17.81 0.54 -0.02 2.19 1.62 1.50 1.49 1.51
0.13 0.14 0.90 -60.89 30.25 0.25 0.31 0.32 2.06 1.58 1.50 1.51 1.55
0.11 0.22 0.97 -115.27 50.67 -6.29 0.21 0.56 2.26 1.64 1.52 1.51 1.55
0.04 0.20 0.96 -138.34 68.69 -11.86 0.10 0.46 2.19 1.62 1.56 1.50 1.50
0.06 0.13 0.96 -147.66 71.51 -12.20 0.14 0.30 2.20 1.59 1.54 1.49 1.57
0.05 0.16 0.98 -135.99 64.43 -3.59 0.12 0.36 2.24 1.64 1.53 1.53 1.55
0.14 0.22 0.98 -97.35 37.30 -5.54 0.32 0.51 2.24 1.65 1.55 1.53 1.53
0.13 0.32 0.92 -49.32 14.82 -7.85 0.30 0.74 2.10 1.64 1.54 1.53 1.55
0.17 0.35 0.89 4.16 1.06 -5.91 0.39 0.80 2.04 1.64 1.54 1.52 1.51
0.14 0.29 0.91 41.51 -11.33 -7.45 0.29 0.65 2.09 1.60 1.52 1.50 1.53
0.06 0.19 0.94 68.37 -22.85 -7.63 0.13 0.42 2.18 1.63 1.50 1.50 1.55
0.02 0.05 1.00 82.54 -29.65 -4.05 0.04 0.11 2.29 1.64 1.55 1.49 1.54
0.02 0.06 0.98 70.27 -27.13 -4.29 0.04 0.07 2.25 1.61 1.54 1.54 1.52
0.03 0.05 0.98 46.80 -22.71 -5.69 0.08 0.12 2.26 1.63 1.55 1.54 1.54
0.06 0.09 0.99 22.12 -13.24 -5.54 0.15 0.22 2.28 1.64 1.54 1.53 1.55
0.07 0.09 0.97 0.29 2.56 -2.58 0.16 0.20 2.22 1.60 1.54 1.53 1.51
0.10 0.08 0.96 -26.77 14.60 -0.04 0.22 0.18 2.19 1.63 1.54 1.51 1.53
0.09 0.07 0.94 -36.77 19.92 -0.24 0.20 0.15 2.16 1.66 1.50 1.51 1.54
0.11 0.08 0.97 -29.56 15.07 -1.02 0.27 0.19 2.22 1.61 1.51 1.53 1.54
0.16 0.21 0.99 -19.38 10.75 -0.30 0.36 0.47 2.28 1.62 1.55 1.49 1.56
0.17 0.26 1.03 -7.00 6.98 -2.94 0.39 0.61 2.38 1.61 1.51 1.50 1.52
0.15 0.26 1.07 5.99 5.82 -6.02 0.34 0.61 2.45 1.66 1.49 1.51 1.56
0.13 0.22 1.04 12.91 5.02 -6.44 0.26 0.49 2.37 1.60 1.56 1.50 1.53
0.09 0.16 1.02 14.49 0.68 -6.55 0.20 0.36 2.32 1.62 1.51 1.53 1.54
0.09 0.11 0.99 15.68 -3.63 -6.18 0.21 0.25 2.28 1.59 1.53 1.55 1.56
0.09 0.09 0.97 12.64 -8.12 -5.76 0.22 0.22 2.23 1.63 1.54 1.50 1.55
0.12 0.13 0.99 3.88 -7.53 -3.02 0.28 0.31 2.27 1.60 1.57 1.49 1.56
0.13 0.17 1.02 -0.55 -0.96 -2.19 0.30 0.40 2.35 1.59 1.54 1.53 1.52
0.13 0.16 1.02 -0.33 6.03 -2.63 0.32 0.35 2.33 1.64 1.55 1.50 1.52
0.12 0.14 0.98 2.11 9.20 -2.56 0.27 0.31 2.25 1.63 1.54 1.50 1.55
0.10 0.11 0.92 7.48 5.80 -2.35 0.24 0.24 2.08 1.63 1.57 1.53 1.52
0.10 0.08 0.92 7.04 -2.72 -1.77 0.23 0.18 2.13 1.67 1.53 1.49 1.53
0.11 0.11 0.97 0.47 -7.39 -0.91 0.26 0.26 2.23 1.59 1.59 1.50 1.58
0.12 0.13 1.00 -4.44 -3.18 -0.57 0.27 0.32 2.30 1.59 1.54 1.55 1.57
0.11 0.15 1.01 -5.12 5.45 0.70 0.25 0.34 2.31 1.68 1.52 1.57 1.51
0.13 0.16 1.00 -3.76 12.91 1.16 0.30 0.36 2.30 1.63 1.51 1.54 1.55
0.13 0.15 1.01 -2.80 18.34 0.29 0.30 0.35 2.32 1.60 1.55 1.56 1.52
0.12 0.11 1.02 -0.97 17.70 -0.46 0.28 0.26 2.34 1.63 1.52 1.54 1.54
0.14 0.10 1.05 -0.33 16.96 -1.19 0.31 0.24 2.42 1.61 1.53 1.55 1.56
0.14 0.13 1.06 -4.86 19.15 -1.90 0.32 0.31 2.46 1.68 1.52 1.54 1.57
0.17 0.16 1.10 -12.16 23.65 -1.08 0.39 0.36 2.52 1.60 1.52 1.57 1.53
0.19 0.18 1.12 -20.46 28.82 0.81 0.43 0.43 2.58 1.61 1.50 1.54 1.58
0.22 0.20 1.17 -28.95 38.80 0.58 0.52 0.46 2.69 1.66 1.52 1.58 1.52
0.24 0.23 1.20 -41.02 45.97 0.89 0.56 0.53 2.76 1.63 1.52 1.56 1.56
0.28 0.24 1.27 -49.35 54.13 -4.00 0.64 0.54 2.92 1.61 1.53 1.53 1.54
0.27 0.29 1.31 -58.48 57.56 -7.11 0.63 0.66 3.00 1.66 1.55 1.54 1.57
0.25 0.35 1.31 -61.99 58.65 -12.06 0.57 0.79 2.97 1.62 1.53 1.56 1.55
0.25 0.33 1.26 -61.86 56.39 -15.30 0.62 0.74 2.89 1.61 1.58 1.62 1.51
0.23 0.37 1.23 -62.74 50.62 -17.95 0.54 0.85 2.81 1.67 1.60 1.61 1.58
0.29 0.43 1.33 -47.34 54.35 -33.99 0.63 1.05 3.13 1.67 1.54 1.64 1.58
0.25 0.37 1.25 -21.07 64.30 -63.88 0.57 0.85 2.87 1.70 1.55 1.74 1.54
0.16 0.41 1.20 11.31 99.40 -84.93 0.36 0.88 2.79 1.67 1.61 1.74 1.55
0.13 0.34 1.23 37.13 148.21 -102.34 0.30 0.77 2.82 1.62 1.58 1.75 1.54
0.13 0.17 1.13 38.78 194.91 -111.75 0.30 0.29 2.51 1.71 1.60 1.87 1.55
0.26 0.03 1.00 17.77 224.61 -101.72 0.62 0.13 2.22 1.64 1.67 1.86 1.61
0.43 0.09 0.91 6.30 230.59 -85.72 0.98 0.21 2.10 1.62 1.78 1.91 1.65
0.42 0.04 0.91 -6.64 225.33 -84.41 0.99 0.08 2.09 1.63 1.83 1.97 1.68
0.55 0.13 1.05 -12.23 213.26 -66.91 1.27 0.30 2.41 1.70 1.89 2.01 1.71
0.48 0.17 0.99 -1.41 210.89 -57.64 1.12 0.40 2.24 1.66 1.90 2.05 1.73
0.52 0.15 0.96 15.22 198.69 -57.22 1.22 0.38 2.21 1.63 1.94 2.13 1.75
0.63 0.19 0.91 31.11 188.23 -54.04 1.43 0.44 2.09 1.69 1.94 2.10 1.85
0.63 0.20 0.77 49.10 166.97 -50.72 1.43 0.47 1.75 1.70 2.00 2.15 1.86
0.67 0.15 0.79 71.21 145.45 -44.07 1.55 0.34 1.81 1.72 2.00 2.12 1.89
0.58 0.05 0.74 90.65 124.50 -26.33 1.37 0.07 1.64 1.64 2.11 2.13 1.98
0.68 -0.15 0.68 87.47 116.73 -5.60 1.55 -0.33 1.57 1.72 2.11 2.24 1.94
0.73 -0.16 0.67 63.17 112.89 17.56 1.69 -0.38 1.55 1.71 2.10 2.20 1.96
0.67 -0.00 0.75 41.33 123.50 28.18 1.61 -0.03 1.68 1.67 2.15 2.19 1.99
0.64 0.22 0.77 42.70 144.64 26.01 1.46 0.51 1.77 1.66 2.14 2.30 2.03
0.54 0.28 0.68 59.44 160.92 16.66 1.31 0.46 1.48 1.66 2.20 2.25 2.02
0.66 0.16 0.75 71.72 176.29 12.07 1.52 0.38 1.72 1.72 2.15 2.27 2.02
0.71 -0.05 0.61 81.64 183.71 17.56 1.62 -0.12 1.39 1.74 2.22 2.27 2.04
0.82 -0.10 0.52 68.99 166.95 30.42 1.93 -0.21 1.25 1.74 2.24 2.30 2.11
0.76 0.01 0.55 64.99 149.14 39.13 1.74 0.02 1.27 1.69 2.19 2.31 2.14
0.86 0.07 0.45 63.88 125.81 37.04 2.03 0.21 1.02 1.78 2.16 2.23 2.06
0.74 0.12 0.49 56.21 106.72 35.92 1.70 0.27 1.12 1.71 2.23 2.34 2.08
0.72 0.16 0.48 59.14 99.32 40.23 1.69 0.38 1.13 1.72 2.19 2.30 2.15
0.77 0.10 0.50 56.62 94.10 48.03 1.73 0.19 1.20 1.72 2.21 2.31 2.13
0.74 0.06 0.45 61.82 78.72 53.89 1.70 0.14 1.04 1.80 2.16 2.30 2.12
0.76 0.04 0.35 55.75 66.07 51.77 1.76 0.10 0.84 1.79 2.21 2.27 2.15
0.78 -0.06 0.24 37.32 71.87 60.51 1.79 -0.15 0.55 1.82 2.19 2.35 2.07
0.88 -0.07 0.24 20.61 81.16 64.68 1.98 -0.18 0.58 1.86 2.18 2.22 2.10
0.79 0.04 0.26 -1.04 79.57 56.90 1.89 0.18 0.60 1.82 2.23 2.32 2.13
0.79 0.16 0.24 -10.33 82.89 45.32 1.81 0.37 0.56 1.86 2.24 2.23 2.17
0.91 0.16 0.22 -5.52 79.32 35.26 2.02 0.30 0.45 1.84 2.23 2.29 2.08
0.96 0.10 0.19 -8.42 75.85 30.19 2.21 0.24 0.43 1.88 2.16 2.27 2.13
0.78 0.09 0.18 -11.15 73.18 26.39 1.82 0.28 0.42 1.92 2.23 2.27 2.06
0.88 0.13 0.20 -10.84 69.06 22.53 1.98 0.32 0.46 1.95 2.18 2.23 2.14
0.85 0.17 0.17 -6.33 69.91 25.85 1.96 0.39 0.40 1.88 2.19 2.26 2.11
0.96 0.22 0.11 -7.21 71.30 18.03 2.20 0.38 0.32 1.98 2.16 2.26 2.11
0.97 0.15 0.11 -7.66 63.53 15.32 2.22 0.35 0.25 1.98 2.17 2.33 2.06
0.93 0.16 0.11 -12.34 57.77 13.59 2.10 0.30 0.28 1.91 2.26 2.21 2.11
0.91 0.19 0.12 -14.77 54.67 12.68 2.11 0.44 0.27 1.95 2.25 2.20 2.09
0.91 0.21 0.12 -14.17 52.01 14.38 2.09 0.48 0.28 1.92 2.24 2.23 2.12
0.93 0.19 0.09 -15.93 47.36 12.64 2.14 0.41 0.23 1.93 2.20 2.25 2.08
0.89 0.17 0.11 -12.89 41.25 13.46 2.05 0.40 0.26 1.94 2.19 2.27 2.09
0.81 0.18 0.13 -4.43 35.88 12.98 1.89 0.36 0.31 1.99 2.20 2.28 2.12
0.87 0.11 0.12 -6.47 49.08 18.71 1.99 0.25 0.27 1.95 2.20 2.23 2.10
0.87 0.15 0.08 -8.29 45.43 17.12 2.00 0.33 0.18 1.98 2.22 2.30 2.12
0.89 0.15 0.03 -13.23 45.26 13.30 2.11 0.34 0.08 2.01 2.13 2.31 2.05
0.96 0.18 0.02 -16.22 43.36 9.60 2.20 0.41 0.04 1.98 2.22 2.20 2.14
0.88 0.15 0.01 -17.25 37.48 8.51 2.01 0.35 0.02 1.97 2.23 2.29 2.11
0.89 0.10 -0.00 -16.68 31.69 10.20 2.03 0.23 -0.01 1.94 2.24 2.20 2.13
0.83 0.12 0.04 -20.86 28.74 14.38 1.91 0.27 0.10 2.00 2.19 2.28 2.05
0.84 0.20 0.04 -20.42 33.41 18.42 1.94 0.46 0.08 1.99 2.14 2.21 2.09
0.92 0.22 0.00 -18.54 35.73 19.67 2.10 0.51 0.01 1.99 2.20 2.28 2.12
0.95 0.24 -0.01 -18.13 30.79 17.11 2.17 0.56 -0.01 2.01 2.17 2.23 2.06
0.98 0.21 -0.04 -15.64 22.03 12.92 2.24 0.50 -0.10 1.98 2.13 2.18 2.06
0.94 0.19 -0.03 -17.34 13.24 9.69 2.16 0.44 -0.07 1.98 2.17 2.25 2.05
0.85 0.23 0.03 -18.73 8.98 10.03 1.93 0.53 0.09 2.01 2.21 2.21 2.07
0.79 0.25 0.08 -16.04 17.82 11.48 1.81 0.58 0.18 1.99 2.14 2.31 2.03
0.86 0.24 0.05 -13.15 26.92 12.99 2.00 0.55 0.10 1.96 2.24 2.20 2.05
0.95 0.24 -0.03 -11.37 26.27 12.90 2.20 0.54 -0.06 2.00 2.16 2.25 2.07
1.02 0.24 -0.07 -9.87 16.69 10.53 2.35 0.55 -0.15 1.98 2.13 2.29 2.05
0.97 0.22 -0.05 -9.31 5.60 6.03 2.24 0.50 -0.10 1.98 2.20 2.26 2.09
0.96 0.21 -0.03 -10.62 -1.06 2.19 2.21 0.49 -0.07 1.91 2.13 2.22 2.04
0.86 0.25 0.04 -10.38 -3.03 0.54 1.96 0.57 0.12 2.00 2.13 2.27 2.10
0.81 0.26 0.09 -7.03 7.86 -0.21 1.86 0.58 0.20 1.99 2.19 2.25 2.08
0.89 0.20 0.05 -4.09 19.24 2.62 2.05 0.46 0.12 1.97 2.18 2.26 2.10
1.00 0.15 -0.01 -5.22 18.28 7.18 2.31 0.37 -0.04 1.96 2.18 2.23 2.09
1.00 0.21 -0.04 -8.84 6.77 7.05 2.30 0.49 -0.08 1.92 2.23 2.20 2.13
1.00 0.27 -0.04 -11.61 1.98 4.85 2.29 0.63 -0.08 1.98 2.19 2.21 2.10
1.02 0.28 -0.03 -9.03 -4.30 1.12 2.33 0.66 -0.05 1.97 2.14 2.19 2.03
0.96 0.26 0.01 -7.78 -6.89 -2.97 2.19 0.60 0.02 1.93 2.12 2.26 2.12
0.95 0.23 0.02 -7.97 -3.48 -3.39 2.18 0.53 0.03 1.98 2.20 2.27 2.10
0.96 0.22 0.01 -10.36 1.08 -0.54 2.20 0.51 0.03 1.96 2.17 2.21 2.10
1.00 0.24 -0.02 -18.33 5.33 0.36 2.30 0.55 -0.05 1.99 2.13 2.24 2.08
1.06 0.26 -0.06 -24.47 4.28 0.53 2.44 0.60 -0.13 1.98 2.11 2.29 2.06
1.06 0.25 -0.07 -25.76 -7.55 -2.27 2.43 0.57 -0.16 1.92 2.21 2.18 2.11
1.09 0.21 -0.07 -28.68 -17.11 -6.45 2.49 0.47 -0.17 1.96 2.18 2.19 2.08
1.01 0.24 -0.00 -31.77 -24.54 -10.53 2.30 0.55 0.01 1.95 2.13 2.26 2.04
0.82 0.30 0.13 -28.54 -20.55 -10.01 1.88 0.68 0.30 1.94 2.19 2.20 2.09
0.84 0.28 0.14 -19.65 1.57 -7.32 1.97 0.63 0.32 1.91 2.18 2.27 2.03
0.93 0.20 0.10 -14.02 17.33 -1.15 2.14 0.46 0.22 1.95 2.11 2.18 2.05
0.97 0.16 0.07 -17.31 26.28 2.68 2.22 0.36 0.15 1.93 2.18 2.25 2.10
0.99 0.19 0.06 -23.49 36.36 6.41 2.28 0.46 0.12 1.91 2.15 2.23 2.04
0.99 0.29 0.01 -31.74 37.98 4.74 2.28 0.68 0.02 1.85 2.12 2.27 2.00
1.10 0.28 -0.07 -33.79 26.69 -0.82 2.46 0.65 -0.16 1.90 2.14 2.15 2.06
0.99 0.36 -0.08 -31.00 17.28 -10.62 2.28 0.82 -0.17 1.87 2.14 2.23 2.03
0.93 0.30 -0.13 -31.67 7.95 -15.96 2.14 0.68 -0.26 1.81 2.11 2.17 2.06
0.90 0.27 -0.14 -28.32 3.97 -14.02 1.99 0.66 -0.33 1.82 2.03 2.16 2.03
0.82 0.29 -0.13 -27.51 5.68 -9.14 1.88 0.67 -0.30 1.86 2.06 2.16 1.98
0.78 0.32 -0.13 -31.22 6.22 -8.88 1.72 0.75 -0.38 1.86 2.01 2.07 1.97
0.74 0.30 -0.23 -30.55 10.74 -10.04 1.71 0.69 -0.53 1.85 1.94 2.11 1.91
0.74 0.22 -0.27 -31.17 1.42 -12.90 1.69 0.51 -0.62 1.81 1.98 2.03 1.91
0.68 0.14 -0.38 -34.76 -23.26 -15.63 1.59 0.28 -0.88 1.85 1.91 2.03 1.86
0.60 0.07 -0.41 -42.84 -50.18 -13.30 1.37 0.16 -0.94 1.82 1.95 1.95 1.82
0.56 0.12 -0.52 -48.41 -88.26 -13.84 1.21 0.29 -1.19 1.83 1.89 1.92 1.82
0.39 0.16 -0.50 -35.83 -126.25 -16.42 0.90 0.37 -1.15 1.76 1.82 1.88 1.76
0.30 0.14 -0.62 -18.83 -156.99 -23.34 0.69 0.30 -1.48 1.78 1.87 1.92 1.76
0.15 -0.13 -0.78 22.57 -217.99 -19.33 0.37 -0.39 -1.81 1.80 1.84 1.88 1.79
0.12 -0.15 -1.07 69.22 -286.72 -1.31 0.28 -0.35 -2.46 1.75 1.80 1.84 1.72
-0.11 -0.36 -1.24 70.65 -286.72 37.10 -0.26 -0.97 -2.89 1.73 1.79 1.81 1.68
-0.18 -0.51 -1.41 68.47 -286.72 77.97 -0.42 -1.16 -3.23 1.78 1.71 1.76 1.63
-0.24 -0.63 -1.65 116.27 -286.72 128.04 -0.67 -1.51 -3.91 1.74 1.69 1.70 1.65
-0.24 -0.43 -1.62 169.80 -286.72 138.61 -0.56 -0.99 -3.71 1.74 1.68 1.62 1.62
-0.80 -0.44 -1.40 250.63 -286.72 113.60 -1.90 -0.99 -3.19 1.71 1.61 1.64 1.54
-1.21 -0.13 -0.88 279.61 -286.72 37.02 -2.93 -0.31 -2.02 1.70 1.59 1.61 1.57
-1.52 0.29 0.04 140.89 -286.72 -46.66 -3.49 0.66 0.09 1.65 1.54 1.57 1.53
-1.49 0.49 0.76 5.44 -286.72 -94.68 -3.41 0.94 1.67 1.63 1.51 1.53 1.56
-1.48 0.63 2.00 -167.18 -286.72 -159.62 -3.40 1.46 4.59 1.63 1.52 1.49 1.55
-1.88 0.10 2.00 -286.72 -286.40 -149.73 -3.75 0.69 4.59 1.58 1.53 1.53 1.55
-0.82 0.82 2.00 -286.72 -211.54 -124.36 -1.89 1.87 4.59 1.58 1.49 1.48 1.49
-0.68 1.00 2.00 -250.43 -186.85 -180.44 -1.80 2.24 4.59 1.57 1.49 1.48 1.54
-0.59 1.23 2.00 -127.10 -104.54 -130.53 -1.89 2.97 4.59 1.62 1.48 1.51 1.50
0.38 1.35 2.00 42.57 16.84 68.70 0.88 3.11 4.59 1.61 1.52 1.49 1.55
0.63 1.04 2.00 204.38 102.34 125.22 1.72 2.41 4.59 1.63 1.49 1.52 1.50
0.65 0.85 2.00 235.59 -42.31 -16.77 1.50 1.96 4.59 1.62 1.49 1.50 1.53
0.60 0.61 2.00 253.37 -49.62 40.27 1.56 1.45 4.50 1.59 1.53 1.51 1.53
0.85 0.48 1.59 286.68 -90.05 32.26 1.96 1.11 3.65 1.59 1.55 1.51 1.51
0.35 0.30 1.25 286.34 -95.64 70.29 0.81 0.32 2.62 1.58 1.54 1.53 1.53
0.37 0.10 1.12 118.87 14.50 64.94 0.93 0.16 2.60 1.57 1.56 1.48 1.53
0.33 -0.06 0.88 53.80 35.88 67.13 0.75 -0.14 2.01 1.57 1.57 1.47 1.54
0.30 0.08 1.02 43.30 -0.94 50.18 0.74 0.25 2.32 1.61 1.54 1.53 1.53
0.27 0.20 1.00 4.75 -22.01 0.98 0.63 0.46 2.29 1.63 1.54 1.52 1.51
0.13 0.02 1.07 -38.09 -5.57 -26.21 0.28 -0.06 2.46 1.61 1.54 1.54 1.55
0.04 -0.02 1.12 -56.49 21.94 -34.60 -0.01 -0.07 2.60 1.62 1.52 1.50 1.56
0.00 -0.12 1.09 -93.11 51.44 -48.12 0.00 -0.28 2.50 1.61 1.51 1.52 1.53
0.01 0.01 1.02 -114.16 66.56 -33.72 0.02 0.01 2.32 1.62 1.54 1.53 1.55
0.13 0.13 1.00 -111.14 64.56 -18.34 0.29 0.31 2.30 1.63 1.52 1.50 1.51
0.15 0.30 0.98 -76.89 39.33 -13.15 0.35 0.66 2.24 1.62 1.57 1.54 1.55
0.20 0.27 0.95 -15.31 8.65 0.48 0.44 0.63 2.18 1.63 1.53 1.50 1.52
0.17 0.24 0.94 27.71 -14.66 1.81 0.39 0.54 2.15 1.59 1.56 1.50 1.56
0.10 0.11 1.00 39.31 -24.45 -4.33 0.24 0.22 2.30 1.63 1.52 1.49 1.56
0.06 0.01 1.04 53.71 -27.36 -3.63 0.14 0.03 2.39 1.62 1.55 1.51 1.52
0.07 0.06 1.00 63.51 -30.36 6.62 0.17 0.14 2.30 1.58 1.56 1.49 1.56
0.06 0.03 0.96 33.71 -21.63 2.61 0.14 0.11 2.22 1.64 1.49 1.55 1.53
0.10 0.13 0.98 10.46 -9.99 3.21 0.23 0.30 2.24 1.60 1.53 1.51 1.52
0.12 0.12 0.97 -8.96 2.95 2.39 0.29 0.28 2.24 1.63 1.51 1.54 1.55
0.11 0.10 0.97 -24.98 13.84 -1.43 0.26 0.23 2.23 1.58 1.57 1.52 1.53
0.12 0.07 0.99 -33.21 18.99 -3.70 0.27 0.16 2.23 1.63 1.54 1.54 1.55
0.12 0.08 0.97 -33.20 13.90 -3.80 0.29 0.18 2.23 1.58 1.55 1.52 1.53
0.13 0.11 0.97 -20.44 4.49 -2.51 0.30 0.24 2.23 1.64 1.53 1.49 1.52
0.15 0.15 0.99 -7.44 -2.83 0.36 0.36 0.36 2.29 1.60 1.52 1.52 1.52
0.15 0.17 1.02 2.13 -6.21 0.10 0.36 0.40 2.34 1.66 1.49 1.57 1.52
0.16 0.17 1.05 8.58 -5.57 -0.73 0.37 0.38 2.40 1.62 1.54 1.50 1.53
0.16 0.17 1.05 10.08 -1.56 -1.44 0.35 0.40 2.42 1.60 1.54 1.53 1.53
0.14 0.15 1.03 8.32 5.65 -3.98 0.33 0.34 2.37 1.62 1.55 1.54 1.55
0.13 0.11 1.02 5.88 9.04 -7.00 0.30 0.26 2.34 1.66 1.52 1.56 1.54
0.12 0.08 0.99 -1.44 9.64 -6.68 0.28 0.19 2.27 1.60 1.55 1.50 1.58
0.12 0.08 0.98 -7.82 6.95 -3.78 0.27 0.19 2.25 1.63 1.55 1.53 1.55
0.13 0.11 0.98 -9.52 5.52 -1.25 0.30 0.25 2.25 1.57 1.58 1.51 1.58
0.13 0.11 0.98 -6.17 0.38 0.74 0.31 0.25 2.24 1.58 1.58 1.51 1.56
0.13 0.12 0.99 -2.00 -1.27 1.55 0.31 0.28 2.28 1.59 1.50 1.52 1.53
0.13 0.12 1.00 3.15 -0.42 -0.67 0.30 0.28 2.31 1.62 1.50 1.56 1.52
0.12 0.10 1.00 5.14 4.07 -3.40 0.27 0.24 2.30 1.59 1.59 1.50 1.58
0.12 0.08 0.98 3.39 9.35 -5.18 0.26 0.19 2.25 1.60 1.56 1.55 1.56
0.14 0.10 0.95 -4.08 10.53 -3.05 0.32 0.23 2.17 1.67 1.50 1.58 1.50
0.16 0.16 0.94 -11.52 6.73 0.00 0.37 0.36 2.15 1.61 1.52 1.55 1.56
0.17 0.19 0.98 -13.92 5.74 1.86 0.39 0.43 2.24 1.59 1.54 1.56 1.57
0.17 0.20 1.00 -8.84 2.34 1.53 0.38 0.43 2.31 1.66 1.51 1.55 1.58
0.15 0.16 1.02 1.04 -1.22 -1.47 0.34 0.37 2.34 1.65 1.52 1.55 1.54
0.13 0.12 1.04 6.38 -2.36 -3.36 0.29 0.26 2.37 1.66 1.54 1.54 1.54
0.12 0.06 1.01 10.95 -0.21 -5.20 0.28 0.14 2.30 1.64 1.57 1.56 1.56
0.13 0.07 1.00 4.42 2.76 -2.00 0.29 0.17 2.29 1.60 1.57 1.56 1.56
0.15 0.13 1.01 -2.74 7.07 0.06 0.35 0.30 2.31 1.61 1.56 1.55 1.52
0.15 0.17 1.00 -7.60 13.13 -0.41 0.35 0.39 2.30 1.63 1.55 1.53 1.54
0.16 0.15 1.03 -8.65 17.66 -2.09 0.37 0.35 2.36 1.59 1.57 1.52 1.58
0.15 0.14 1.02 -8.78 14.89 -2.76 0.37 0.32 2.37 1.65 1.50 1.58 1.52
0.13 0.13 0.98 -5.37 9.23 -4.22 0.29 0.30 2.24 1.63 1.56 1.54 1.54
0.13 0.08 1.02 -1.78 7.00 -4.80 0.30 0.20 2.34 1.66 1.53 1.59 1.52
0.10 0.10 1.00 -0.02 8.79 -4.24 0.25 0.21 2.31 1.63 1.58 1.53 1.55
0.13 0.07 1.02 -1.37 13.55 -3.94 0.31 0.16 2.34 1.64 1.58 1.54 1.52
0.16 0.13 1.01 -4.02 15.48 -0.39 0.39 0.31 2.31 1.59 1.52 1.53 1.54
0.19 0.16 0.98 -4.71 18.07 -0.55 0.43 0.36 2.25 1.59 1.60 1.54 1.60
0.19 0.14 0.98 -6.63 17.79 -1.62 0.44 0.33 2.26 1.63 1.55 1.54 1.59
0.19 0.15 0.97 -3.26 14.94 -1.45 0.44 0.34 2.23 1.60 1.56 1.58 1.55
0.18 0.13 1.00 -2.48 10.71 -1.25 0.41 0.29 2.28 1.62 1.58 1.53 1.61
0.17 0.11 1.02 -3.46 10.37 -2.06 0.39 0.25 2.35 1.60 1.59 1.55 1.57
0.16 0.12 1.01 -11.69 13.06 -1.82 0.38 0.27 2.31 1.66 1.58 1.58 1.57
0.19 0.11 1.02 -16.25 15.42 -0.87 0.44 0.25 2.33 1.64 1.56 1.56 1.53
0.21 0.13 1.02 -17.58 15.43 -0.14 0.48 0.31 2.34 1.62 1.55 1.57 1.56
0.21 0.16 0.99 -20.26 14.00 0.19 0.47 0.37 2.27 1.64 1.52 1.58 1.54
0.24 0.17 1.01 -18.24 17.88 0.51 0.55 0.38 2.35 1.67 1.51 1.60 1.52
0.24 0.20 1.06 -21.69 15.75 2.83 0.53 0.48 2.38 1.59 1.60 1.56 1.55
0.19 0.16 1.03 -17.06 18.55 -1.31 0.44 0.37 2.36 1.67 1.54 1.63 1.52
0.19 0.11 1.07 -13.12 21.74 -1.92 0.43 0.25 2.45 1.65 1.58 1.60 1.55
0.20 0.12 1.06 -24.38 12.39 1.26 0.45 0.28 2.44 1.61 1.54 1.60 1.58
0.21 0.16 1.07 -31.18 5.42 4.00 0.48 0.38 2.48 1.63 1.60 1.57 1.60
0.23 0.16 1.16 -40.55 -1.27 5.98 0.53 0.39 2.66 1.61 1.56 1.59 1.58
0.22 0.27 1.16 -41.63 5.83 6.49 0.50 0.63 2.65 1.67 1.52 1.65 1.52
0.23 0.27 1.19 -40.52 20.23 1.94 0.54 0.62 2.77 1.67 1.55 1.62 1.57
0.23 0.33 1.26 -49.09 32.75 -1.53 0.54 0.76 2.90 1.66 1.62 1.66 1.59
0.15 0.20 1.09 -27.55 53.52 -19.79 0.34 0.45 2.49 1.67 1.54 1.63 1.60
0.24 0.06 1.10 -17.86 59.90 -11.63 0.58 0.16 2.56 1.62 1.61 1.69 1.53
0.27 0.15 1.09 -30.42 56.72 -8.75 0.61 0.34 2.50 1.61 1.62 1.73 1.54
0.30 0.27 1.07 -38.00 44.26 -10.87 0.72 0.62 2.49 1.65 1.62 1.72 1.59
0.28 0.41 1.19 -37.65 38.17 -22.23 0.65 0.94 2.74 1.66 1.63 1.73 1.59
0.26 0.45 1.19 -19.23 52.79 -37.42 0.59 0.99 2.71 1.69 1.56 1.83 1.53
0.26 0.42 1.25 -2.32 80.81 -52.82 0.61 0.99 2.94 1.66 1.60 1.78 1.60
0.23 0.39 1.12 4.03 114.95 -71.18 0.53 0.89 2.58 1.61 1.72 1.80 1.67
0.26 0.08 0.93 20.19 130.17 -72.96 0.63 0.15 2.05 1.63 1.71 1.93 1.62
0.42 0.04 1.32 4.53 133.05 -52.81 0.97 0.09 3.02 1.68 1.81 1.94 1.67
0.43 0.04 0.95 -18.36 138.71 -37.40 1.03 0.12 2.20 1.72 1.79 2.03 1.65
0.50 0.24 1.07 -31.55 135.69 -24.95 1.14 0.59 2.41 1.65 1.86 1.98 1.69
0.48 0.43 1.01 -22.50 137.32 -25.62 1.11 0.99 2.33 1.64 1.88 2.03 1.74
0.50 0.46 0.99 0.91 136.63 -38.74 1.12 1.05 2.22 1.69 1.96 2.05 1.70
0.47 0.38 1.02 33.69 135.13 -53.51 1.08 0.88 2.34 1.72 1.93 2.10 1.72
0.48 0.24 1.03 53.29 140.14 -59.42 1.09 0.50 2.30 1.69 2.03 2.08 1.74
0.46 -0.05 0.86 61.09 127.37 -57.22 1.06 -0.12 1.97 1.68 2.05 2.13 1.84
0.56 -0.16 0.88 42.10 128.48 -32.22 1.28 -0.36 2.02 1.67 2.04 2.18 1.81
0.58 -0.08 0.94 18.50 131.80 -13.95 1.34 -0.12 2.16 1.69 2.05 2.19 1.84
0.45 0.10 0.89 2.78 139.45 -10.99 1.04 0.22 2.04 1.69 2.10 2.13 1.93
0.51 0.22 0.92 10.69 162.69 -17.74 1.15 0.59 2.14 1.75 2.03 2.22 1.87
0.55 0.29 0.94 25.00 197.56 -20.16 1.27 0.66 2.15 1.66 2.17 2.15 1.97
0.56 0.26 0.82 54.53 203.95 -24.49 1.28 0.60 1.89 1.73 2.16 2.15 1.95
0.59 0.17 0.65 82.01 199.93 -27.19 1.41 0.31 1.52 1.74 2.19 2.16 1.94
0.65 -0.08 0.54 84.57 175.32 -19.07 1.48 -0.19 1.24 1.75 2.11 2.28 1.97
0.74 -0.20 0.56 63.79 157.68 6.90 1.67 -0.49 1.26 1.74 2.16 2.20 2.02
0.74 -0.11 0.52 43.48 145.82 17.82 1.70 -0.26 1.20 1.77 2.14 2.21 2.09
0.75 0.05 0.42 28.27 146.19 18.65 1.72 0.17 0.96 1.79 2.13 2.29 2.00
0.81 0.21 0.51 31.01 149.13 24.73 1.86 0.47 1.17 1.70 2.23 2.29 2.01
0.72 0.33 0.51 55.89 155.75 21.35 1.65 0.75 1.17 1.72 2.15 2.22 2.05
0.70 0.28 0.46 70.10 149.66 19.15 1.74 0.67 1.02 1.74 2.23 2.31 2.10
0.73 0.11 0.54 74.90 157.04 26.73 1.67 0.25 1.23 1.72 2.20 2.29 2.05
0.77 -0.05 0.39 67.57 118.69 28.10 1.87 -0.07 0.80 1.79 2.26 2.32 2.13
0.86 -0.08 0.34 49.81 97.05 42.07 1.97 -0.18 0.77 1.78 2.17 2.32 2.10
0.88 0.02 0.26 16.47 100.03 47.44 2.03 0.03 0.59 1.78 2.18 2.30 2.06
0.88 0.10 0.25 -3.23 105.56 44.21 2.05 0.32 0.62 1.75 2.23 2.27 2.11
0.89 0.30 0.37 3.05 100.95 37.34 2.03 0.68 0.85 1.80 2.23 2.25 2.09
0.80 0.31 0.31 17.60 102.54 26.16 1.85 0.70 0.68 1.80 2.25 2.30 2.10
0.85 0.19 0.36 39.24 96.00 21.98 1.96 0.44 0.82 1.84 2.19 2.25 2.12
0.75 0.10 0.21 48.23 85.82 22.84 1.72 0.22 0.48 1.87 2.17 2.33 2.07
0.85 0.00 0.15 47.07 72.26 26.23 1.99 0.10 0.32 1.86 2.17 2.36 2.07
0.79 0.07 0.04 40.74 54.96 31.44 1.80 0.16 0.09 1.86 2.17 2.31 2.09
0.78 0.08 0.16 29.88 46.72 29.00 2.00 0.28 0.24 1.86 2.24 2.29 2.13
0.86 0.18 0.13 20.47 54.42 20.30 1.97 0.41 0.30 1.85 2.28 2.22 2.13
0.94 0.15 0.18 20.42 49.00 12.55 2.15 0.34 0.42 1.85 2.21 2.31 2.08
0.88 0.20 0.11 17.62 46.47 8.07 1.93 0.35 0.39 1.89 2.22 2.27 2.09
0.90 0.04 0.09 15.80 37.06 9.35 2.06 0.10 0.20 1.91 2.18 2.29 2.12
0.94 0.10 0.11 9.69 21.36 22.89 2.08 0.15 0.28 1.94 2.25 2.30 2.16
0.86 0.15 0.15 6.53 20.97 31.99 1.97 0.34 0.34 1.96 2.20 2.22 2.09
0.81 0.17 0.16 7.04 19.94 35.97 1.85 0.39 0.36 1.95 2.20 2.26 2.08
0.91 0.15 0.14 3.65 36.02 35.49 2.05 0.36 0.32 2.01 2.15 2.25 2.14
0.78 0.19 0.16 2.04 42.20 27.54 1.78 0.44 0.37 1.93 2.23 2.28 2.09
0.80 0.25 0.16 3.37 57.74 14.03 1.87 0.48 0.33 1.99 2.22 2.26 2.07
1.04 0.16 0.04 -8.01 57.75 8.24 2.31 0.38 0.09 1.93 2.26 2.18 2.13
0.99 0.11 0.04 -15.69 36.63 18.39 2.26 0.26 0.10 2.03 2.19 2.23 2.17
0.84 0.15 0.10 -22.28 25.83 16.96 1.98 0.46 0.19 1.95 2.21 2.26 2.14
0.87 0.15 0.13 -15.73 27.22 20.41 2.00 0.35 0.29 1.99 2.16 2.30 2.04
0.85 0.23 0.12 -12.45 28.79 19.10 1.91 0.49 0.28 1.96 2.20 2.29 2.13
0.78 0.20 0.14 -10.89 38.71 19.23 1.78 0.46 0.31 1.99 2.23 2.27 2.08
0.89 0.17 0.04 -9.58 45.40 19.16 2.04 0.38 0.10 2.00 2.25 2.25 2.10
0.99 0.15 0.00 -13.79 37.38 13.63 2.26 0.36 -0.00 1.98 2.26 2.29 2.07
1.01 0.18 -0.01 -14.03 28.08 9.61 2.32 0.42 -0.03 2.03 2.21 2.27 2.06
0.99 0.21 -0.04 -13.39 13.17 4.51 2.32 0.43 -0.05 2.03 2.24 2.30 2.10
0.81 0.23 0.07 -10.90 4.68 0.96 1.86 0.54 0.17 2.03 2.23 2.27 2.07
0.79 0.23 0.11 -4.77 13.10 1.68 1.81 0.52 0.25 2.03 2.19 2.20 2.10
0.78 0.20 0.11 0.41 21.89 7.38 1.79 0.41 0.27 2.02 2.17 2.24 2.12
0.95 0.18 0.02 -4.02 30.20 7.90 2.19 0.42 0.05 2.01 2.19 2.24 2.14
1.01 0.23 -0.00 -6.77 21.88 8.72 2.30 0.55 -0.00 1.95 2.19 2.29 2.04
1.02 0.25 -0.01 -4.59 12.36 4.91 2.36 0.56 -0.03 2.00 2.16 2.21 2.10
1.03 0.22 -0.02 -2.38 0.83 0.92 2.37 0.50 -0.05 1.97 2.26 2.18 2.14
0.92 0.24 0.06 -2.22 -3.35 -2.23 2.10 0.56 0.14 2.04 2.17 2.29 2.06
0.86 0.23 0.10 1.88 3.19 -1.78 1.96 0.52 0.22 2.01 2.19 2.25 2.11
0.87 0.16 0.09 3.43 13.03 0.17 2.01 0.36 0.20 1.98 2.17 2.23 2.05
0.99 0.15 0.01 -2.48 17.34 5.97 2.28 0.34 0.02 2.01 2.15 2.29 2.06
1.04 0.21 -0.03 -6.86 10.15 7.58 2.39 0.48 -0.07 2.02 2.16 2.29 2.04
1.04 0.25 -0.03 -6.17 0.04 5.74 2.37 0.58 -0.04 2.00 2.18 2.26 2.11
1.01 0.23 0.01 -5.22 -6.13 1.03 2.30 0.52 0.04 1.99 2.17 2.25 2.05
0.93 0.22 0.08 -6.32 -6.22 0.21 2.13 0.52 0.18 2.01 2.24 2.29 2.12
0.86 0.23 0.12 -6.09 3.04 2.49 2.00 0.53 0.29 1.95 2.22 2.26 2.04
0.95 0.22 0.10 -6.71 15.19 4.81 2.15 0.51 0.22 2.01 2.13 2.28 2.04
1.09 0.23 0.02 -7.78 13.73 7.07 2.49 0.53 0.05 1.95 2.14 2.25 2.11
1.08 0.26 0.02 -9.78 2.30 6.55 2.48 0.60 0.06 2.02 2.21 2.26 2.10
1.07 0.25 0.03 -10.48 -4.21 3.86 2.46 0.58 0.06 2.03 2.15 2.29 2.03
1.08 0.21 0.00 -13.83 -9.48 -0.93 2.48 0.48 -0.02 1.97 2.20 2.20 2.12
1.09 0.19 -0.01 -26.08 -17.15 -6.76 2.44 0.46 0.02 2.01 2.13 2.30 2.04
0.76 0.32 0.17 -28.98 -9.90 -7.90 1.74 0.74 0.38 1.96 2.18 2.26 2.09
0.82 0.24 0.17 -25.38 22.60 -6.09 1.89 0.63 0.36 1.95 2.24 2.18 2.13
1.02 0.23 0.06 -30.78 41.18 -1.72 2.34 0.53 0.14 1.93 2.24 2.16 2.13
1.06 0.27 -0.09 -36.76 27.80 -0.38 2.62 0.48 -0.08 2.03 2.14 2.29 2.03
0.97 0.38 -0.01 -36.48 7.50 -2.66 2.39 0.79 -0.28 1.98 2.13 2.25 2.08
1.05 0.33 -0.08 -34.01 -3.03 -8.83 2.40 0.75 -0.19 1.93 2.21 2.18 2.13
1.03 0.28 -0.05 -35.71 -11.08 -19.42 2.32 0.62 -0.17 1.92 2.19 2.26 2.12
0.86 0.31 -0.02 -40.94 -15.33 -29.78 1.98 0.72 -0.04 1.98 2.12 2.29 2.05
0.66 0.39 0.11 -37.06 -1.52 -40.22 1.51 0.83 0.20 1.85 2.23 2.21 2.03
0.69 0.38 0.12 -22.24 24.29 -43.44 1.62 0.81 0.26 1.86 2.13 2.19 2.04
0.73 0.31 0.17 -6.68 30.32 -38.43 1.68 0.71 0.38 1.86 2.11 2.24 2.07
0.81 0.17 0.05 -9.77 22.16 -32.65 1.87 0.42 0.10 1.85 2.16 2.21 2.01
0.87 0.18 -0.05 -21.14 13.32 -23.62 1.99 0.41 -0.12 1.79 2.10 2.25 2.00
0.74 0.27 -0.12 -27.48 -0.81 -21.74 1.71 0.63 -0.26 1.77 2.14 2.12 2.04
0.74 0.27 -0.16 -23.66 -10.62 -33.91 1.67 0.67 -0.35 1.86 2.02 2.21 1.93
0.64 0.27 -0.27 -12.81 -26.94 -46.05 1.48 0.62 -0.61 1.88 2.00 2.18 1.88
0.68 0.23 -0.30 17.27 -101.20 -68.29 1.38 0.41 -0.79 1.85 1.98 2.16 1.88
0.29 0.03 -0.40 3.29 -137.03 -60.92 0.66 0.06 -0.91 1.86 2.01 2.05 1.89
0.14 -0.03 -0.64 -16.65 -181.89 -56.53 0.26 -0.06 -1.47 1.78 1.96 2.12 1.87
0.05 -0.13 -0.96 -22.87 -189.88 -42.12 0.11 -0.40 -2.19 1.82 1.97 2.05 1.88
-0.09 -0.26 -1.41 -24.04 -239.72 -25.02 -0.20 -0.60 -3.25 1.76 1.99 1.97 1.82
0.03 -0.21 -1.81 -19.00 -286.72 7.53 0.10 -0.69 -4.41 1.82 1.92 1.95 1.83
-0.15 -0.35 -2.00 24.20 -286.72 32.37 -0.36 -0.80 -4.59 1.83 1.88 1.90 1.77
-0.10 -0.40 -2.00 102.42 -286.72 51.11 -0.41 -1.04 -4.59 1.79 1.87 1.83 1.75
-0.40 -0.54 -1.90 183.03 -286.72 37.25 -0.93 -1.24 -4.35 1.76 1.84 1.78 1.67
-0.76 -0.45 -1.59 226.90 -286.72 11.79 -1.88 -1.04 -3.59 1.78 1.76 1.74 1.60
-1.55 -0.13 -0.76 244.98 -286.72 -62.08 -3.65 -0.18 -1.73 1.74 1.68 1.71 1.55
-1.69 0.20 0.95 18.25 -286.72 -121.67 -3.89 0.47 2.19 1.71 1.56 1.67 1.54
-1.86 0.65 2.00 -135.75 -286.72 -172.38 -4.45 1.62 4.59 1.61 1.55 1.62 1.47
-1.82 0.66 2.00 -286.72 -286.72 -212.24 -4.17 1.52 4.59 1.66 1.50 1.54 1.56
-1.58 -0.26 2.00 -286.72 -85.44 -199.08 -3.28 -0.13 4.59 1.62 1.48 1.56 1.51
-0.74 1.04 2.00 -286.72 -37.95 -139.38 -1.69 2.39 4.59 1.56 1.56 1.49 1.53
0.16 1.45 2.00 -275.46 -13.24 -125.97 -0.52 1.43 4.59 1.59 1.49 1.48 1.50
0.06 -0.12 2.00 -44.62 25.73 63.53 0.14 -0.27 4.59 1.60 1.56 1.48 1.54
1.27 0.99 2.00 183.59 257.54 105.64 2.91 2.26 4.41 1.59 1.52 1.54 1.50
1.17 0.75 1.77 216.18 41.20 3.25 2.68 1.51 3.86 1.61 1.51 1.53 1.54
1.01 0.56 1.21 226.42 -82.64 45.43 2.31 1.29 2.79 1.66 1.48 1.56 1.50
0.79 0.17 1.25 286.68 -195.55 87.34 1.73 0.70 2.46 1.63 1.55 1.50 1.52
0.11 0.29 1.14 256.30 -160.91 103.30 0.26 0.67 2.62 1.64 1.53 1.53 1.54
0.19 0.19 1.12 145.91 -67.67 147.36 0.44 0.12 2.76 1.61 1.52 1.55 1.50
0.52 -0.05 1.02 48.92 -19.33 132.06 1.18 -0.12 2.33 1.64 1.51 1.55 1.50
0.24 0.11 1.08 -2.40 -14.75 85.50 0.54 0.25 2.47 1.65 1.55 1.50 1.52
0.15 0.23 1.17 -29.21 -33.13 33.70 0.34 0.54 2.73 1.63 1.51 1.54 1.53
0.11 0.12 1.20 -48.76 -23.56 -4.10 0.24 0.27 2.74 1.58 1.56 1.50 1.57
0.02 0.12 1.18 -64.77 2.02 -27.73 0.04 0.31 2.70 1.65 1.53 1.50 1.53
0.09 0.10 1.16 -85.12 46.08 -39.36 0.20 0.22 2.65 1.62 1.53 1.54 1.54
0.12 0.12 1.10 -106.05 51.79 -28.23 0.28 0.28 2.53 1.61 1.56 1.50 1.58
0.23 0.26 0.99 -93.57 51.28 -15.36 0.52 0.60 2.27 1.58 1.58 1.49 1.56
0.26 0.26 0.93 -40.64 28.85 -6.39 0.59 0.61 2.13 1.61 1.55 1.56 1.53
0.24 0.30 0.90 13.28 -2.30 -5.24 0.55 0.60 2.07 1.58 1.51 1.55 1.56
0.20 0.20 0.89 55.00 -21.66 -8.03 0.47 0.47 2.03 1.61 1.55 1.54 1.54
0.13 0.10 0.92 57.97 -30.12 -6.63 0.30 0.24 2.10 1.64 1.56 1.56 1.55
0.10 0.05 0.97 63.62 -35.38 -8.01 0.23 0.16 2.20 1.60 1.55 1.52 1.54
0.09 0.03 0.99 37.12 -28.25 -3.89 0.20 0.06 2.28 1.58 1.57 1.52 1.54
0.11 0.07 0.99 19.31 -17.07 -3.40 0.27 0.17 2.28 1.64 1.50 1.56 1.53
0.16 0.13 1.02 -3.43 -0.74 -6.26 0.36 0.30 2.34 1.62 1.52 1.50 1.52
0.18 0.14 1.00 -12.95 9.53 -7.95 0.41 0.32 2.29 1.63 1.54 1.52 1.58
0.20 0.12 1.00 -23.06 13.32 -9.52 0.45 0.27 2.30 1.64 1.56 1.55 1.57
0.22 0.11 0.97 -22.09 8.24 -8.61 0.50 0.26 2.22 1.63 1.51 1.55 1.55
0.21 0.12 0.97 -12.89 -2.10 -6.32 0.47 0.27 2.23 1.62 1.54 1.51 1.54
0.21 0.14 0.99 -1.09 -9.60 -4.53 0.48 0.32 2.29 1.65 1.51 1.59 1.50
0.20 0.17 1.01 9.02 -10.46 -7.74 0.45 0.39 2.32 1.63 1.55 1.54 1.54
0.21 0.19 1.04 16.45 -6.05 -10.42 0.47 0.44 2.40 1.63 1.52 1.58 1.52
0.19 0.20 1.06 17.13 0.21 -12.09 0.46 0.44 2.43 1.63 1.56 1.55 1.54
0.19 0.12 1.03 12.99 4.50 -10.08 0.43 0.27 2.35 1.62 1.58 1.50 1.54
0.18 0.05 0.99 9.62 1.89 -8.07 0.42 0.11 2.28 1.65 1.57 1.50 1.50
0.18 0.04 0.95 2.97 -3.18 -6.03 0.42 0.09 2.18 1.68 1.50 1.60 1.52
0.20 0.07 0.96 -5.17 -5.01 -5.16 0.45 0.17 2.20 1.62 1.57 1.56 1.51
0.21 0.13 0.98 -12.33 -1.47 -5.40 0.48 0.31 2.28 1.63 1.58 1.57 1.56
0.21 0.17 1.00 -9.90 5.01 -6.89 0.48 0.38 2.30 1.67 1.52 1.52 1.56
0.19 0.13 0.99 -3.61 9.35 -9.69 0.45 0.29 2.28 1.60 1.52 1.52 1.54
0.19 0.09 0.97 1.93 8.16 -9.24 0.41 0.20 2.22 1.64 1.57 1.56 1.53
0.18 0.05 0.93 2.23 0.20 -5.64 0.40 0.12 2.14 1.59 1.53 1.54 1.56
0.17 0.06 0.96 1.13 -8.21 -2.07 0.40 0.14 2.20 1.60 1.57 1.53 1.59
0.19 0.07 0.98 2.26 -11.86 0.72 0.43 0.16 2.25 1.63 1.56 1.54 1.53
0.20 0.08 0.99 4.53 -10.07 1.64 0.45 0.19 2.27 1.63 1.58 1.52 1.52
0.21 0.10 0.98 2.66 -5.65 1.23 0.49 0.23 2.25 1.59 1.58 1.52 1.60
0.20 0.12 0.96 1.29 -0.63 0.34 0.45 0.27 2.20 1.60 1.53 1.60 1.52
0.19 0.11 0.97 -1.26 1.75 0.65 0.44 0.27 2.23 1.61 1.53 1.56 1.57
0.18 0.12 0.98 -2.06 3.39 -0.67 0.42 0.29 2.26 1.58 1.54 1.54 1.53
0.18 0.11 1.04 -5.17 4.66 -0.95 0.40 0.25 2.40 1.60 1.59 1.52 1.60
0.16 0.12 1.10 -9.52 9.16 -1.17 0.37 0.27 2.54 1.64 1.56 1.54 1.57
0.18 0.14 1.11 -13.79 16.41 -2.11 0.41 0.33 2.56 1.60 1.52 1.56 1.59
0.20 0.14 1.09 -15.26 20.07 -2.30 0.45 0.31 2.50 1.67 1.51 1.60 1.53
0.22 0.16 1.04 -14.35 18.57 -1.27 0.51 0.36 2.37 1.67 1.54 1.54 1.60
0.24 0.17 1.01 -7.99 12.29 -1.03 0.56 0.38 2.31 1.65 1.58 1.59 1.56
0.25 0.17 1.07 -7.20 8.05 -1.82 0.57 0.38 2.46 1.61 1.59 1.55 1.58
0.19 0.18 1.05 -4.54 12.29 -6.67 0.43 0.41 2.40 1.62 1.55 1.59 1.54
0.21 0.12 1.05 -3.35 19.36 -10.57 0.47 0.27 2.42 1.66 1.56 1.59 1.58
0.20 0.07 1.08 -14.86 18.30 -13.41 0.41 0.15 2.46 1.62 1.63 1.58 1.61
0.16 0.02 1.01 -27.43 10.86 -11.31 0.37 0.04 2.31 1.67 1.56 1.59 1.54
0.22 0.08 1.16 -44.07 -1.12 -2.51 0.51 0.22 2.63 1.65 1.53 1.60 1.53
0.19 0.23 1.14 -53.63 3.09 -1.86 0.41 0.55 2.61 1.68 1.60 1.64 1.53
0.27 0.25 1.33 -56.59 14.94 -2.59 0.62 0.58 3.05 1.67 1.61 1.71 1.60
0.16 0.20 1.13 -29.01 42.08 -13.28 0.34 0.56 2.48 1.72 1.62 1.69 1.55
0.25 0.04 1.17 -5.26 61.36 -12.56 0.57 0.10 2.69 1.75 1.59 1.85 1.53
0.15 -0.08 1.05 0.52 74.31 -9.58 0.35 -0.18 2.40 1.71 1.59 1.86 1.58
0.31 -0.03 1.01 -0.94 81.38 -2.41 0.75 -0.06 2.34 1.69 1.66 1.89 1.56
0.32 0.21 0.96 -27.19 87.30 5.50 0.73 0.48 2.20 1.74 1.63 1.97 1.60
0.43 0.47 0.99 -41.48 99.13 8.61 0.99 1.17 2.28 1.73 1.78 1.98 1.72
0.27 0.63 1.30 -62.80 108.08 -19.18 0.63 1.46 2.97 1.75 1.88 2.01 1.72
0.46 0.13 1.05 -5.70 151.15 -41.69 1.06 0.31 2.41 1.70 1.92 2.07 1.75
0.45 -0.03 0.99 2.41 134.11 -15.50 0.96 -0.06 2.27 1.73 1.97 2.09 1.75
0.51 0.09 1.04 -10.89 121.52 -9.00 1.18 0.22 2.39 1.75 2.08 2.16 1.83
0.55 0.20 0.92 -20.90 95.68 -18.50 1.32 0.49 2.17 1.68 2.10 2.21 1.83
0.64 0.31 1.11 2.07 77.90 -25.51 1.47 0.72 2.55 1.73 2.15 2.20 1.92
0.52 0.30 0.96 26.31 78.68 -18.61 1.19 0.69 2.20 1.68 2.11 2.18 1.95
0.53 0.18 1.07 40.55 78.86 -13.36 1.23 0.40 2.43 1.71 2.18 2.25 2.02
0.52 0.13 1.14 33.87 90.06 -8.04 1.20 0.30 2.61 1.73 2.12 2.22 2.00
0.45 0.06 1.02 14.94 101.10 -0.19 1.04 0.16 2.31 1.76 2.20 2.22 1.99
0.62 0.10 1.02 -3.27 106.06 2.81 1.41 0.22 2.34 1.70 2.14 2.24 2.07
0.57 0.24 1.07 -15.27 105.46 -1.80 1.31 0.55 2.45 1.74 2.27 2.28 2.05
0.54 0.32 0.97 -12.23 109.14 -11.43 1.32 0.64 2.14 1.68 2.27 2.22 2.10
0.58 0.30 1.02 5.22 112.57 -8.32 1.33 0.68 2.35 1.67 2.27 2.23 2.11
0.47 0.29 0.98 17.06 115.85 -10.59 1.06 0.62 2.18 1.71 2.24 2.27 2.11
0.52 0.06 0.91 15.84 116.54 -7.21 1.20 0.13 2.09 1.72 2.27 2.31 2.05
0.56 0.07 0.92 3.78 121.27 5.47 1.28 0.16 2.11 1.67 2.28 2.21 2.14
0.59 0.26 0.84 -2.52 124.84 6.09 1.33 0.56 1.85 1.75 2.18 2.34 2.06
0.54 0.38 1.00 2.77 119.45 0.39 1.23 0.87 2.28 1.70 2.27 2.31 2.14
0.46 0.49 0.99 25.63 114.94 -4.59 1.11 1.08 2.26 1.73 2.19 2.34 2.06
0.43 0.35 0.93 65.08 124.21 -15.36 0.81 0.77 2.15 1.71 2.20 2.31 2.07
0.45 0.04 0.68 74.01 130.90 -18.02 1.04 0.08 1.57 1.69 2.19 2.25 2.14
0.73 -0.16 0.67 55.44 129.20 7.67 1.82 -0.36 1.51 1.68 2.28 2.24 2.10
0.65 -0.10 0.58 32.93 111.49 21.51 1.50 -0.24 1.34 1.75 2.17 2.33 2.06
0.70 0.13 0.64 25.14 112.47 17.66 1.62 0.45 1.51 1.65 2.28 2.30 2.08
0.47 0.38 0.63 37.82 113.76 9.54 1.11 0.87 1.45 1.75 2.18 2.30 2.16
0.57 0.33 0.52 61.78 125.46 2.01 1.30 0.76 1.20 1.71 2.29 2.22 2.11
0.63 0.10 0.49 73.73 142.77 4.73 1.48 0.19 1.09 1.72 2.19 2.27 2.10
0.74 -0.02 0.40 59.48 148.04 10.93 1.71 -0.05 0.92 1.74 2.18 2.29 2.12
0.88 -0.00 0.29 45.81 142.25 18.78 2.04 -0.07 0.63 1.73 2.26 2.30 2.12
0.95 0.03 0.26 19.90 123.72 23.19 2.19 0.06 0.60 1.71 2.24 2.24 2.10
0.84 0.11 0.36 9.28 98.32 14.48 1.93 0.25 0.84 1.72 2.19 2.26 2.14
0.69 0.14 0.40 6.90 98.47 12.99 1.63 0.41 0.90 1.71 2.24 2.27 2.08
0.59 0.09 0.38 5.96 107.98 13.25 1.35 0.20 0.86 1.75 2.21 2.26 2.11
0.70 0.08 0.35 -1.33 116.96 7.40 1.59 0.14 0.80 1.74 2.23 2.29 2.13
0.73 0.08 0.29 -10.21 128.49 2.25 1.68 0.18 0.66 1.76 2.18 2.32 2.06
0.82 0.11 0.23 -11.01 126.51 7.65 1.89 0.26 0.53 1.86 2.14 2.33 2.04
0.90 0.15 0.18 -2.44 117.59 13.31 2.01 0.13 0.45 1.79 2.27 2.18 2.15
0.94 0.11 0.19 1.03 105.49 12.67 2.16 0.26 0.43 1.84 2.21 2.28 2.11
0.82 0.18 0.21 7.40 88.05 10.95 1.85 0.45 0.48 1.88 2.16 2.27 2.11
0.78 0.15 0.23 19.73 88.74 10.13 1.75 0.42 0.51 1.89 2.16 2.29 2.07
0.79 0.06 0.19 17.77 91.94 7.59 1.81 0.13 0.45 1.87 2.21 2.21 2.10
0.86 0.02 0.14 12.85 94.13 8.30 2.00 -0.04 0.35 1.79 2.27 2.19 2.12
0.88 0.04 0.09 9.62 84.25 10.78 2.03 0.10 0.20 1.89 2.19 2.29 2.05
0.90 0.10 0.08 2.51 76.48 6.76 2.06 0.27 0.17 1.85 2.21 2.26 2.10
0.89 0.16 0.07 0.52 67.18 0.73 2.04 0.35 0.15 1.82 2.19 2.24 2.07
0.86 0.15 0.07 6.60 55.89 0.68 1.97 0.33 0.16 1.90 2.18 2.23 2.08
0.82 0.11 0.08 13.55 49.61 1.08 1.87 0.23 0.18 1.91 2.25 2.21 2.07
0.81 0.10 0.10 10.81 48.26 2.97 1.86 0.24 0.24 1.90 2.15 2.25 2.10
0.80 0.10 0.10 13.28 48.62 9.01 1.83 0.23 0.22 1.89 2.18 2.25 2.05
0.84 0.12 0.08 16.26 46.79 14.73 1.95 0.31 0.16 1.85 2.14 2.22 2.10
0.90 0.17 -0.01 18.87 36.88 15.38 2.06 0.39 -0.03 1.90 2.26 2.27 2.05
0.90 0.14 0.00 14.94 37.58 14.59 2.01 0.49 -0.00 1.84 2.26 2.19 2.08
0.91 0.17 -0.01 10.74 31.09 4.11 2.08 0.38 -0.02 1.91 2.14 2.29 2.01
0.91 0.15 -0.01 8.07 25.61 -2.07 2.08 0.34 -0.02 1.86 2.22 2.25 2.04
0.89 0.16 0.01 4.82 20.95 -5.38 2.02 0.34 0.02 1.89 2.24 2.20 2.07
0.89 0.19 0.01 3.03 17.01 -4.49 2.03 0.43 0.03 1.94 2.15 2.26 2.03
0.89 0.19 0.02 7.33 10.05 -1.34 2.05 0.42 0.04 1.84 2.18 2.24 2.07
0.89 0.16 0.04 8.22 8.15 1.42 2.10 0.33 0.07 1.84 2.26 2.20 2.08
0.93 0.17 0.03 6.94 5.70 3.59 2.13 0.40 0.07 1.94 2.14 2.24 2.04
0.95 0.20 0.03 5.55 5.38 3.07 2.17 0.44 0.06 1.89 2.12 2.30 2.04
0.95 0.19 0.02 5.54 1.13 -1.07 2.17 0.41 0.07 1.89 2.17 2.19 2.05
0.96 0.15 0.02 5.99 -2.71 -4.19 2.21 0.35 0.05 1.84 2.20 2.27 2.09
0.96 0.14 0.02 4.22 -5.78 -5.36 2.21 0.33 0.02 1.82 2.26 2.16 2.13
0.93 0.15 0.03 2.84 -8.22 -6.46 2.15 0.36 0.08 1.91 2.21 2.19 2.02
0.93 0.15 0.05 5.14 -7.94 -5.99 2.12 0.34 0.12 1.93 2.14 2.29 2.05
0.98 0.13 0.03 7.40 -7.44 -3.39 2.25 0.29 0.06 1.92 2.15 2.24 2.05
0.99 0.09 0.04 7.39 -9.76 0.25 2.27 0.21 0.10 1.87 2.19 2.24 2.10
0.98 0.12 0.07 3.53 -9.08 1.29 2.24 0.30 0.17 1.86 2.23 2.17 2.12
0.99 0.16 0.10 2.40 -7.39 0.40 2.28 0.36 0.23 1.86 2.28 2.23 2.02
1.01 0.15 0.10 4.80 -8.82 -0.83 2.33 0.35 0.24 1.91 2.23 2.20 2.01
1.03 0.14 0.10 4.79 -10.57 -2.42 2.36 0.33 0.23 1.92 2.13 2.29 2.02
1.01 0.15 0.12 2.84 -12.73 -4.50 2.31 0.34 0.28 1.93 2.13 2.22 2.07
0.98 0.16 0.15 3.69 -11.52 -4.30 2.24 0.37 0.35 1.88 2.23 2.18 2.13
0.97 0.15 0.15 6.18 -7.50 -2.81 2.25 0.34 0.35 1.93 2.11 2.26 2.09
1.01 0.15 0.14 6.29 -5.70 -1.78 2.32 0.34 0.32 1.83 2.25 2.15 2.08
0.99 0.16 0.15 5.61 -5.75 -2.62 2.28 0.37 0.34 1.83 2.26 2.17 2.07
0.99 0.16 0.16 6.05 -4.04 -4.00 2.25 0.36 0.38 1.85 2.15 2.20 2.07
1.00 0.13 0.16 5.51 -3.94 -4.82 2.30 0.30 0.37 1.94 2.12 2.29 2.00
1.01 0.15 0.15 2.21 -5.04 -5.89 2.31 0.35 0.35 1.85 2.23 2.17 2.08
1.00 0.18 0.15 1.84 -5.93 -7.19 2.29 0.43 0.36 1.90 2.23 2.28 2.10
0.98 0.19 0.14 3.66 -6.37 -9.13 2.25 0.43 0.33 1.89 2.21 2.24 2.07
0.98 0.17 0.13 5.03 -7.18 -10.93 2.25 0.39 0.29 1.86 2.18 2.18 2.04
0.96 0.14 0.12 5.04 -7.80 -11.16 2.20 0.32 0.28 1.82 2.16 2.22 2.09
0.96 0.12 0.12 4.03 -5.72 -10.25 2.21 0.27 0.27 1.89 2.18 2.17 2.07
0.96 0.10 0.11 2.44 -3.88 -8.47 2.20 0.24 0.26 1.87 2.23 2.14 2.12
1.01 0.11 0.09 1.74 -3.15 -7.67 2.31 0.25 0.21 1.83 2.15 2.27 2.01
1.01 0.12 0.10 0.86 -6.17 -8.20 2.32 0.28 0.24 1.84 2.12 2.22 2.08
1.00 0.12 0.13 0.77 -8.44 -9.85 2.29 0.29 0.32 1.90 2.20 2.25 2.09
0.97 0.13 0.16 1.27 -9.68 -11.71 2.23 0.30 0.37 1.82 2.16 2.25 2.10
0.96 0.09 0.17 3.95 -9.86 -12.18 2.21 0.19 0.40 1.85 2.17 2.17 2.06
0.94 0.06 0.17 2.77 -9.70 -10.32 2.16 0.15 0.40 1.89 2.14 2.20 2.10
0.91 0.06 0.19 0.17 -8.08 -8.13 2.08 0.15 0.42 1.86 2.17 2.19 2.12
0.90 0.07 0.17 -0.04 -4.25 -4.86 2.06 0.15 0.39 1.83 2.12 2.17 2.02
0.94 0.04 0.14 0.09 -2.50 -2.54 2.15 0.10 0.32 1.92 2.11 2.30 2.00
0.96 0.04 0.13 -1.69 -4.91 -0.18 2.21 0.08 0.30 1.90 2.21 2.21 2.01
0.96 0.05 0.14 -3.54 -5.96 2.25 2.19 0.10 0.33 1.85 2.23 2.17 2.12
0.96 0.07 0.14 -4.33 -6.18 4.08 2.20 0.16 0.33 1.89 2.20 2.24 2.07
0.98 0.09 0.15 -3.49 -6.66 4.29 2.25 0.21 0.35 1.82 2.20 2.20 2.02
0.98 0.12 0.16 -3.29 -8.27 4.12 2.25 0.28 0.38 1.91 2.12 2.23 2.07
0.99 0.13 0.17 -1.03 -9.57 2.85 2.28 0.29 0.40 1.84 2.20 2.23 2.02
0.96 0.11 0.20 0.42 -11.28 1.94 2.19 0.25 0.46 1.83 2.18 2.23 2.01
0.97 0.10 0.21 0.74 -8.55 0.88 2.22 0.24 0.48 1.89 2.20 2.23 2.03
0.99 0.09 0.20 1.14 -8.02 1.26 2.27 0.21 0.47 1.85 2.20 2.22 2.06
0.98 0.09 0.21 0.98 -8.65 1.24 2.26 0.19 0.49 1.85 2.21 2.14 2.11
0.98 0.08 0.22 -0.42 -8.54 1.74 2.25 0.19 0.51 1.84 2.21 2.20 2.05
0.97 0.10 0.24 -1.74 -7.43 1.81 2.21 0.23 0.54 1.91 2.12 2.23 2.06
0.98 0.10 0.23 -1.31 -4.88 1.74 2.25 0.22 0.53 1.84 2.24 2.16 2.05
1.00 0.09 0.22 -1.41 -5.78 1.75 2.29 0.22 0.50 1.88 2.19 2.15 2.10
0.98 0.12 0.23 -2.00 -7.00 1.15 2.25 0.28 0.54 1.81 2.19 2.25 2.01
0.95 0.13 0.25 -0.88 -5.36 -0.11 2.19 0.29 0.57 1.86 2.14 2.23 2.01
0.95 0.10 0.24 1.15 -3.12 0.50 2.19 0.23 0.56 1.85 2.19 2.18 2.11
0.97 0.08 0.23 0.41 -1.26 1.37 2.23 0.18 0.52 1.84 2.18 2.19 2.05
0.99 0.09 0.21 -1.29 -0.40 3.25 2.28 0.20 0.49 1.88 2.22 2.25 2.08
0.99 0.12 0.21 -1.30 -1.57 4.03 2.28 0.28 0.47 1.89 2.20 2.22 2.02
0.99 0.13 0.20 1.39 -2.69 3.98 2.27 0.29 0.48 1.83 2.19 2.26 2.02
0.98 0.12 0.21 1.01 -2.59 2.47 2.24 0.28 0.48 1.89 2.13 2.23 2.08
0.97 0.14 0.20 -0.16 -0.83 1.29 2.24 0.32 0.46 1.85 2.21 2.17 2.07
0.98 0.13 0.19 0.34 -0.20 -0.36 2.26 0.30 0.43 1.81 2.25 2.16 2.05
1.00 0.13 0.17 0.56 -0.95 -1.32 2.29 0.30 0.40 1.91 2.13 2.20 2.07
0.98 0.12 0.18 1.58 -1.88 -2.03 2.24 0.26 0.41 1.84 2.20 2.21 2.07
1.00 0.09 0.17 0.86 -1.51 -1.43 2.29 0.20 0.38 1.84 2.12 2.18 2.03
1.00 0.11 0.17 -1.41 -2.81 -1.37 2.29 0.25 0.39 1.81 2.24 2.14 2.10
0.98 0.13 0.19 -1.78 -3.06 -1.76 2.24 0.31 0.42 1.86 2.14 2.21 2.00
0.98 0.14 0.18 -0.61 -1.60 -2.98 2.26 0.32 0.42 1.85 2.22 2.16 2.10
0.99 0.13 0.17 1.44 -1.68 -3.69 2.28 0.31 0.40 1.85 2.12 2.29 1.99
0.97 0.12 0.18 2.63 -2.04 -3.45 2.23 0.28 0.42 1.84 2.13 2.26 2.01
0.98 0.12 0.18 2.88 -0.93 -2.71 2.24 0.29 0.41 1.85 2.17 2.18 2.11
0.99 0.14 0.18 2.85 -1.13 -2.20 2.26 0.31 0.42 1.88 2.18 2.21 2.00
0.98 0.14 0.18 3.50 -1.53 -2.27 2.25 0.33 0.41 1.85 2.19 2.17 2.07
0.99 0.12 0.18 3.46 -2.24 -2.30 2.26 0.27 0.40 1.85 2.11 2.21 1.99
0.97 0.10 0.18 1.78 -3.22 -1.71 2.21 0.23 0.42 1.91 2.15 2.23 2.04
0.96 0.10 0.18 -0.38 -2.41 -0.65 2.20 0.23 0.41 1.87 2.19 2.17 2.09
0.95 0.12 0.18 -1.70 -1.19 -0.14 2.18 0.28 0.42 1.87 2.20 2.26 2.08
0.96 0.13 0.18 -0.52 -0.18 0.22 2.20 0.29 0.41 1.88 2.19 2.24 2.07
0.95 0.12 0.19 0.70 -0.49 0.22 2.19 0.28 0.44 1.87 2.18 2.23 2.03
0.96 0.12 0.18 1.15 -0.53 0.17 2.19 0.28 0.46 1.85 2.17 2.22 2.02
0.95 0.12 0.19 1.86 -2.45 -0.01 2.18 0.27 0.45 1.88 2.19 2.25 2.07
0.95 0.12 0.20 2.81 -2.62 0.03 2.18 0.27 0.45 1.86 2.12 2.16 2.07
0.96 0.10 0.20 4.78 -2.57 1.05 2.20 0.22 0.44 1.91 2.16 2.16 2.02
0.97 0.08 0.18 4.09 -2.92 2.00 2.22 0.18 0.42 1.88 2.20 2.25 2.08
0.98 0.09 0.18 2.08 -4.71 3.60 2.24 0.20 0.41 1.86 2.12 2.16 2.03
0.97 0.10 0.19 0.65 -6.17 4.07 2.22 0.23 0.43 1.87 2.17 2.19 2.07
0.95 0.10 0.22 -0.05 -6.34 4.08 2.18 0.23 0.50 1.85 2.15 2.23 2.07
0.95 0.11 0.23 -0.22 -4.64 4.53 2.18 0.26 0.52 1.82 2.16 2.23 2.06
0.95 0.13 0.23 -0.61 -2.58 4.88 2.18 0.29 0.53 1.86 2.12 2.26 1.99
0.96 0.15 0.23 -0.94 -1.72 4.20 2.20 0.34 0.54 1.85 2.15 2.19 2.10
0.98 0.16 0.23 -0.38 -2.54 3.60 2.26 0.37 0.52 1.89 2.15 2.19 2.10
0.98 0.15 0.23 0.99 -5.06 2.26 2.24 0.35 0.53 1.85 2.12 2.23 2.01
0.95 0.14 0.24 1.23 -5.74 0.97 2.18 0.31 0.56 1.85 2.21 2.18 1.99
0.95 0.13 0.24 0.48 -3.64 0.37 2.19 0.30 0.57 1.88 2.19 2.19 2.06
0.95 0.12 0.25 -1.01 -1.77 0.20 2.18 0.28 0.56 1.80 2.23 2.18 2.02
0.93 0.13 0.25 -3.14 0.50 -0.02 2.14 0.29 0.59 1.83 2.16 2.19 2.01
0.96 0.14 0.24 -3.11 3.61 -0.32 2.21 0.31 0.56 1.85 2.12 2.18 2.06
0.99 0.11 0.22 -2.72 3.41 -0.67 2.27 0.28 0.52 1.90 2.18 2.16 2.10
0.99 0.12 0.23 -2.82 2.04 -1.20 2.27 0.26 0.52 1.91 2.09 2.28 2.00
0.99 0.12 0.22 -3.42 0.07 -1.66 2.26 0.28 0.52 1.84 2.22 2.17 2.06
0.97 0.13 0.23 -3.74 -1.94 -2.70 2.23 0.29 0.53 1.87 2.11 2.29 2.00
0.95 0.11 0.23 -3.57 -2.53 -3.33 2.17 0.26 0.54 1.86 2.12 2.20 2.08
0.93 0.10 0.23 -2.86 -0.99 -2.74 2.14 0.23 0.53 1.79 2.23 2.16 2.04
0.93 0.10 0.22 -3.21 0.95 -1.93 2.13 0.23 0.52 1.87 2.19 2.25 2.06