-0.06 0.09 1.00 -1.00 8.00 -1.33 -0.14 0.21 2.30 1.65 1.48 1.55 1.48
-0.09 0.07 1.00 0.68 9.90 -0.74 -0.20 0.16 2.28 1.64 1.53 1.53 1.51
-0.10 0.07 1.00 -0.76 6.87 0.64 -0.22 0.19 2.31 1.60 1.52 1.53 1.51
-0.10 0.10 1.02 -0.81 5.41 0.59 -0.22 0.23 2.35 1.61 1.49 1.54 1.48
-0.09 0.09 1.05 -1.50 7.31 0.71 -0.22 0.21 2.40 1.61 1.54 1.48 1.53
-0.10 0.10 1.06 -1.03 9.19 1.08 -0.23 0.22 2.44 1.62 1.53 1.49 1.52
-0.09 0.08 1.10 0.51 17.71 0.79 -0.20 0.18 2.53 1.64 1.52 1.50 1.50
-0.08 0.08 1.11 0.37 29.56 2.11 -0.19 0.19 2.56 1.58 1.56 1.50 1.52
-0.06 0.08 1.13 -2.37 45.23 1.31 -0.14 0.19 2.61 1.61 1.54 1.56 1.52
-0.03 0.11 1.13 -8.19 59.08 -1.40 -0.07 0.26 2.59 1.61 1.51 1.53 1.50
-0.02 0.13 1.11 -16.73 64.46 -3.71 -0.04 0.29 2.55 1.66 1.49 1.53 1.53
-0.01 0.11 1.12 -24.59 70.70 -9.35 -0.01 0.25 2.56 1.59 1.53 1.58 1.53
0.03 0.11 1.11 -30.84 74.05 -10.25 0.08 0.22 2.54 1.64 1.50 1.52 1.52
0.04 0.11 1.11 -35.28 76.16 -8.57 0.10 0.27 2.56 1.58 1.57 1.53 1.50
0.07 0.13 1.17 -38.25 82.73 -6.93 0.17 0.29 2.68 1.61 1.58 1.53 1.53
0.10 0.20 1.19 -46.05 81.59 -5.75 0.22 0.47 2.73 1.61 1.55 1.59 1.53
0.12 0.20 1.22 -51.94 80.20 -12.96 0.28 0.45 2.80 1.61 1.52 1.63 1.49
0.14 0.21 1.20 -64.46 73.75 -17.03 0.32 0.48 2.72 1.63 1.56 1.59 1.53
0.08 0.21 1.05 -64.05 62.76 -24.23 0.17 0.46 2.39 1.63 1.57 1.69 1.54
0.17 0.15 1.17 -61.86 55.73 -29.56 0.40 0.34 2.69 1.67 1.59 1.72 1.54
0.19 0.23 1.08 -75.08 51.43 -31.01 0.40 0.53 2.49 1.62 1.60 1.72 1.56
0.16 0.31 1.12 -81.58 45.25 -37.24 0.36 0.70 2.56 1.63 1.65 1.78 1.53
0.15 0.39 1.04 -70.44 72.39 -47.15 0.32 0.91 2.37 1.70 1.56 1.83 1.55
0.10 0.33 0.90 -32.90 121.10 -65.91 0.22 0.73 2.04 1.65 1.69 1.83 1.54
0.20 0.32 0.94 -10.55 182.54 -57.11 0.45 0.74 2.17 1.71 1.68 1.83 1.65
0.20 0.16 1.05 -26.55 192.03 -68.15 0.37 0.37 2.46 1.70 1.81 1.94 1.73
0.18 -0.06 0.76 -20.18 193.59 -67.85 0.41 -0.13 1.74 1.72 1.79 1.99 1.74
0.50 -0.09 1.02 -44.94 178.06 -51.53 1.17 -0.13 2.38 1.66 1.85 2.02 1.77
0.46 0.23 0.82 -54.43 147.48 -35.59 1.05 0.52 1.88 1.64 1.95 2.08 1.81
0.50 0.33 0.81 -45.32 111.25 -34.33 1.16 0.75 1.87 1.73 2.01 2.03 1.80
0.50 0.55 0.81 -24.40 78.50 -32.21 1.16 1.28 1.84 1.74 1.98 2.04 1.84
0.47 0.51 0.79 25.86 56.68 -33.03 1.07 1.18 1.81 1.73 2.06 2.14 1.84
0.42 0.21 0.72 73.47 33.92 -30.79 1.02 0.39 1.66 1.67 2.11 2.13 1.88
0.44 -0.05 0.87 66.61 23.40 -8.46 1.02 -0.12 2.00 1.74 2.02 2.22 1.87
0.45 -0.04 0.95 38.72 23.96 11.09 1.03 -0.09 2.17 1.69 2.09 2.20 1.94
0.44 0.12 0.94 3.42 35.80 17.86 1.01 0.31 2.20 1.72 2.06 2.25 1.91
0.59 0.32 1.10 -20.06 49.12 20.44 1.35 0.75 2.52 1.69 2.20 2.17 2.01
0.36 0.55 1.07 -27.51 60.33 12.65 0.85 1.22 2.42 1.70 2.12 2.23 2.02
0.36 0.56 1.05 -4.40 79.69 -11.46 0.84 1.30 2.42 1.79 2.11 2.27 2.04
0.33 0.45 1.08 23.76 89.40 -20.49 0.73 0.94 2.40 1.80 2.10 2.28 2.04
0.33 -0.01 0.94 46.05 84.32 -15.99 0.95 -0.04 2.21 1.73 2.17 2.28 2.09
0.52 -0.09 0.98 14.25 86.14 5.41 1.19 -0.21 2.26 1.80 2.20 2.27 2.03
0.56 0.13 0.96 -15.94 79.30 11.64 1.27 0.32 2.21 1.79 2.24 2.20 2.09
0.55 0.34 0.93 -25.66 83.67 -1.36 1.26 0.78 2.13 1.81 2.25 2.23 2.10
0.50 0.45 1.06 -9.67 92.60 -2.36 1.32 1.07 2.49 1.83 2.24 2.30 2.07
0.37 0.40 1.07 30.06 95.52 -1.09 0.97 0.99 2.45 1.78 2.22 2.23 2.10
0.41 0.37 1.07 57.58 97.37 -14.27 0.95 0.86 2.47 1.83 2.15 2.32 2.07
0.42 0.17 0.99 77.84 101.39 -16.60 1.05 0.34 2.29 1.86 2.18 2.24 2.08
0.62 -0.11 0.78 47.48 109.09 1.74 1.42 -0.24 1.78 1.85 2.17 2.26 2.13
0.73 -0.06 0.78 17.72 111.22 14.45 1.66 -0.15 1.75 1.84 2.28 2.26 2.06
0.69 0.15 0.76 -14.85 108.65 11.32 1.55 0.44 1.72 1.83 2.23 2.23 2.15
0.63 0.31 0.78 -12.14 114.62 5.64 1.46 0.71 1.79 1.81 2.18 2.26 2.09
0.59 0.36 0.91 9.18 117.60 1.50 1.24 0.83 2.06 1.85 2.23 2.31 2.07
0.46 0.33 0.87 33.22 126.25 -2.54 1.06 0.75 2.00 1.86 2.24 2.32 2.10
0.47 0.22 0.83 55.02 140.54 -6.13 1.23 0.49 1.88 1.91 2.24 2.30 2.13
0.60 0.05 0.69 56.38 148.15 -5.66 1.37 0.12 1.57 1.94 2.16 2.29 2.13
0.77 -0.04 0.51 37.84 144.93 2.38 1.77 -0.08 1.18 1.92 2.14 2.33 2.09
0.84 -0.01 0.44 2.92 128.95 5.91 1.95 -0.00 1.00 1.93 2.23 2.27 2.08
0.72 0.19 0.53 -14.22 114.88 6.16 1.65 0.45 1.21 1.97 2.16 2.27 2.16
0.63 0.27 0.57 -5.23 116.94 3.63 1.48 0.68 1.36 1.91 2.19 2.32 2.07
0.62 0.28 0.65 17.85 120.49 5.30 1.38 0.66 1.50 1.93 2.24 2.28 2.14
0.52 0.19 0.60 26.85 126.60 9.14 1.19 0.44 1.39 1.99 2.13 2.27 2.13
0.66 0.11 0.49 32.40 141.72 9.10 1.58 0.19 1.15 1.96 2.14 2.31 2.08
0.73 0.07 0.41 20.41 142.72 9.85 1.67 0.17 0.95 1.95 2.23 2.23 2.12
0.79 0.13 0.34 13.66 140.78 7.11 1.83 0.28 0.75 1.97 2.17 2.21 2.07
0.86 0.15 0.28 10.78 131.89 6.26 1.98 0.36 0.65 1.96 2.15 2.30 2.07
0.82 0.18 0.28 11.73 120.58 0.03 1.89 0.42 0.64 1.92 2.28 2.19 2.16
0.79 0.19 0.29 15.52 117.78 -0.54 1.78 0.41 0.67 1.94 2.22 2.27 2.07
0.79 0.14 0.28 20.18 119.86 -0.25 1.81 0.32 0.64 1.94 2.26 2.21 2.10
0.77 0.15 0.24 14.25 117.59 -4.23 1.79 0.33 0.54 2.05 2.16 2.22 2.14
0.76 0.15 0.23 14.60 115.83 -4.80 1.76 0.39 0.51 2.03 2.15 2.22 2.10
0.85 0.17 0.14 15.95 121.14 -1.33 1.96 0.39 0.32 1.95 2.26 2.24 2.06
0.99 0.10 0.02 12.90 112.08 0.89 2.29 0.22 0.02 2.05 2.16 2.26 2.08
1.02 0.12 -0.03 8.94 87.20 2.58 2.34 0.28 -0.07 1.96 2.18 2.24 2.10
0.95 0.15 -0.04 5.81 68.50 3.39 2.19 0.38 -0.09 2.04 2.15 2.31 2.06
0.86 0.20 0.02 1.92 56.53 2.49 1.95 0.45 0.06 2.06 2.18 2.24 2.11
0.81 0.23 0.04 4.36 55.58 2.44 1.85 0.52 0.09 2.01 2.18 2.28 2.06
0.84 0.18 0.03 5.48 59.01 -0.79 1.92 0.39 0.05 2.02 2.18 2.29 2.06
0.85 0.13 0.01 3.30 58.74 1.54 1.94 0.30 0.02 1.98 2.17 2.27 2.11
0.93 0.11 -0.03 0.25 57.01 6.75 2.13 0.24 -0.07 2.06 2.16 2.21 2.14
0.96 0.14 -0.06 -2.36 43.04 13.36 2.18 0.33 -0.15 2.04 2.20 2.28 2.12
0.94 0.16 -0.07 -2.00 34.78 15.78 2.16 0.37 -0.16 2.04 2.12 2.29 2.08
0.95 0.16 -0.05 -3.70 27.30 15.14 2.16 0.37 -0.12 2.02 2.23 2.19 2.12
0.86 0.17 0.00 -5.04 20.77 11.04 1.96 0.39 0.00 2.04 2.19 2.21 2.05
0.84 0.19 0.04 -6.94 25.10 9.91 1.93 0.44 0.09 1.97 2.21 2.25 2.06
0.86 0.21 0.04 -6.92 29.77 12.69 1.99 0.49 0.08 2.02 2.15 2.29 2.05
0.96 0.20 -0.01 -6.02 29.80 14.07 2.20 0.46 -0.03 2.05 2.15 2.18 2.05
0.99 0.19 -0.03 -6.47 19.72 14.41 2.26 0.44 -0.07 2.03 2.14 2.28 2.05
0.96 0.20 -0.03 -8.81 12.50 14.44 2.20 0.48 -0.06 2.02 2.15 2.31 2.06
0.99 0.22 -0.05 -10.42 7.50 12.25 2.26 0.52 -0.12 2.03 2.25 2.25 2.04
0.95 0.23 -0.03 -8.90 -0.63 9.23 2.15 0.52 -0.06 2.03 2.13 2.26 2.09
0.85 0.21 0.04 -9.38 -0.71 5.29 1.95 0.48 0.09 2.04 2.19 2.18 2.08
0.89 0.20 0.03 -8.01 5.49 5.27 2.05 0.46 0.06 1.98 2.15 2.29 2.05
0.96 0.18 -0.00 -7.62 4.82 5.34 2.18 0.39 -0.01 2.06 2.20 2.25 2.11
0.97 0.19 0.01 -8.54 -1.00 4.77 2.23 0.45 0.03 2.04 2.11 2.29 2.06
0.96 0.20 0.01 -5.07 -6.17 3.77 2.22 0.46 0.04 1.99 2.24 2.18 2.14
0.97 0.17 0.03 -3.88 -12.13 0.97 2.23 0.37 0.06 1.98 2.23 2.20 2.06
0.97 0.19 0.04 -5.39 -17.63 0.99 2.22 0.43 0.09 2.00 2.19 2.29 2.05
0.88 0.22 0.10 -5.92 -17.32 -0.17 2.00 0.50 0.24 2.01 2.16 2.22 2.10
0.92 0.20 0.10 -4.51 -9.49 0.80 2.10 0.45 0.24 2.08 2.12 2.30 2.05
0.95 0.19 0.10 -6.46 -9.14 2.49 2.18 0.43 0.22 1.98 2.16 2.26 2.09
0.97 0.22 0.09 -8.26 -9.88 3.39 2.25 0.50 0.19 2.04 2.12 2.29 2.06
0.98 0.23 0.08 -5.47 -14.07 3.54 2.26 0.53 0.19 2.02 2.24 2.17 2.14
0.93 0.21 0.12 -3.99 -15.46 3.11 2.14 0.47 0.27 1.97 2.14 2.25 2.10