0.06 0.01 1.04 -7.53 3.26 1.96 0.12 0.01 2.39 1.62 1.52 1.56 1.49
0.06 -0.01 1.03 0.68 10.23 1.05 0.13 -0.01 2.36 1.61 1.52 1.52 1.50
0.07 -0.01 0.97 5.81 15.03 -1.16 0.17 -0.03 2.21 1.59 1.57 1.53 1.52
0.09 -0.01 0.90 4.38 12.91 -0.65 0.21 -0.02 2.07 1.60 1.53 1.54 1.52
0.12 0.03 0.92 -4.03 8.06 2.95 0.28 0.07 2.11 1.64 1.55 1.55 1.56
0.10 0.09 0.93 -16.97 2.65 6.31 0.23 0.21 2.16 1.65 1.57 1.51 1.50
0.08 0.11 0.97 -20.78 2.35 5.78 0.18 0.24 2.24 1.69 1.50 1.53 1.54
0.04 0.08 1.00 -14.16 7.62 4.97 0.09 0.16 2.30 1.66 1.56 1.57 1.55
0.03 0.02 1.06 -1.15 8.32 0.39 0.08 0.04 2.42 1.68 1.52 1.51 1.58
0.03 0.01 1.04 10.53 7.43 0.52 0.07 0.02 2.39 1.69 1.48 1.58 1.52
0.06 0.04 1.05 14.50 7.92 0.77 0.13 0.10 2.39 1.66 1.51 1.52 1.53
0.09 0.05 1.02 9.15 9.42 0.80 0.20 0.12 2.33 1.62 1.58 1.53 1.52
0.12 0.08 1.03 -1.43 7.88 0.72 0.27 0.18 2.36 1.61 1.58 1.51 1.56
0.12 0.07 1.05 -7.22 7.07 0.70 0.28 0.17 2.39 1.63 1.57 1.50 1.57
0.10 0.06 1.06 -6.87 5.84 1.28 0.25 0.14 2.43 1.62 1.55 1.57 1.51
0.10 0.05 1.07 1.80 5.43 -1.96 0.22 0.11 2.46 1.61 1.50 1.55 1.55
0.09 0.00 1.09 13.59 8.35 -5.07 0.20 -0.00 2.51 1.64 1.58 1.53 1.51
0.13 0.00 1.16 10.23 17.14 -5.64 0.29 0.01 2.66 1.65 1.54 1.55 1.53
0.15 0.04 1.17 -2.83 31.75 -5.23 0.34 0.08 2.68 1.60 1.55 1.57 1.50
0.17 0.06 1.21 -17.78 47.31 -5.88 0.39 0.13 2.78 1.64 1.56 1.54 1.55
0.20 0.08 1.21 -38.76 58.35 -1.40 0.46 0.19 2.77 1.64 1.58 1.56 1.50
0.18 0.08 1.23 -52.67 64.88 -2.86 0.41 0.18 2.82 1.67 1.57 1.59 1.55
0.18 0.06 1.26 -60.59 71.06 -5.57 0.41 0.15 2.89 1.66 1.57 1.60 1.56
0.23 0.07 1.29 -70.13 73.41 -9.51 0.53 0.17 2.96 1.67 1.53 1.59 1.51
0.22 0.13 1.33 -80.07 79.56 -9.75 0.50 0.30 3.00 1.66 1.56 1.58 1.54
0.27 0.26 1.20 -93.52 90.23 -12.20 0.61 0.59 2.76 1.63 1.59 1.57 1.56
0.27 0.29 1.26 -96.95 99.31 -26.39 0.57 0.66 2.88 1.66 1.60 1.59 1.58
0.32 0.32 1.23 -93.24 107.50 -37.56 0.73 0.74 2.82 1.65 1.54 1.64 1.56
0.30 0.31 1.20 -65.35 103.75 -49.77 0.70 0.70 2.74 1.66 1.56 1.71 1.50
0.34 0.27 1.12 -11.66 103.29 -60.55 0.75 0.62 2.59 1.67 1.55 1.69 1.55
0.24 0.21 1.10 31.75 96.78 -72.03 0.54 0.48 2.53 1.71 1.63 1.74 1.56
0.29 0.12 1.01 43.77 85.07 -74.34 0.63 0.29 2.31 1.68 1.64 1.83 1.53
0.24 0.10 1.01 61.41 92.07 -78.14 0.55 0.23 2.33 1.75 1.62 1.89 1.57
0.31 0.15 1.10 62.85 110.58 -72.11 0.69 0.37 2.56 1.72 1.75 1.84 1.62
0.22 0.23 1.22 55.98 129.20 -65.11 0.50 0.51 2.77 1.72 1.81 1.95 1.71
0.31 -0.02 1.03 61.41 151.21 -65.21 0.71 -0.04 2.37 1.66 1.84 2.03 1.68
0.31 -0.06 1.20 42.82 167.89 -45.35 0.76 -0.15 2.73 1.72 1.92 1.99 1.77
0.44 -0.09 1.06 25.80 187.19 -30.99 1.01 -0.21 2.43 1.71 2.00 2.06 1.76
0.47 -0.02 0.90 15.84 192.16 -23.97 1.21 -0.07 2.06 1.73 2.04 2.08 1.82
0.60 0.00 0.86 10.32 180.43 -20.68 1.39 0.01 1.98 1.74 2.06 2.11 1.90
0.62 0.14 0.89 23.08 166.44 -15.72 1.42 0.33 2.04 1.65 2.08 2.19 1.91
0.50 0.11 0.86 56.41 155.70 -16.71 1.12 0.24 2.05 1.66 2.20 2.18 1.92
0.49 0.05 0.91 82.84 151.51 -18.24 1.12 0.11 2.10 1.63 2.17 2.22 1.96
0.47 -0.17 0.85 88.28 150.54 -13.55 1.11 -0.32 2.02 1.66 2.14 2.20 2.00
0.59 -0.24 0.85 62.87 158.29 -7.87 1.37 -0.55 1.96 1.65 2.13 2.21 2.00
0.62 -0.09 0.77 45.90 171.05 4.23 1.42 -0.21 1.59 1.68 2.16 2.36 2.00
0.62 0.03 0.77 39.82 184.21 11.38 1.46 0.09 1.79 1.72 2.15 2.32 2.09
0.59 0.11 0.76 49.99 189.09 14.51 1.36 0.26 1.74 1.63 2.19 2.25 2.04
0.64 0.06 0.64 72.80 189.19 13.70 1.37 0.18 1.57 1.62 2.27 2.30 2.06
0.73 0.00 0.63 75.41 180.08 21.32 1.69 0.01 1.45 1.63 2.31 2.26 2.11
0.71 -0.08 0.65 86.23 164.68 31.05 1.59 -0.19 1.37 1.71 2.20 2.30 2.11
0.80 -0.18 0.55 80.54 146.67 45.17 1.86 -0.42 1.29 1.66 2.30 2.25 2.15
0.73 -0.03 0.56 80.85 126.93 46.81 1.67 -0.06 1.29 1.73 2.19 2.37 2.09
0.53 -0.02 0.59 93.88 112.54 53.03 1.39 0.02 1.28 1.74 2.23 2.25 2.12
0.56 0.04 0.50 99.37 128.77 58.52 1.29 0.09 1.16 1.76 2.19 2.33 2.08
0.72 -0.09 0.43 105.99 130.30 61.09 1.58 -0.13 1.04 1.76 2.26 2.28 2.08
0.73 -0.08 0.28 77.79 121.57 72.23 1.68 -0.19 0.64 1.73 2.24 2.32 2.13
0.83 -0.04 0.18 49.04 123.03 74.33 1.90 0.02 0.43 1.76 2.32 2.24 2.17
0.90 -0.03 0.17 33.67 111.61 77.07 2.04 -0.07 0.41 1.81 2.30 2.25 2.11
0.92 -0.03 0.13 21.40 102.38 67.44 2.10 -0.07 0.29 1.88 2.19 2.27 2.13
0.83 0.06 0.20 12.59 98.37 59.12 1.78 0.13 0.44 1.82 2.22 2.32 2.17
0.79 0.05 0.15 10.10 100.60 50.65 1.82 0.12 0.35 1.90 2.21 2.26 2.12
0.87 0.01 0.15 4.84 104.97 45.30 1.96 -0.04 0.36 1.85 2.24 2.23 2.13
0.97 0.02 0.05 -1.72 95.09 35.30 2.20 0.06 0.12 1.92 2.20 2.24 2.07
1.00 0.06 0.02 -6.38 79.05 26.71 2.30 0.13 0.05 1.95 2.19 2.33 2.07
0.88 0.08 0.07 -13.40 66.41 19.78 1.98 0.23 0.15 1.95 2.17 2.34 2.05
0.85 0.18 0.09 -12.35 66.23 14.98 1.96 0.42 0.20 1.91 2.24 2.29 2.09
0.83 0.15 0.10 -1.02 67.95 15.60 1.91 0.31 0.25 1.97 2.19 2.35 2.07
0.82 0.06 0.10 4.03 71.60 17.37 1.93 0.12 0.22 1.99 2.18 2.28 2.09
0.85 0.05 0.09 -3.67 74.81 17.16 1.95 0.11 0.20 1.91 2.18 2.24 2.08
0.86 0.06 0.04 -9.27 74.67 16.95 1.97 0.16 0.08 1.98 2.18 2.27 2.11
0.95 0.08 -0.02 -14.11 72.63 16.79 2.18 0.18 -0.05 1.97 2.24 2.27 2.10
1.06 0.13 -0.09 -16.49 56.53 15.23 2.37 0.33 -0.21 1.91 2.29 2.21 2.15
0.99 0.15 -0.06 -9.46 34.48 11.83 2.27 0.34 -0.14 1.99 2.16 2.28 2.09
0.91 0.11 -0.02 -6.42 25.26 7.63 2.08 0.26 -0.05 1.94 2.30 2.21 2.12
0.77 0.09 0.03 -4.80 24.10 8.90 1.76 0.21 0.09 2.02 2.17 2.30 2.09
0.77 0.05 0.04 -2.98 34.97 12.87 1.78 0.10 0.10 1.98 2.25 2.29 2.11
0.89 0.08 0.00 -3.63 41.75 17.32 2.00 0.15 -0.07 1.95 2.24 2.24 2.13
0.93 0.08 -0.08 -4.23 36.05 19.32 2.17 0.16 -0.17 2.03 2.17 2.29 2.08
1.02 0.13 -0.11 -6.05 25.23 15.00 2.35 0.29 -0.24 1.96 2.24 2.24 2.11
0.99 0.14 -0.09 -4.11 11.90 9.98 2.24 0.35 -0.19 2.02 2.19 2.21 2.10
0.99 0.09 -0.08 -2.05 2.39 6.69 2.27 0.21 -0.19 1.93 2.21 2.30 2.04
0.88 0.12 -0.01 -6.24 -6.35 2.02 2.02 0.28 -0.03 1.97 2.24 2.29 2.10
0.79 0.15 0.06 -2.46 1.65 5.10 1.80 0.34 0.15 1.93 2.24 2.29 2.07
0.88 0.10 0.03 -0.44 12.71 7.08 2.01 0.24 0.07 1.91 2.28 2.21 2.14
0.93 0.12 0.00 -3.19 16.73 8.15 2.17 0.23 0.07 1.99 2.21 2.23 2.12
1.06 0.11 -0.06 -6.60 11.38 8.71 2.46 0.28 -0.15 2.02 2.18 2.26 2.11
1.10 0.09 -0.09 -7.22 -5.22 6.74 2.53 0.21 -0.22 1.99 2.18 2.21 2.05