0.41 -0.22 -0.60 -26.99 -229.50 -286.72 0.89 -0.76 -1.38 1.97 2.18 2.30 2.12
0.07 -1.01 -0.67 254.98 -286.72 -286.72 0.03 -2.22 -1.56 1.93 2.01 2.17 1.89
0.04 -1.22 -1.00 286.68 -286.72 -164.76 0.47 -3.05 -2.17 1.86 1.82 1.95 1.69
0.15 -1.20 -1.44 286.68 -286.72 -10.89 0.22 -2.90 -3.21 1.79 1.68 1.76 1.59
0.21 -1.39 0.02 286.68 -286.72 112.77 0.77 -3.14 0.21 1.70 1.62 1.58 1.59
0.18 -0.92 0.68 136.05 -286.72 113.25 0.70 -1.86 1.91 1.64 1.61 1.56 1.60
0.60 -0.45 0.87 38.39 34.97 68.48 1.38 -1.06 1.98 1.64 1.60 1.57 1.61
0.90 -0.23 0.48 -2.95 19.09 19.41 2.09 -0.50 1.08 1.64 1.60 1.57 1.60
1.05 -0.32 0.16 18.45 13.71 -0.52 2.39 -0.78 0.38 1.65 1.60 1.59 1.61
0.99 -0.49 0.15 -12.52 4.65 -12.18 2.26 -1.10 0.34 1.65 1.60 1.59 1.61
0.92 -0.35 0.19 -13.15 -8.54 -4.22 2.10 -0.79 0.45 1.66 1.61 1.59 1.61
0.88 -0.34 0.24 -10.06 0.67 2.37 2.02 -0.76 0.54 1.66 1.60 1.59 1.62
0.89 -0.29 0.26 -2.67 -6.38 4.28 2.05 -0.68 0.60 1.67 1.60 1.60 1.62
0.90 -0.30 0.25 -8.27 8.02 -0.52 2.07 -0.69 0.58 1.67 1.61 1.61 1.61
0.95 -0.33 0.25 3.54 7.47 3.56 2.18 -0.77 0.59 1.67 1.61 1.61 1.61
0.93 -0.33 0.23 -10.33 1.06 -2.21 2.15 -0.75 0.52 1.68 1.61 1.62 1.62
0.93 -0.31 0.24 3.44 0.17 2.32 2.13 -0.73 0.56 1.68 1.61 1.61 1.61
0.91 -0.29 0.23 -9.82 -2.59 -4.28 2.09 -0.65 0.53 1.67 1.61 1.62 1.62
0.90 -0.32 0.26 -1.63 4.27 -2.13 2.05 -0.72 0.59 1.68 1.61 1.62 1.62
0.91 -0.34 0.23 1.53 0.75 -0.40 2.09 -0.78 0.51 1.68 1.61 1.62 1.62
time out!
Length of Data: 20
Motion Detected
0.60 -0.19 -1.15 -98.59 -120.88 -170.44 1.35 -0.50 -2.55 2.08 2.27 2.37 2.20
0.53 -0.41 -0.43 -2.08 -250.02 -249.43 1.20 -0.88 -0.93 2.00 2.24 2.34 2.18
0.52 -1.44 -0.33 200.46 -286.72 -286.72 1.10 -3.38 -0.78 1.94 2.08 2.30 2.13
0.17 -1.19 -0.08 286.68 -286.72 -64.82 0.64 -2.94 -0.34 1.85 1.96 2.18 1.98
0.28 -1.12 -0.62 286.68 -286.72 101.34 0.26 -2.80 -1.44 1.73 1.75 1.98 1.74
0.39 -1.26 0.07 286.68 -286.72 169.01 1.03 -3.05 0.29 1.64 1.59 1.65 1.58
0.28 -1.03 0.64 178.50 -286.72 216.74 0.55 -2.35 1.54 1.61 1.59 1.55 1.58
0.50 -0.60 0.82 47.63 -22.95 116.06 1.17 -1.32 1.81 1.60 1.59 1.56 1.59
0.73 -0.38 0.60 52.70 -3.59 115.47 1.71 -0.81 1.35 1.60 1.59 1.56 1.60
0.92 -0.22 0.35 8.31 28.81 40.10 2.11 -0.48 0.82 1.60 1.60 1.58 1.60
0.95 -0.12 0.31 -6.45 16.76 -11.40 2.20 -0.29 0.71 1.60 1.60 1.58 1.60
0.92 -0.42 0.33 8.53 -5.13 -16.00 2.10 -0.99 0.76 1.60 1.60 1.59 1.61
0.89 -0.44 0.36 -9.33 -0.11 -16.54 2.03 -1.00 0.83 1.60 1.60 1.59 1.61
0.84 -0.43 0.35 -10.26 -3.11 -5.90 1.94 -0.97 0.81 1.60 1.60 1.60 1.61
0.86 -0.33 0.36 1.62 0.23 1.65 1.97 -0.75 0.83 1.60 1.60 1.60 1.61
0.83 -0.39 0.39 -17.21 -11.44 -14.38 1.92 -0.88 0.89 1.60 1.61 1.61 1.62
0.84 -0.39 0.38 13.73 6.68 7.76 1.93 -0.92 0.87 1.60 1.61 1.61 1.61
0.85 -0.36 0.38 -14.91 -1.39 -9.65 1.95 -0.81 0.87 1.60 1.60 1.60 1.61
0.86 -0.37 0.38 -0.42 4.66 2.23 2.01 -0.84 0.88 1.60 1.61 1.61 1.61
0.84 -0.38 0.36 -1.29 3.72 -1.90 1.94 -0.88 0.81 1.60 1.61 1.61 1.61
time out!
Length of Data: 20
Motion Detected
0.85 -0.11 -0.99 -21.95 -181.55 -263.87 1.67 -0.33 -1.71 1.97 2.17 2.29 2.09
0.65 -0.54 -0.47 125.92 -286.72 -286.72 1.46 -1.48 -0.83 1.93 1.99 2.14 1.89
0.06 -1.32 -0.28 286.68 -286.72 -246.75 0.15 -2.91 -0.65 1.83 1.80 1.95 1.69
0.17 -1.65 -0.82 286.68 -286.72 32.21 0.17 -4.14 -1.86 1.72 1.68 1.74 1.59
0.21 -1.24 -0.41 286.68 -286.72 185.22 0.51 -2.67 -0.81 1.65 1.63 1.59 1.59
0.40 -1.13 0.33 258.76 -286.72 176.76 0.95 -2.55 0.84 1.62 1.62 1.58 1.59
0.69 -0.62 0.68 121.39 -158.69 147.09 1.68 -1.35 1.55 1.63 1.60 1.57 1.60
0.60 -0.52 0.76 24.71 -80.11 54.06 1.40 -1.16 1.76 1.62 1.60 1.57 1.60
0.83 -0.22 0.56 15.05 -7.95 16.10 1.90 -0.53 1.27 1.62 1.60 1.58 1.60
0.82 -0.41 0.47 -18.17 3.00 -33.09 1.89 -0.96 1.06 1.62 1.60 1.58 1.60
0.90 -0.47 0.32 5.99 3.82 -5.01 2.05 -1.06 0.73 1.62 1.60 1.58 1.61
0.88 -0.42 0.27 -18.12 -0.46 -14.87 2.02 -0.96 0.63 1.61 1.60 1.59 1.61
0.83 -0.42 0.35 -8.46 4.55 -1.39 1.89 -0.97 0.81 1.62 1.61 1.59 1.61
0.84 -0.36 0.40 -13.87 8.82 -2.54 1.94 -0.81 0.89 1.62 1.61 1.60 1.61
0.87 -0.37 0.31 -8.07 5.86 2.00 2.01 -0.85 0.72 1.62 1.61 1.60 1.61
0.89 -0.34 0.31 -0.58 7.05 3.74 2.07 -0.76 0.72 1.62 1.60 1.60 1.61
0.86 -0.36 0.36 -5.20 -3.88 -2.53 1.97 -0.84 0.85 1.62 1.61 1.60 1.60
0.84 -0.38 0.36 -5.43 5.54 -7.03 1.92 -0.88 0.83 1.62 1.61 1.60 1.61
0.87 -0.40 0.35 1.68 4.75 -2.53 1.99 -0.94 0.80 1.63 1.60 1.61 1.61
0.88 -0.41 0.35 -3.94 3.12 -3.00 2.03 -0.93 0.82 1.63 1.61 1.61 1.62