-0.57 -0.39 1.31 -6.78 -72.90 -4.87 -1.18 -0.88 2.93 1.89 1.67 1.55 1.60
0.21 -0.96 0.35 0.39 10.81 -0.90 0.49 -2.18 0.81 1.91 1.66 1.50 1.56
0.18 -0.93 0.43 5.60 2.74 2.51 0.41 -2.15 0.99 1.89 1.66 1.57 1.61
time out!
Length of Data: 3
Motion Detected
-0.59 -0.91 1.38 -1.36 -191.99 49.24 -1.33 -2.08 3.03 1.92 1.64 1.51 1.64
0.26 -0.93 0.33 0.68 19.64 -0.58 0.59 -2.17 0.78 1.94 1.73 1.54 1.55
0.27 -0.95 0.33 -13.49 -0.25 -11.52 0.62 -2.18 0.76 1.94 1.68 1.59 1.56
time out!
Length of Data: 3
Motion Detected
-0.50 -1.02 0.58 173.90 -286.72 153.82 -1.16 -2.55 1.51 1.93 1.72 1.51 1.56
0.24 -0.83 0.35 -24.45 -0.98 -8.10 0.55 -1.88 0.81 1.95 1.66 1.58 1.61
0.23 -0.93 0.35 -12.45 5.97 -3.02 0.53 -2.11 0.78 1.90 1.69 1.60 1.55