0.99 0.01 -0.93 43.65 -59.01 -13.65 2.21 -0.01 -2.16 1.99 2.16 2.24 2.08
1.42 -0.50 -0.07 -91.13 -166.98 -7.09 3.30 -1.22 -0.14 1.92 1.95 2.06 1.84
1.20 0.03 1.15 -196.74 -189.74 -10.42 2.61 0.07 2.87 1.78 1.68 1.72 1.60
0.24 0.31 1.32 -98.43 -133.15 -51.76 0.53 0.64 3.09 1.68 1.63 1.57 1.58
-0.17 0.08 1.44 -126.11 -63.73 -73.25 -0.52 0.24 3.37 1.65 1.65 1.55 1.59
0.11 -0.08 1.36 -46.01 24.35 6.41 0.18 -0.17 3.04 1.63 1.67 1.56 1.60
0.47 0.05 0.48 -24.10 59.11 30.45 1.24 0.20 1.33 1.63 1.66 1.57 1.60
0.70 0.12 0.48 10.72 3.78 18.12 1.59 0.32 1.12 1.63 1.67 1.58 1.60
0.74 0.03 0.62 11.87 -28.41 -8.02 1.62 0.03 1.38 1.64 1.67 1.59 1.61
0.83 0.01 0.68 -11.76 -11.85 3.06 1.96 0.04 1.59 1.64 1.67 1.59 1.61
0.77 0.04 0.78 -17.04 6.74 7.08 1.80 0.07 1.78 1.63 1.68 1.59 1.61
0.78 -0.03 0.70 4.08 -5.03 -2.20 1.79 -0.09 1.59 1.65 1.68 1.59 1.62
0.79 -0.00 0.63 -3.48 -3.75 3.24 1.82 0.02 1.47 1.65 1.68 1.60 1.62
0.69 0.00 0.66 -1.41 -1.48 0.90 1.62 -0.00 1.48 1.63 1.69 1.61 1.62
0.74 -0.00 0.72 -9.17 -0.03 -0.11 1.70 -0.00 1.63 1.65 1.69 1.60 1.61
0.74 0.01 0.67 0.41 7.29 -4.38 1.69 0.01 1.51 1.65 1.69 1.61 1.62
0.74 0.01 0.64 -3.12 2.13 3.06 1.70 0.02 1.47 1.65 1.69 1.62 1.62
0.74 0.03 0.68 -3.33 -0.88 2.36 1.69 0.08 1.57 1.64 1.69 1.62 1.62
0.75 0.02 0.66 0.42 -0.46 -3.23 1.73 0.04 1.53 1.65 1.69 1.61 1.62
0.74 0.01 0.66 -2.27 0.79 -2.63 1.69 0.04 1.50 1.65 1.69 1.62 1.62
time out!
Length of Data: 20
Motion Detected
1.33 -0.18 -0.98 -55.04 -149.16 20.80 3.03 -0.55 -2.19 1.94 2.05 2.16 1.99
1.56 0.20 0.09 -206.89 -175.99 31.60 3.40 0.42 0.28 1.84 1.81 1.94 1.72
0.45 0.23 1.06 -141.87 -198.49 -45.60 1.06 0.63 2.47 1.70 1.63 1.63 1.58
-0.38 0.49 1.35 -100.42 -179.79 -36.97 -0.91 1.04 3.18 1.65 1.62 1.55 1.58
-0.03 0.06 1.57 -64.68 -68.21 -46.33 0.07 0.08 3.63 1.63 1.65 1.55 1.59
0.30 -0.03 1.13 -11.80 17.45 6.31 0.73 -0.03 2.50 1.64 1.66 1.57 1.60
0.54 0.09 0.64 10.61 16.72 24.84 1.22 0.22 1.41 1.65 1.66 1.57 1.60
0.79 0.17 0.60 2.50 17.44 16.21 1.86 0.34 1.39 1.65 1.67 1.58 1.61
0.72 0.05 0.66 16.96 -17.36 -7.02 1.66 0.14 1.57 1.65 1.66 1.59 1.61
0.69 -0.03 0.78 -9.61 0.76 -9.90 1.65 -0.15 1.73 1.65 1.67 1.60 1.61
0.68 0.06 0.79 -13.50 14.14 2.61 1.62 0.12 1.77 1.65 1.68 1.60 1.61
0.67 0.00 0.73 0.55 -2.90 -1.07 1.53 0.02 1.69 1.66 1.67 1.60 1.61
0.70 0.03 0.77 2.21 -1.74 2.37 1.60 0.05 1.72 1.65 1.68 1.61 1.62
0.72 0.03 0.69 6.08 -0.92 -2.13 1.67 0.06 1.60 1.66 1.68 1.61 1.61
0.68 0.05 0.77 -3.38 0.71 -4.17 1.57 0.12 1.75 1.65 1.68 1.62 1.62
0.65 -0.03 0.71 0.58 -0.59 3.18 1.50 -0.07 1.64 1.65 1.68 1.61 1.62
0.72 0.06 0.76 -8.42 3.23 5.28 1.62 0.14 1.75 1.65 1.68 1.62 1.62
0.70 0.03 0.71 8.09 2.42 -2.81 1.62 0.07 1.64 1.66 1.68 1.62 1.62
0.68 -0.01 0.71 0.29 0.75 -2.50 1.55 -0.02 1.61 1.66 1.68 1.63 1.62
0.70 0.03 0.72 -4.34 -2.26 -0.52 1.60 0.08 1.63 1.66 1.68 1.62 1.62
time out!
Length of Data: 20
Motion Detected
-0.59 0.35 1.47 -107.45 -171.40 -130.69 -1.35 0.67 3.46 1.64 1.63 1.55 1.59
-0.05 -0.31 1.65 -19.02 -65.30 -64.36 -0.07 -0.71 3.78 1.63 1.65 1.56 1.59
0.43 0.23 0.71 -8.66 71.52 61.35 1.14 0.61 1.62 1.63 1.66 1.58 1.60
0.61 0.31 0.61 11.40 -2.70 1.84 1.36 0.68 1.46 1.63 1.66 1.58 1.61
0.59 0.02 0.69 7.80 -13.80 -10.57 1.36 0.03 1.58 1.63 1.67 1.59 1.61
0.61 0.00 0.82 -36.77 15.04 8.54 1.35 0.06 1.94 1.63 1.67 1.60 1.61
0.65 0.09 0.80 0.63 -0.81 5.00 1.47 0.19 1.81 1.64 1.67 1.60 1.61
0.69 0.05 0.78 6.73 -0.99 -11.05 1.60 0.09 1.78 1.64 1.67 1.61 1.62
0.56 -0.01 0.80 6.76 -13.10 -0.54 1.32 -0.02 1.84 1.63 1.67 1.61 1.61
0.66 0.05 0.85 -7.03 5.21 2.99 1.53 0.12 1.95 1.64 1.67 1.61 1.61
0.63 0.00 0.79 0.98 5.49 -2.12 1.47 0.01 1.82 1.64 1.68 1.61 1.62
0.62 0.07 0.74 -0.96 2.90 1.43 1.43 0.16 1.69 1.63 1.67 1.61 1.62
0.63 0.02 0.80 -5.26 -3.76 -0.19 1.43 0.06 1.84 1.64 1.68 1.62 1.62
0.63 0.06 0.77 -0.67 5.77 1.62 1.46 0.15 1.75 1.64 1.68 1.62 1.62
0.61 0.06 0.78 2.82 1.60 -3.97 1.42 0.12 1.79 1.65 1.68 1.63 1.63
0.62 0.06 0.76 -3.27 0.79 -0.93 1.43 0.14 1.73 1.64 1.68 1.62 1.61
0.64 0.04 0.76 2.25 -1.48 -5.84 1.47 0.07 1.75 1.64 1.68 1.62 1.63
0.63 0.02 0.80 -2.42 -0.77 1.23 1.44 0.06 1.83 1.64 1.68 1.63 1.62
0.63 0.04 0.78 -0.35 -2.88 -3.93 1.43 0.09 1.82 1.65 1.68 1.63 1.62
0.62 0.05 0.76 -3.10 0.28 1.89 1.42 0.13 1.75 1.65 1.69 1.63 1.62