-0.27 0.33 -0.51 162.38 -286.72 43.14 -0.80 0.89 -1.10 1.63 1.59 1.76 1.56
-1.78 -0.63 2.00 68.83 -78.43 -94.06 -4.11 -1.48 4.59 1.72 1.75 1.91 1.80
-0.05 0.85 2.00 150.92 164.39 -30.69 -0.30 2.04 4.59 1.88 1.84 2.09 1.87
0.78 -0.29 0.82 59.47 94.99 14.87 1.68 -0.44 1.99 2.00 1.89 2.08 1.85
0.90 -0.08 0.72 101.67 -30.80 35.24 1.80 -0.55 1.50 1.97 1.87 2.10 1.83
0.68 -0.07 0.95 26.10 38.71 4.84 1.61 -0.20 2.20 2.01 1.84 2.11 1.81
0.58 -0.07 0.96 6.65 4.00 3.46 1.35 -0.19 2.21 2.05 1.84 2.04 1.82
0.54 -0.07 0.85 2.43 8.89 6.41 1.25 -0.15 1.96 1.98 1.85 2.07 1.84
0.55 -0.10 0.74 0.34 16.18 5.07 1.26 -0.23 1.69 2.04 1.87 2.09 1.82
0.50 -0.12 0.73 -0.74 11.54 5.59 1.14 -0.28 1.68 1.98 1.86 2.02 1.81
0.57 -0.11 0.71 -3.70 8.84 3.36 1.31 -0.25 1.62 2.05 1.87 2.09 1.82
0.46 -0.13 0.85 2.05 -3.95 2.20 1.04 -0.30 1.95 1.98 1.86 2.09 1.81
0.62 -0.09 0.79 4.23 -2.28 1.28 1.42 -0.21 1.81 2.02 1.87 2.01 1.81
0.56 -0.11 0.90 6.12 -3.27 -1.94 1.29 -0.25 2.06 2.00 1.87 2.01 1.84
0.62 -0.11 0.87 1.88 -0.37 -3.31 1.43 -0.21 2.00 2.04 1.88 2.06 1.83
0.56 -0.12 0.92 1.36 5.95 -1.03 1.28 -0.24 2.11 2.03 1.84 2.02 1.79
0.59 -0.11 0.83 -0.85 3.02 0.26 1.34 -0.24 1.92 2.01 1.87 2.01 1.81
0.55 -0.11 0.80 -1.44 4.17 -0.11 1.26 -0.25 1.85 1.97 1.85 2.02 1.80
0.55 -0.10 0.77 -4.87 0.55 -0.51 1.25 -0.25 1.75 2.02 1.84 2.02 1.83
0.55 -0.13 0.80 -2.41 0.25 -2.96 1.26 -0.31 1.83 2.03 1.86 2.06 1.81
time out!
1.05 -0.11 1.10 -77.75 197.58 -30.19 2.37 -0.29 2.45 1.88 1.76 1.99 1.80
1.14 -0.17 0.58 -142.24 148.34 -19.17 2.57 -0.34 1.31 1.94 1.69 1.88 1.72
1.63 0.40 -0.09 -113.16 140.58 18.17 3.71 0.78 -0.18 1.93 1.65 1.75 1.71
1.40 -0.44 -0.50 -35.38 -174.17 84.79 3.06 -1.03 -1.17 1.84 1.61 1.65 1.68
0.52 -0.18 -1.25 7.82 -267.10 201.16 1.21 -0.34 -2.85 1.73 1.58 1.61 1.56
-0.22 0.02 -1.02 200.02 -286.72 82.24 -0.80 0.08 -2.26 1.69 1.56 1.74 1.55
-2.00 -0.30 2.00 111.92 -203.24 -165.83 -4.59 -0.73 4.59 1.74 1.72 1.87 1.76
-0.07 1.20 2.00 89.97 286.68 -83.94 -0.04 2.86 4.59 1.94 1.89 2.06 1.91
0.85 -0.56 0.93 58.74 3.54 35.13 1.92 -1.10 1.94 2.03 1.89 2.16 1.80
0.94 -0.25 0.88 72.62 -45.73 38.27 1.84 -0.27 2.03 1.98 1.91 2.11 1.80
0.64 -0.13 1.07 22.37 26.12 5.02 1.43 -0.34 2.47 1.99 1.88 2.11 1.79
0.57 -0.16 1.11 11.10 32.46 7.16 1.32 -0.39 2.53 2.03 1.84 2.10 1.76
0.66 -0.02 0.83 2.98 25.08 10.92 1.47 -0.03 1.95 2.00 1.84 2.08 1.79
0.60 -0.14 0.66 4.58 20.65 2.14 1.38 -0.33 1.49 2.06 1.88 2.06 1.79
0.49 -0.22 0.68 2.00 15.75 2.81 1.14 -0.50 1.54 2.00 1.85 2.09 1.80
0.47 -0.20 0.75 0.39 4.09 3.24 1.07 -0.44 1.73 2.03 1.87 2.11 1.79
0.54 -0.19 0.75 4.66 2.07 4.19 1.24 -0.46 1.71 2.06 1.87 2.05 1.80
0.54 -0.14 0.82 6.53 -6.48 3.47 1.26 -0.31 1.87 2.06 1.88 2.10 1.80
0.62 -0.13 0.81 3.26 -4.86 0.12 1.43 -0.28 1.90 2.01 1.85 2.12 1.74
0.61 -0.16 0.88 5.49 -1.42 -2.64 1.40 -0.37 2.01 2.06 1.84 2.11 1.79