-0.38 0.09 -0.85 -106.19 -286.72 -12.91 -0.99 0.15 -1.92 1.89 1.86 1.91 1.96
-0.50 -0.08 0.18 -49.18 -286.72 29.04 -1.04 -0.45 0.35 1.77 1.72 1.84 1.76
-1.01 0.88 2.00 -198.99 -286.72 153.28 -2.48 2.44 4.59 1.64 1.65 1.69 1.64
-0.72 0.61 1.88 17.47 -164.40 48.21 -1.65 1.20 4.08 1.68 1.61 1.71 1.51
-0.20 0.43 2.00 243.68 112.19 -11.24 -0.41 0.83 4.58 1.65 1.61 1.72 1.53
0.06 -0.13 1.42 98.27 24.82 -42.52 0.30 -0.30 3.21 1.66 1.58 1.70 1.56
0.12 0.09 1.36 -11.80 -7.74 5.33 0.24 0.21 3.13 1.64 1.58 1.66 1.55
0.09 0.17 1.15 -12.01 14.75 6.49 0.22 0.38 2.63 1.67 1.58 1.67 1.54
0.07 0.13 0.99 -1.43 15.28 -8.19 0.15 0.30 2.28 1.65 1.56 1.69 1.50
-0.02 0.02 0.98 0.38 5.35 -8.99 -0.04 0.02 2.25 1.67 1.56 1.71 1.55
0.01 0.04 0.96 -11.72 1.73 -1.46 0.02 0.09 2.21 1.65 1.59 1.66 1.54
0.03 0.09 1.00 4.93 0.37 -3.22 0.06 0.20 2.32 1.62 1.59 1.72 1.52
0.04 0.06 1.00 -6.19 0.59 -3.21 0.11 0.16 2.30 1.63 1.59 1.69 1.56
0.04 0.06 1.00 1.58 -1.07 -3.75 0.10 0.13 2.29 1.67 1.58 1.71 1.56
0.03 0.04 1.04 0.00 -1.58 -3.54 0.07 0.09 2.38 1.66 1.61 1.70 1.50
0.04 0.05 1.03 -0.95 1.54 -3.61 0.08 0.12 2.34 1.67 1.61 1.72 1.52
0.03 0.07 1.03 -3.86 -0.24 -1.99 0.06 0.15 2.35 1.64 1.60 1.68 1.57
0.04 0.06 1.00 -1.15 2.73 -3.03 0.11 0.14 2.29 1.68 1.59 1.72 1.56
0.04 0.05 1.02 -3.69 -0.89 -1.34 0.08 0.13 2.33 1.69 1.58 1.72 1.54
0.03 0.03 1.02 -6.31 2.97 -3.15 0.07 0.09 2.35 1.69 1.61 1.72 1.54
time
-1.36 0.55 1.93 -32.44 -215.74 63.95 -3.14 1.43 4.30 1.63 1.57 1.64 1.50
-1.02 0.69 1.80 165.22 233.65 -0.54 -1.97 1.62 4.14 1.59 1.58 1.68 1.48
-0.10 0.33 1.69 149.27 97.94 -36.56 -0.14 0.65 3.81 1.61 1.55 1.67 1.54
0.10 0.07 1.32 16.57 23.94 -9.18 0.19 0.24 3.00 1.63 1.57 1.65 1.49
-0.02 0.11 1.26 25.16 -17.46 -3.87 -0.03 0.23 2.91 1.59 1.60 1.63 1.53
-0.02 0.23 1.13 -25.48 19.69 -1.77 -0.04 0.55 2.56 1.65 1.59 1.67 1.55
-0.06 0.15 1.00 8.68 -1.51 -8.41 -0.15 0.32 2.33 1.65 1.59 1.68 1.53
-0.09 0.09 0.94 -18.15 11.35 -3.81 -0.20 0.21 2.14 1.66 1.56 1.68 1.54
-0.09 0.08 0.93 1.06 -6.97 -3.49 -0.22 0.19 2.14 1.67 1.55 1.68 1.54
-0.08 0.11 0.96 -5.74 0.72 -2.18 -0.18 0.28 2.22 1.66 1.60 1.70 1.56
-0.08 0.10 1.00 -5.03 -4.30 -2.47 -0.18 0.22 2.29 1.60 1.58 1.69 1.56
-0.05 0.15 1.00 5.50 -3.39 -4.39 -0.12 0.33 2.28 1.61 1.56 1.69 1.56
-0.09 0.10 1.04 -3.33 0.62 -4.99 -0.20 0.22 2.38 1.61 1.61 1.64 1.59
-0.05 0.12 1.00 -0.31 1.50 -4.91 -0.11 0.27 2.29 1.65 1.56 1.68 1.51
-0.08 0.09 1.04 -2.62 2.56 -3.24 -0.18 0.20 2.39 1.65 1.58 1.66 1.55
-0.05 0.15 0.99 -7.08 -1.45 -2.09 -0.12 0.32 2.27 1.66 1.56 1.69 1.52
-0.07 0.11 1.01 -6.27 3.68 -2.55 -0.17 0.26 2.30 1.68 1.57 1.67 1.59
-0.06 0.13 0.99 -2.33 2.38 -3.62 -0.14 0.29 2.28 1.66 1.57 1.70 1.56
-0.07 0.12 0.99 -4.15 1.58 -2.64 -0.15 0.28 2.29 1.62 1.61 1.71 1.53
-0.07 0.13 0.99 -4.69 -1.57 -1.84 -0.16 0.29 2.27 1.68 1.59 1.66 1.55