-0.17 -1.79 -0.46 63.78 -286.72 45.05 -0.44 -4.12 -1.09 1.95 1.64 1.62 1.62
-0.42 -1.27 0.60 67.24 -286.72 45.11 -0.80 -3.03 1.47 1.91 1.60 1.52 1.55
-0.12 -0.59 0.75 -116.77 -29.43 -40.58 -0.20 -1.18 1.61 1.94 1.63 1.58 1.62
-0.02 -1.03 0.49 64.38 -0.10 19.24 -0.04 -2.31 1.08 1.99 1.62 1.59 1.65
0.27 -0.84 0.06 -31.48 79.08 -22.88 0.65 -1.86 0.14 1.92 1.69 1.53 1.62
0.26 -1.01 -0.00 40.07 11.65 8.12 0.61 -2.34 0.01 2.01 1.65 1.52 1.62
0.29 -0.93 0.07 -21.82 11.69 -9.71 0.66 -2.12 0.19 1.99 1.64 1.60 1.59
0.24 -1.00 0.17 10.48 -4.97 5.21 0.54 -2.30 0.38 1.96 1.70 1.53 1.63
0.26 -0.96 0.16 -3.54 0.67 6.08 0.59 -2.19 0.36 1.91 1.66 1.52 1.58
0.25 -1.02 0.16 -0.26 4.72 -2.48 0.57 -2.33 0.37 1.89 1.73 1.61 1.59
0.26 -0.97 0.12 -8.20 -0.92 -0.63 0.60 -2.23 0.28 1.99 1.69 1.53 1.63
0.25 -1.00 0.16 -0.53 1.63 0.46 0.58 -2.30 0.36 1.96 1.69 1.53 1.62
0.27 -0.96 0.12 -5.24 -2.89 0.41 0.60 -2.19 0.28 1.91 1.69 1.55 1.59
0.25 -0.97 0.16 -0.39 1.49 -1.02 0.58 -2.24 0.36 1.95 1.73 1.54 1.62
0.25 -0.97 0.13 -0.43 0.93 -0.38 0.58 -2.21 0.29 1.97 1.73 1.60 1.65
0.26 -0.99 0.15 -1.03 5.04 -1.21 0.59 -2.27 0.33 1.92 1.73 1.59 1.63
0.25 -0.99 0.14 -2.38 2.76 -2.59 0.57 -2.27 0.33 1.89 1.72 1.60 1.59
0.26 -1.00 0.12 2.49 1.42 1.42 0.60 -2.30 0.28 1.92 1.72 1.58 1.62
0.24 -0.97 0.15 -6.47 1.98 -3.53 0.57 -2.24 0.34 1.89 1.74 1.61 1.58
0.27 -1.00 0.12 -2.52 -1.60 1.74 0.62 -2.30 0.27 1.91 1.69 1.62 1.62
time out!
-0.73 -1.53 -1.55 281.39 -286.72 69.00 -1.73 -3.27 -3.38 1.94 1.64 1.61 1.63
-0.53 -1.88 -0.07 255.33 -286.72 74.88 -1.12 -4.42 -0.01 1.90 1.65 1.55 1.59
-0.51 -0.84 1.10 43.13 -271.27 68.47 -1.27 -2.12 2.52 1.88 1.69 1.56 1.59
-0.19 -1.00 0.72 5.59 16.70 23.67 -0.41 -2.24 1.57 1.89 1.68 1.55 1.59
0.27 -1.01 0.19 63.81 31.57 34.92 0.77 -2.34 0.35 1.89 1.72 1.59 1.60
0.46 -0.90 -0.11 -9.82 42.19 -2.65 1.06 -2.05 -0.25 1.86 1.69 1.59 1.65
0.39 -0.92 0.08 2.20 -9.37 -13.59 0.89 -2.17 0.22 1.87 1.71 1.60 1.65
0.30 -0.94 0.15 -8.02 -5.83 -5.95 0.69 -2.16 0.36 1.92 1.71 1.60 1.63
0.32 -0.97 0.19 -2.97 2.58 -9.41 0.75 -2.24 0.45 1.85 1.69 1.60 1.65
0.32 -0.93 0.16 -3.63 -4.21 2.58 0.73 -2.16 0.36 1.82 1.67 1.57 1.64
0.34 -0.96 0.15 -0.14 4.52 2.05 0.78 -2.19 0.36 1.91 1.74 1.61 1.64
0.33 -0.93 0.15 -2.51 -1.44 -0.24 0.76 -2.13 0.35 1.91 1.73 1.62 1.64
0.35 -0.97 0.15 -2.18 5.21 -3.43 0.81 -2.20 0.35 1.90 1.68 1.56 1.69
0.36 -0.95 0.13 2.28 -7.93 4.48 0.81 -2.18 0.31 1.86 1.68 1.57 1.62
0.33 -0.97 0.18 -7.68 2.64 -7.45 0.76 -2.22 0.40 1.83 1.75 1.56 1.64
0.35 -0.94 0.13 4.72 -4.90 4.03 0.81 -2.17 0.29 1.88 1.72 1.55 1.62
0.33 -0.97 0.16 -1.66 1.75 -2.82 0.76 -2.22 0.38 1.84 1.72 1.58 1.65
0.35 -0.89 0.13 -3.78 0.71 0.29 0.81 -2.04 0.31 1.86 1.68 1.63 1.59
0.32 -0.96 0.17 -4.42 2.21 -4.47 0.74 -2.19 0.40 1.92 1.65 1.59 1.68
0.34 -0.94 0.13 2.55 3.08 -0.07 0.77 -2.16 0.30 1.83 1.73 1.64 1.60
