-1.02 -1.53 1.39 -159.38 235.00 -286.72 -2.34 -3.21 3.26 1.71 1.53 1.69 1.59
-0.21 -1.09 0.39 -225.19 286.68 -286.72 -0.47 -2.28 0.88 1.75 1.54 1.68 1.53
-0.25 -1.67 0.77 -53.76 286.68 -210.31 -0.42 -3.73 1.72 1.70 1.55 1.70 1.54
0.30 -0.96 0.19 -21.06 180.65 -24.25 0.68 -2.07 0.50 1.76 1.53 1.70 1.59
0.40 -0.82 0.57 10.18 43.56 -3.61 0.88 -2.06 1.30 1.76 1.54 1.69 1.59
0.43 -0.74 0.69 -1.26 23.17 8.69 0.95 -1.68 1.56 1.70 1.59 1.69 1.57
0.35 -0.73 0.70 16.99 1.60 5.84 0.76 -1.71 1.63 1.79 1.56 1.67 1.60
0.43 -0.73 0.62 4.21 9.21 7.38 1.00 -1.65 1.42 1.74 1.60 1.73 1.58
0.36 -0.68 0.67 10.06 5.87 2.98 0.82 -1.60 1.56 1.74 1.59 1.64 1.59
0.39 -0.65 0.65 -0.09 3.51 9.16 0.89 -1.50 1.45 1.79 1.55 1.69 1.62
0.34 -0.63 0.70 4.40 -3.78 -0.49 0.78 -1.45 1.61 1.72 1.61 1.72 1.56
0.37 -0.63 0.69 0.99 9.39 -0.99 0.88 -1.46 1.56 1.76 1.58 1.72 1.63
0.34 -0.66 0.66 10.24 -4.02 0.25 0.77 -1.52 1.53 1.79 1.62 1.68 1.60
0.37 -0.69 0.66 1.16 7.04 -2.55 0.86 -1.59 1.49 1.78 1.62 1.74 1.63
0.35 -0.66 0.65 0.19 -3.80 2.30 0.80 -1.51 1.49 1.73 1.61 1.69 1.64
0.38 -0.74 0.68 3.62 1.26 -4.20 0.83 -1.69 1.55 1.82 1.55 1.73 1.60
0.36 -0.68 0.66 -3.52 0.79 3.59 0.83 -1.57 1.51 1.78 1.56 1.74 1.61
0.37 -0.72 0.66 4.93 -0.46 0.07 0.85 -1.66 1.51 1.80 1.58 1.69 1.63
0.36 -0.70 0.66 -0.52 -1.98 4.29 0.83 -1.58 1.53 1.79 1.56 1.71 1.59
0.38 -0.69 0.67 3.46 2.90 0.43 0.88 -1.58 1.54 1.75 1.61 1.69 1.64
time out!
-0.95 -0.52 1.83 121.28 15.44 -286.72 -2.11 -1.11 4.05 1.73 1.53 1.68 1.55
-0.85 -1.00 1.18 46.74 286.68 -286.72 -1.82 -2.44 2.65 1.75 1.48 1.72 1.53
-0.37 -1.49 0.52 72.72 286.68 -286.72 -0.62 -3.72 1.24 1.78 1.52 1.71 1.58
-0.06 -1.45 0.12 3.26 212.60 -129.82 0.24 -3.78 0.69 1.76 1.60 1.74 1.61
0.15 -0.99 0.38 -3.95 79.97 -6.76 0.41 -2.20 0.93 1.78 1.60 1.76 1.60
0.24 -0.90 0.55 10.74 13.13 8.27 0.56 -2.06 1.26 1.78 1.54 1.74 1.61
0.25 -0.83 0.57 5.22 5.07 15.64 0.57 -1.97 1.31 1.77 1.55 1.74 1.60
0.28 -0.76 0.60 4.43 4.93 16.16 0.61 -1.75 1.39 1.73 1.58 1.77 1.55
0.23 -0.75 0.63 8.51 2.28 -0.26 0.53 -1.72 1.43 1.72 1.59 1.67 1.60
0.22 -0.79 0.64 -2.00 4.48 6.36 0.51 -1.81 1.46 1.75 1.62 1.72 1.58
0.25 -0.75 0.65 2.90 8.30 1.75 0.58 -1.73 1.49 1.72 1.60 1.76 1.56
0.27 -0.76 0.62 -1.88 2.14 7.74 0.63 -1.74 1.41 1.78 1.61 1.70 1.61
0.26 -0.74 0.63 1.74 6.16 -5.17 0.61 -1.71 1.43 1.80 1.54 1.72 1.64
0.25 -0.79 0.61 -4.56 5.33 2.67 0.56 -1.82 1.41 1.79 1.58 1.77 1.62
0.28 -0.76 0.60 -3.59 6.68 2.57 0.63 -1.74 1.39 1.80 1.60 1.69 1.62
0.26 -0.79 0.61 1.78 3.38 -5.93 0.59 -1.83 1.40 1.74 1.60 1.78 1.59
0.26 -0.81 0.60 -1.96 2.48 -0.74 0.59 -1.86 1.39 1.75 1.62 1.74 1.58
0.25 -0.80 0.61 1.84 -1.80 -0.20 0.57 -1.84 1.39 1.74 1.59 1.74 1.60
0.26 -0.80 0.64 -2.94 2.59 2.34 0.61 -1.85 1.48 1.79 1.58 1.75 1.62
0.29 -0.76 0.62 -9.80 7.39 9.46 0.66 -1.74 1.42 1.80 1.63 1.74 1.63