0.73 0.20 2.00 -10.63 147.52 33.67 1.74 0.55 4.59 2.14 2.27 2.38 2.23
0.68 -0.10 -0.19 6.54 181.02 1.37 1.59 -0.50 -0.64 2.10 2.36 2.26 2.27
0.75 0.09 -0.97 -5.95 24.51 25.11 1.79 0.19 -2.15 2.17 2.26 2.32 2.26
0.62 0.01 0.39 -4.40 5.96 -9.48 1.40 0.12 1.00 2.12 2.28 2.35 2.15
0.86 0.05 0.72 -12.82 68.29 -22.78 1.95 0.00 1.60 2.03 2.17 2.31 2.15
1.28 -0.15 0.20 -118.77 41.80 4.14 2.94 -0.49 0.40 1.98 2.04 2.15 2.10
0.85 -0.15 0.10 16.49 26.47 -15.13 1.82 -0.34 0.24 1.93 1.85 2.05 1.87
1.09 -0.04 0.19 -7.56 18.10 0.18 2.52 -0.09 0.45 1.92 1.76 1.87 1.81
0.98 -0.08 0.15 1.61 22.94 -15.48 2.25 -0.21 0.39 1.85 1.71 1.83 1.69
0.99 -0.14 0.19 -15.38 23.44 -7.72 2.28 -0.29 0.45 1.77 1.65 1.69 1.60
1.06 -0.09 0.11 -5.88 11.23 3.46 2.37 -0.29 0.28 1.75 1.62 1.68 1.63
0.94 -0.10 0.10 -2.20 12.91 -3.99 2.19 -0.23 0.21 1.67 1.72 1.59 1.60
1.04 -0.12 0.07 -8.17 8.23 3.27 2.36 -0.26 0.14 1.65 1.68 1.67 1.63
0.97 -0.08 0.05 -0.77 -2.49 -0.32 2.21 -0.21 0.11 1.67 1.69 1.56 1.65
0.99 -0.10 0.08 -7.11 -2.16 0.43 2.27 -0.21 0.18 1.64 1.73 1.59 1.61
0.97 -0.10 0.13 3.31 -8.37 -0.06 2.23 -0.22 0.29 1.59 1.73 1.62 1.60
1.01 -0.07 0.14 0.94 -4.71 2.54 2.32 -0.17 0.31 1.65 1.67 1.58 1.65
1.00 -0.07 0.12 -0.37 -3.58 2.59 2.28 -0.16 0.27 1.63 1.73 1.60 1.60
1.00 -0.06 0.12 1.37 -4.81 2.28 2.29 -0.16 0.28 1.60 1.73 1.64 1.62
1.01 -0.06 0.14 -0.24 -4.93 1.76 2.30 -0.14 0.32 1.63 1.70 1.62 1.62
time out!
1.02 -0.11 1.86 4.59 151.67 15.94 2.43 -0.29 4.08 2.10 2.25 2.37 2.13
0.63 -0.11 -0.25 0.36 153.15 13.63 1.41 -0.23 -0.65 2.11 2.25 2.37 2.21
0.65 -0.04 -0.84 -17.90 26.89 25.52 1.44 0.16 -1.90 2.06 2.31 2.40 2.17
0.82 -0.11 0.16 12.47 37.48 -23.52 1.90 -0.34 0.43 1.95 2.18 2.29 2.16
1.29 -0.24 0.50 -114.38 -35.15 -7.53 3.11 -0.70 1.05 1.88 1.98 2.06 1.99
0.97 -0.06 0.10 -14.14 0.36 -11.09 2.22 -0.07 0.23 1.80 1.71 1.85 1.71
1.07 -0.01 0.07 -1.33 35.36 0.76 2.43 -0.04 0.20 1.74 1.66 1.69 1.65
0.86 0.04 0.04 -6.07 31.05 2.17 1.87 0.06 0.11 1.72 1.67 1.64 1.61
0.91 -0.08 0.05 -3.05 30.59 -6.36 2.15 -0.15 0.16 1.67 1.62 1.67 1.55
0.98 -0.06 0.05 -10.54 20.07 -4.22 2.29 -0.12 0.09 1.63 1.67 1.63 1.63
1.02 -0.04 -0.01 -3.72 6.54 -2.02 2.33 -0.10 -0.00 1.66 1.68 1.66 1.64
0.98 -0.05 0.01 -5.64 -0.56 -4.31 2.24 -0.11 0.02 1.62 1.67 1.63 1.63
0.96 -0.08 0.02 -8.23 -9.00 0.60 2.20 -0.18 0.06 1.63 1.65 1.60 1.61
1.03 -0.03 0.04 -1.78 -4.06 1.15 2.36 -0.07 0.10 1.66 1.64 1.65 1.65
0.99 -0.05 0.03 1.34 -3.15 0.47 2.25 -0.10 0.07 1.67 1.67 1.67 1.62
0.97 -0.03 0.07 1.73 -6.38 0.42 2.23 -0.07 0.17 1.63 1.70 1.69 1.62
0.99 -0.03 0.08 -0.96 -2.85 -1.09 2.25 -0.07 0.19 1.65 1.66 1.62 1.59
1.00 -0.05 0.08 2.38 -3.62 -2.94 2.31 -0.11 0.18 1.67 1.73 1.70 1.65
0.98 -0.02 0.06 -2.62 -5.21 -4.10 2.26 -0.04 0.14 1.65 1.66 1.67 1.66
1.00 -0.05 0.09 0.36 -4.04 -1.55 2.30 -0.11 0.21 1.66 1.68 1.63 1.62